     1      22      24
    22       1      64
    24      23      16
    23      24      22
    22      62      23
   105      62      22
   105      64     132
    23      62      65
   106      62     105
   105     136     106
   105      22      64
    65      62     106
    16      25      27
    16      23      25
    27      26       8
    26      27      25
    25     101      26
    65     134     101
   134      65     106
   101     109      26
   135     109     101
   101     134     135
    65     101      25
    23      65      25
    66      26     109
   106     125     134
   132     176     136
   176     132     210
   136     178     125
   178     136     176
   176     208     178
   125     106     136
   241     208     176
   241     210     276
   208     242     178
   280     242     208
   242     283     235
   241     176     210
   178     242     211
   177     135     134
   177     125     211
   135     139     109
   173     139     135
   135     177     173
   134     125     177
   211     235     212
   211     125     178
   173     212     245
   173     177     212
   212     247     245
   212     177     211
   242     235     211
   139     173     179
   280     208     241
   136     105     132
    95     109     139
     8      66      28
     8      26      66
    30      28      60
    28      30       8
    66     107      28
   141      60     107
   107      60      28
    30      60      29
   141     137      60
   107      95     140
   107      66      95
   109      95      66
   108      60     137
    13      29      67
    29      13      30
    31      67      68
    67      31      13
    29     108      67
   100      68      67
   100     108     138
    68     142      74
   142      68     100
   100     181     142
   100      67     108
    29      60     108
    31      68       4
   138     108     137
   140     172     141
   172     140     179
   180     169     137
   180     141     172
   172     246     180
   140     141     107
   179     245     244
   140      95     139
   278     214     246
   246     172     244
   245     271     244
   244     172     179
   179     140     139
   180     246     214
   181     138     213
   138     137     169
   181     182     142
   205     182     181
   213     138     169
   138     181     100
   213     214     243
   214     213     169
   252     205     285
   243     205     213
   243     285     205
   205     252     182
   243     214     278
   213     205     181
   169     180     214
   182     252     217
   246     244     284
   137     141     180
   179     173     245
   142     182     130
   212     235     247
   281     280     241
   281     276     309
   283     280     306
   306     280     281
   281     344     306
   283     242     280
   309     373     344
   342     306     344
   375     342     344
   343     342     369
   344     281     309
   308     306     342
   283     308     282
   308     283     306
   282     310     247
   247     235     282
   282     308     304
   235     283     282
   304     343     345
   343     304     308
   371     345     376
   376     345     343
   376     343     369
   310     282     304
   308     342     343
   310     304     345
   375     344     373
   241     276     281
   456     427     459
   427     375     373
   426     427     456
   427     426     375
   427     428     459
   427     373     428
   459     476     508
   476     459     428
   537     482     507
   508     507     459
   476     542     508
   459     507     456
   456     507     482
   369     426     402
   426     369     375
   402     406     376
   458     423     402
   402     426     458
   402     376     369
   458     482     483
   458     426     456
   423     483     484
   503     483     482
   503     482     537
   458     483     423
   456     482     458
   509     483     503
   503     538     509
   375     369     342
   423     406     402
   311     271     346
   310     271     247
   313     284     311
   311     284     271
   271     310     346
   278     246     284
   346     371     377
   346     310     345
   404     405     338
   338     311     377
   404     338     377
   377     311     346
   371     346     345
   313     311     338
   278     313     312
   313     278     284
   285     312     335
   285     243     312
   313     347     312
   312     243     278
   347     405     378
   347     313     338
   382     335     378
   378     335     347
   405     419     378
   347     335     312
   338     405     347
   285     335     317
   377     371     403
   244     271     284
   406     429     403
   406     423     429
   403     422     404
   422     403     429
   429     485     422
   403     404     377
   484     509     499
   429     423     484
   485     499     510
   499     485     484
   499     509     560
   484     485     429
   376     406     371
   422     485     486
   430     419     405
   404     422     430
   378     419     431
   460     461     419
   419     430     460
   430     405     404
   486     510     501
   430     422     486
   460     501     511
   501     460     486
   541     505     511
   460     511     461
   511     501     561
   486     460     430
   485     510     486
   461     511     505
   510     499     558
   403     371     406
   509     484     483
   285     317     252
   559     501     510
   245     247     271
   461     431     419
     4      72      33
    72       4      74
    73      12      33
    33      72      73
    99      73      72
   144      72      74
    73     110      12
   145     110      73
    69     110     143
   144      99      72
    68      74       4
    12     110      69
    32      70       6
    70      32      69
    71      36       6
     6      70      71
   111      70      97
   143      97      69
    76      36      71
    71      70     111
   111      97     185
    97      70      69
    32      12      69
   111     128      71
    99     145      73
   184     144     183
   130     144      74
   216     145     184
   145      99     184
   144     130     183
   168     110     145
   183     217     248
   217     183     130
   250     216     203
   248     203     183
   217     274     248
   183     203     184
   182     217     130
   216     184     203
   185     143     215
   143     110     168
   186     111     185
   239     186     185
   215     143     168
   185      97     143
   251     215     168
   250     251     216
   215     239     185
   289     239     215
   253     239     290
   251     168     216
   168     145     216
   186     239     253
   251     289     215
    99     144     184
   142     130      74
   186     128     111
    10      37      58
    34      35      93
    10      77      35
    58      77      10
   147      77      58
    77      93      35
   146      93      77
   149      75      93
    58      37      76
    37      36      76
    34      93      75
    38      19     113
    43      18     114
    38     112      18
   112      38     113
   149     113      75
   148      18     112
   148     114      18
   112     113     200
   113      19      75
    19      34      75
    79      43     114
   150      58      76
   128     219     150
   128     186     219
   147      58     150
   218     147     150
   150     219     218
   146      77     147
   249     218     269
   219     269     218
   221     202     287
   249     202     218
   269     219     253
   218     202     147
   186     253     219
   147     202     146
   112     200     220
    93     146     221
   148     187     114
   237     187     148
    93     221     149
   113     149     200
   221     200     149
   200     221     286
   237     259     187
   220     200     314
   259     237     353
   148     220     237
   220     348     237
   148     112     220
   146     202     221
   127     114     187
   202     249     287
   128     150      76
    76      71     128
   259     223     187
   203     248     288
   315     274     349
   274     217     252
   288     315     334
   288     248     315
   274     317     349
   288     250     203
   379     349     399
   382     349     317
   380     316     334
   334     315     379
   349     382     399
   379     315     349
   335     382     317
   288     334     316
   302     289     251
   302     250     316
   318     253     290
   350     290     289
   289     302     350
   239     289     290
   381     350     302
   380     381     316
   350     333     290
   407     333     350
   407     350     381
   381     302     316
   250     288     316
   290     333     318
   380     334     379
   248     274     315
   463     399     462
   433     379     399
   464     433     463
   463     433     399
   399     431     462
   433     380     379
   462     505     487
   462     431     461
   540     516     479
   479     463     487
   540     479     487
   487     463     462
   461     505     462
   464     463     479
   418     407     381
   380     433     418
   407     408     333
   432     408     407
   407     418     432
   418     381     380
   464     516     488
   516     464     479
   432     488     512
   432     418     488
   532     512     488
   408     432     452
   489     512     545
   488     418     464
   433     464     418
   452     432     512
   539     487     505
   399     382     431
   378     431     382
   333     408     384
   319     269     351
   269     253     318
   287     319     332
   287     249     319
   269     318     351
   249     269     319
   383     351     397
   384     351     318
   332     383     409
   332     319     383
   383     434     409
   383     319     351
   333     384     318
   287     332     286
   348     220     314
   348     314     367
   237     348     385
   237     385     353
   314     286     352
   314     200     286
   367     352     437
   352     286     332
   367     436     348
   436     385     348
   437     352     409
   367     314     352
   332     409     352
   353     385     438
   397     351     384
   287     286     221
   465     397     435
   435     397     384
   478     409     434
   465     434     397
   435     452     489
   384     408     435
   489     529     465
   545     529     489
   465     513     434
   513     465     529
   478     513     543
   489     465     435
   452     512     489
   434     513     478
   453     436     514
   367     437     466
   438     453     517
   438     385     453
   367     466     436
   385     436     453
   515     466     437
   543     515     478
   453     544     517
   531     514     466
   515     531     466
   514     436     466
   453     514     544
   515     437     478
   409     478     437
   438     398     353
   529     565     513
   397     434     383
   452     435     408
   273     259     353
   516     532     488
   251     250     302
   252     317     274
   517     490     438
   535     507     508
   562     535     508
   562     542     574
   535     563     537
   537     507     535
   535     562     582
   508     542     562
   574     628     604
   582     604     620
   582     562     604
   604     653     620
   604     562     574
   563     535     582
   538     563     578
   563     538     537
   583     560     578
   578     560     538
   563     605     578
   560     509     538
   605     620     630
   605     563     582
   650     606     630
   630     606     605
   630     620     673
   605     606     578
   582     620     605
   606     583     578
   654     604     628
   560     558     499
   645     691     654
   691     645     714
   654     688     653
   688     654     691
   691     732     688
   645     654     628
   714     730     732
   688     732     731
   762     732     730
   730     785     762
   714     732     691
   764     731     732
   653     690     673
   653     688     690
   673     675     630
   712     675     673
   673     690     712
   653     673     620
   733     712     690
   733     731     758
   675     712     715
   752     712     733
   733     758     752
   733     690     731
   688     731     690
   675     650     630
   752     783     765
   654     653     604
   752     715     712
   559     558     577
   583     558     560
   584     561     559
   501     559     561
   577     558     583
   561     541     511
   577     629     632
   629     577     583
   584     632     631
   632     584     577
   629     655     632
   577     584     559
   606     629     583
   561     584     576
   541     585     539
   585     541     576
   539     555     540
   555     539     585
   585     608     555
   505     541     539
   576     631     633
   576     541     561
   608     633     649
   608     585     633
   631     674     633
   633     585     576
   584     631     576
   607     555     608
   632     671     631
   558     559     510
   650     694     655
   650     675     694
   671     632     655
   692     671     655
   655     694     692
   674     631     671
   715     765     726
   765     715     752
   692     726     734
   692     694     726
   726     767     734
   726     694     715
   675     715     694
   671     692     693
   698     649     695
   649     656     608
   676     656     698
   698     656     649
   649     674     695
   633     674     649
   693     734     724
   693     674     671
   695     724     736
   724     695     693
   768     736     724
   695     736     698
   724     734     766
   693     695     674
   692     734     693
   723     698     736
   765     767     726
   629     650     655
   606     650     629
   607     608     656
   732     762     764
   539     540     487
   785     822     808
   807     764     808
   764     762     808
   822     828     808
   808     762     785
   854     878     867
   807     808     828
   867     828     854
   867     893     884
   854     828     822
   852     828     867
   758     807     786
   807     758     764
   783     752     786
   824     783     786
   786     807     824
   809     765     783
   852     884     866
   884     852     867
   783     824     832
   866     824     852
   884     894     866
   852     824     807
   807     828     852
   866     832     824
   867     878     893
   764     758     731
   903     933     923
   921     893     923
   923     893     903
   923     933     949
   903     893     878
   949     948     976
  1006    1001    1046
  1005    1001     976
   933     948     949
  1001     988     976
   935     921     950
   949     921     923
   863     866     894
   935     894     921
   921     949     950
   894     884     921
   988    1006     984
  1006     988    1001
   988     984     950
   984    1006    1007
   951     950     984
   935     950     951
  1007    1006    1049
   988     950     949
   949     976     988
  1009     984    1007
  1038    1009    1007
   921     884     893
   904     894     935
   804     809     831
   767     765     809
   767     804     766
   804     767     809
   809     832     831
   809     783     832
   831     863     868
   863     831     832
   829     868     882
   868     829     831
   863     904     868
   831     829     804
   866     863     832
   804     829     810
   766     810     768
   766     804     810
   736     768     770
   799     768     810
   810     830     799
   768     724     766
   830     882     885
   830     810     829
   860     835     885
   885     835     830
   882     906     885
   830     835     799
   882     830     829
   770     768     799
   868     905     882
   766     734     767
   935     928     904
   904     863     894
   936     905     928
   928     905     904
   951     966     928
   905     906     882
   989    1009    1008
   989     951     984
   936     928     966
   989     983     966
  1008    1009    1043
   989     966     951
   984    1009     989
  1008     983     989
   906     936     931
   936     906     905
   937     907     931
   931     907     906
   936     965     931
   907     885     906
   965     983     990
   965     936     966
   982     964     990
   990     964     965
  1010     990     983
  1011     990    1010
   983    1008    1010
   965     964     931
   966     983     965
   860     885     907
  1034    1011    1010
   868     904     905
   928     935     951
   799     835     811
  1051    1010    1008
   752     758     786
   931     964     937
   564     532     516
   586     564     607
   609     532     586
   586     532     564
   540     555     564
   532     545     512
   623     657     586
   607     656     623
   657     609     586
   696     647     657
   657     623     676
   586     607     623
   607     564     555
   647     609     657
   589     587     624
   587     545     532
   589     565     529
   589     545     587
   587     609     634
   587     532     609
   678     624     677
   634     624     587
   659     610     678
   678     610     624
   677     624     634
   624     610     589
   609     647     634
   589     610     565
   634     647     697
   529     545     589
   676     723     696
   676     698     723
   696     735     697
   735     696     723
   723     769     735
   696     697     647
   770     811     769
   770     799     811
   735     769     772
   801     769     811
   801     833     812
   770     769     723
   656     676     623
   772     769     801
   697     722     677
   697     735     722
   677     716     678
   716     677     722
   722     771     716
   677     634     697
   772     812     771
   812     772     801
   797     789     753
   753     716     771
   797     753     771
   771     722     772
   735     772     722
   678     716     685
   801     811     834
   657     676     696
   723     736     770
   753     685     716
   588     543     602
   543     513     565
   531     588     611
   531     515     588
   543     565     602
   590     514     531
   602     659     635
   602     565     610
   658     611     669
   611     588     635
   611     635     669
   635     588     602
   659     602     610
   531     611     590
   591     544     622
   544     514     590
   557     591     636
   557     517     591
   544     590     622
   591     517     544
   660     622     700
   658     622     590
   636     660     686
   636     591     660
   700     622     658
   660     591     622
   590     611     658
   557     636     593
   699     635     659
   515     543     588
   737     699     738
   685     699     659
   754     669     737
   737     669     699
   699     685     738
   699     669     635
   738     789     760
   738     685     753
   788     737     760
   813     788     760
   760     789     813
   760     737     738
   753     789     738
   754     737     788
   739     700     750
   700     658     717
   686     739     773
   686     660     739
   700     717     750
   660     700     739
   787     750     717
   802     787     754
   790     773     739
   825     790     750
   773     790     821
   739     750     790
   825     750     787
   717     754     787
   717     669     754
   686     773     740
   802     754     788
   658     669     717
   678     685     659
   636     686     661
   812     797     771
   540     564     516
   834     869     833
   869     834     860
   833     861     836
   861     833     869
   869     909     861
   836     812     833
   908     909     869
   860     907     908
   909     927     938
   927     909     908
   908     937     927
   908     869     860
   811     835     834
   861     909     895
   797     836     870
   797     812     836
   837     870     887
   870     837     797
   836     895     870
   837     813     789
   895     938     919
   895     836     861
   924     887     919
   887     870     919
   938     953     919
   919     870     895
   909     938     895
   837     887     850
   927     952     938
   833     801     834
   964     967     937
   964     982     967
   967     952     927
   991     967     982
   982    1014     991
   952     967     991
  1011    1053    1014
  1034    1053    1011
   991    1014    1012
  1042    1014    1053
  1042    1072    1052
  1011    1014     982
   907     937     908
  1012    1014    1042
   992     953     979
   953     938     952
   978     954     992
   992     954     953
   953     952     979
   954     919     953
   979    1012    1013
   979     952     991
  1013    1052    1036
  1052    1013    1012
  1070    1054    1036
   992    1013    1015
  1012    1042    1052
   979    1013     992
   991    1012     979
  1036    1015    1013
  1073    1036    1052
   937     967     927
   860     834     835
   924     919     954
   813     850     838
   850     813     837
   802     838     871
   802     788     838
   850     886     838
   788     813     838
   886     924     901
   886     850     887
   871     901     896
   901     871     886
   896     901     946
   886     871     838
   924     886     887
   802     871     855
   856     825     880
   825     787     855
   821     856     888
   821     790     856
   825     855     880
   790     825     856
   910     880     939
   896     880     855
   888     910     945
   888     856     910
   939     880     896
   910     856     880
   855     871     896
   821     888     858
   901     924     955
   787     802     855
   955     978     993
   924     954     955
   974     946     993
   993     946     955
   978    1016     993
   946     939     896
  1015    1054    1016
  1054    1015    1036
   993    1016    1017
  1040    1016    1054
  1040    1077    1055
  1015    1016     978
   978     955     954
  1040    1017    1016
   939     974     968
   939     946     974
   945     968    1000
   945     910     968
   974    1002     968
   968     910     939
  1017    1055    1002
  1055    1017    1040
  1000    1002    1031
  1000     968    1002
  1031    1002    1055
  1000    1031    1003
  1071    1040    1054
  1002     974    1017
   993    1017     974
   945    1000     969
  1055    1076    1031
   946     901     955
  1015     978     992
   888     945     911
  1078    1056    1031
   789     797     837
   982     990    1011
   773     821     791
  1005    1048    1001
   538     503     537
   490     517     557
    42       3      79
   115      39     116
    42     117      20
    20     116      39
   117      79     127
    21     115      78
    21      39     115
    20     117     152
   117      42      79
    43      79       3
    40      41      94
    44      11      59
    40      80      11
    94      80      40
   151      94      78
    59      11      80
   154      59      80
    80      94     153
    41      78      94
    41      21      78
    81      44      59
    78     115     151
   188     152     117
   188     127     223
   222     116     152
   116      20     152
   222     152     238
   117     127     188
   152     188     238
   254     223     273
   292     224     201
   201     116     222
   201     222     320
   188     223     254
   187     223     127
   201     151     115
   154      80     153
    94     224     153
   155     154     225
    59     154     155
   153     204     154
   224      94     151
   204     225     154
   255     204     291
   270     226     225
   255     225     204
   291     204     224
   204     153     224
   151     201     224
   155     225     226
   270     225     255
   201     115     116
   114     127      79
    81      59     155
    83       7      84
    82      46      83
    83      46       7
     7      45      84
   118      84     129
    81      84      45
    82      98     156
    98      83     118
    84      81     129
   118      83      84
    45      44      81
    82      83      98
    14      85      47
    85      14     119
    47      86       5
    86      47      85
    85     102      86
    85     157     102
   156     119      82
   102     158      86
   119     157      85
   102     190     158
   119      14      82
    14      46      82
    89      86     158
    98     118     189
   192     189     118
   192     129     226
   156     189     227
   156      98     189
   192     240     189
   118     129     192
   258     240     192
   270     258     226
   257     227     294
   227     189     240
   227     240     294
   192     226     258
    81     155     129
   156     227     170
   190     157     228
   157     119     170
   191     158     190
   206     191     190
   228     157     170
   190     102     157
   206     228     256
   257     228     170
   191     260     229
   191     206     260
   293     260     206
   229     260     275
   257     256     228
   206     190     228
   170     227     257
   158     191     131
   258     295     240
   170     119     156
   155     226     129
   229     131     191
   254     238     188
   354     238     386
   357     254     273
   320     354     368
   320     222     354
   254     357     238
   320     292     201
   386     357     441
   358     357     273
   439     368     354
   439     354     386
   357     358     398
   386     238     357
   223     259     273
   320     368     355
   321     291     336
   291     224     292
   270     321     356
   270     255     321
   291     292     336
   258     270     322
   387     336     410
   355     336     292
   356     387     400
   356     321     387
   410     336     355
   387     321     336
   292     320     355
   322     270     356
   355     368     440
   291     321     255
   454     386     441
   441     398     490
   440     410     355
   440     368     467
   386     454     439
   368     439     467
   520     454     546
   441     519     454
   440     467     518
   467     439     520
   519     441     490
   520     439     454
   398     438     490
   533     518     467
   443     400     387
   443     410     480
   356     400     388
   468     442     400
   400     443     468
   443     387     410
   523     480     547
   480     410     440
   442     468     491
   468     443     523
   492     522     534
   523     443     480
   440     518     480
   530     491     468
   518     547     480
   357     398     441
   358     353     398
   442     388     400
   359     294     295
   294     240     295
   303     256     257
   359     303     294
   295     322     337
   258     322     295
   412     359     337
   337     359     295
   359     390     303
   412     390     359
   391     323     390
   337     322     388
   322     356     388
   303     390     323
   324     260     293
   324     293     339
   275     324     360
   275     260     324
   293     256     323
   293     206     256
   389     324     339
   339     323     391
   360     389     401
   360     324     389
   339     391     389
   339     293     323
   256     303     323
   325     275     360
   411     337     388
   257     294     303
   411     444     412
   444     411     455
   420     391     390
   420     412     444
   444     492     420
   411     412     337
   455     491     522
   411     388     442
   521     469     492
   492     444     522
   522     491     548
   522     444     455
   455     411     442
   420     492     469
   445     401     389
   391     420     445
   401     470     471
   470     401     445
   445     469     470
   445     389     391
   498     470     481
   521     481     469
   471     498     506
   471     470     498
   550     498     481
   401     471     446
   498     549     506
   481     470     469
   420     469     445
   401     392     360
   526     506     551
   420     390     412
   442     491     455
   229     275     267
   530     468     523
   354     222     238
   353     358     273
   471     506     472
     5      87      48
    87       5      89
    15      48      88
    88      48      87
    87     103      88
   159     103      87
   159      89     131
   160     161     120
   120      88     103
   160     120     103
    87      89     159
    86      89       5
    50      88     120
    15      50      49
    15      88      50
    49      51       9
    61      51      49
    49      50      61
   121      61     162
    61      50     120
   121      90      51
   163      96     121
   162      61     161
   121      51      61
   161      61     120
    90     121      96
   103     159     195
   195     160     103
   159     196     195
   193     161     171
   231     171     160
   160     195     231
   159     131     196
   207     231     195
   207     196     267
   231     230     171
   266     230     231
   230     279     261
   207     195     196
   229     196     131
   171     230     193
   162     193     174
   162     161     193
   163     174     194
   174     163     162
   193     261     174
   162     163     121
   264     194     174
   297     264     261
   163     194     164
   265     194     264
   234     265     268
   264     174     261
   193     230     261
   163     164      96
   207     266     231
   171     161     160
   158     131      89
   175     194     265
     9      57      56
    57       9      90
    56      53      17
    53      56      57
    57     104      53
   123     104      57
    90      96     123
    91     124      63
    91      53     104
   166      91     104
    57      90     123
     9      51      90
    53      91      52
    17      52      55
    17      53      52
    54       2      55
    55      52      54
    54      63     122
    63      54      52
    92     122     133
   122      92      54
   122      63     124
    54      92       2
    91      63      52
   104     123     165
   197     166     165
   164     165     123
   166     126     124
   197     126     166
   165     164     175
   165     166     104
   175     234     197
   234     175     265
   197     232     126
   232     197     234
   232     236     262
   175     197     165
   164     194     175
   126     232     198
   167     133     122
   199     167     198
   133     199     233
   199     133     167
   124     126     167
   167     122     124
   198     262     209
   167     126     198
   199     263     233
   199     209     263
   301     263     209
   233     263     277
   301     209     262
   209     199     198
   232     262     198
   236     232     234
   166     124      91
    96     164     123
   272     265     264
   296     266     207
   296     267     325
   279     297     261
   326     279     266
   266     296     326
   296     207     267
   340     326     296
   340     325     392
   279     326     328
   361     326     340
   340     393     361
   340     296     325
   229     267     196
   328     326     361
   297     328     327
   328     297     279
   272     327     362
   327     272     297
   328     341     327
   297     272     264
   394     362     327
   372     394     415
   272     362     329
   372     362     394
   414     394     341
   394     327     341
   328     361     341
   372     363     362
   341     361     413
   265     272     268
   392     446     393
   446     392     401
   413     361     393
   421     413     393
   393     446     421
   413     414     341
   472     526     473
   526     472     506
   413     421     447
   473     421     472
   473     502     493
   472     421     446
   446     471     472
   447     421     473
   415     414     424
   447     414     413
   416     372     415
   448     416     415
   424     414     447
   394     414     415
   424     493     496
   493     424     447
   448     496     497
   496     448     424
   497     528     495
   416     448     425
   496     493     527
   424     448     415
   447     473     493
   425     448     497
   500     497     496
   392     393     340
   275     325     267
   395     372     416
   268     329     298
   329     268     272
   299     236     298
   298     236     268
   329     305     298
   236     234     268
   305     363     365
   363     305     329
   330     365     366
   365     330     305
   363     395     365
   305     330     298
   362     363     329
   299     298     330
   300     301     307
   301     262     299
   277     300     331
   277     263     300
   301     299     307
   263     301     300
   307     366     364
   307     299     330
   331     364     374
   331     300     364
   366     396     364
   364     300     307
   330     366     307
   365     370     366
   262     236     299
   416     417     395
   395     363     372
   449     370     417
   417     370     395
   425     474     417
   370     396     366
   495     504     494
   495     425     497
   449     417     474
   494     474     495
   494     554     525
   495     474     425
   495     528     504
   457     474     494
   396     449     450
   449     396     370
   374     450     451
   450     374     396
   449     457     450
   374     364     396
   457     525     475
   457     449     474
   451     475     477
   451     450     475
   524     477     475
   475     525     524
   475     450     457
   494     525     457
   494     504     554
   365     395     370
   417     416     425
   473     526     502
   230     266     279
   360     392     325
   533     467     520
   592     520     546
   592     546     625
   612     533     592
   533     520     592
   546     519     593
   594     518     533
   593     661     625
   519     557     593
   625     662     592
   701     662     625
   670     612     662
   593     625     546
   490     557     519
   612     592     662
   547     594     603
   547     518     594
   566     603     613
   603     566     547
   594     637     603
   566     530     523
   663     603     637
   670     637     612
   681     613     663
   613     603     663
   663     637     702
   637     594     612
   594     533     612
   566     613     595
   701     625     661
   566     523     547
   718     701     751
   740     701     661
   670     718     755
   670     662     718
   701     740     751
   718     662     701
   793     751     826
   791     751     740
   792     755     803
   755     718     793
   755     793     803
   793     718     751
   661     593     636
   670     755     741
   702     741     742
   741     702     670
   687     742     756
   742     687     702
   741     761     742
   702     687     663
   794     761     814
   792     761     741
   774     756     798
   756     742     794
   814     761     792
   794     742     761
   741     755     792
   681     663     687
   798     756     794
   670     702     637
   686     740     661
   719     687     756
   530     595     548
   595     613     626
   534     522     548
   596     534     548
   548     595     596
   492     534     521
   596     626     638
   626     596     595
   664     615     648
   638     615     596
   626     679     638
   596     615     534
   530     566     595
   534     615     597
   521     567     550
   521     534     567
   550     556     549
   556     550     567
   567     614     556
   549     498     550
   597     664     627
   664     597     615
   616     556     614
   627     614     597
   664     680     627
   597     614     567
   534     597     567
   665     614     627
   615     638     648
   491     530     548
   703     638     679
   703     679     725
   704     648     703
   648     638     703
   679     681     719
   679     626     681
   719     774     725
   774     719     756
   703     725     743
   775     725     774
   775     815     805
   719     725     679
   681     687     719
   775     743     725
   705     680     727
   665     627     680
   616     614     665
   705     665     680
   680     704     727
   664     704     680
   775     776     743
   776     775     805
   727     776     777
   776     727     743
   816     777     776
   705     727     744
   776     805     816
   743     727     704
   704     703     743
   777     744     727
   815     775     774
   664     648     704
   681     626     613
   651     665     705
   751     791     826
   550     481     521
   857     826     881
   858     826     791
   803     857     872
   803     793     857
   826     858     881
   857     793     826
   897     881     940
   911     881     858
   872     897     902
   872     857     897
   897     947     902
   897     857     881
   821     858     791
   803     872     840
   814     840     851
   814     792     840
   839     851     890
   851     839     814
   840     889     851
   839     798     794
   889     902     925
   889     840     872
   920     890     925
   925     890     889
   925     902     956
   889     890     851
   872     902     889
   873     839     890
   911     940     881
   794     814     839
   940     969     975
   969     940     911
   994     947     975
   975     947     940
   969    1003     975
   947     956     902
  1003    1056    1018
  1056    1003    1031
   994     975    1018
  1041    1018    1056
  1041    1080    1057
  1003    1018     975
   945     969     911
  1019    1018    1041
   956     994     980
   994     956     947
   957     980     995
   980     957     956
   994    1019     980
   957     925     956
  1019    1057    1020
  1057    1019    1041
  1021     995    1020
   995     980    1020
  1037    1020    1057
  1021    1020    1037
  1058    1037    1081
  1020     980    1019
   994    1018    1019
   920     925     957
  1057    1082    1037
   897     940     947
   888     911     858
   995     958     957
   798     873     841
   798     839     873
   842     815     841
   841     815     798
   873     898     841
   815     774     798
   914     898     941
   920     898     873
   842     841     862
   914     862     898
   914     929     913
   898     862     841
   890     920     873
   874     862     914
   844     816     805
   843     844     864
   777     816     800
   843     816     844
   844     842     874
   805     842     844
   874     913     864
   874     842     862
   843     864     891
   912     864     913
   912     913     942
   874     864     844
   914     913     874
   843     800     816
   920     941     898
   842     805     815
   958     981     959
   958     995     981
   941     959     929
   959     941     958
   959     981     996
   958     941     920
  1021    1058    1022
  1058    1021    1037
   996     981    1022
  1044    1022    1058
  1044    1058    1083
  1021    1022     981
   920     957     958
  1023    1022    1044
   929     970     942
   929     959     970
   912     942     932
   971     942     970
   970     985     971
   942     913     929
   996    1023     985
   996    1022    1023
  1023    1027     985
  1027    1023    1059
  1027    1059    1035
   971     985     998
  1044    1059    1023
   996     985     970
   959     996     970
   998     985    1027
  1056    1079    1041
   929     914     941
  1021     981     995
   932     942     971
  1084    1059    1044
   792     803     840
   791     740     773
   912     891     864
   549     598     551
   549     556     598
   568     526     551
   579     568     551
   551     598     579
   526     568     502
   642     579     598
   642     616     651
   579     599     568
   639     599     579
   580     599     640
   642     598     616
   556     616     598
   568     599     569
   527     500     496
   570     527     569
   571     500     570
   570     500     527
   527     502     569
   497     500     528
   580     600     570
   580     569     599
   617     600     641
   641     600     580
   641     580     640
   580     570     569
   502     568     569
   600     571     570
   639     579     642
   506     549     551
   651     709     683
   651     705     709
   672     639     683
   639     642     683
   709     707     683
   683     642     651
   728     707     709
   781     745     728
   672     683     707
   745     707     728
   729     745     780
   728     709     744
   616     665     651
   706     707     745
   640     672     666
   672     640     639
   652     666     708
   652     641     666
   672     706     666
   666     641     640
   706     729     708
   729     706     745
   652     708     682
   720     708     729
   720     779     757
   706     708     666
   672     707     706
   682     708     720
   720     729     779
   639     640     599
   744     709     705
   652     617     641
   528     571     552
   571     528     500
   554     552     573
   554     504     552
   571     581     552
   536     525     554
   581     617     618
   581     571     600
   573     618     601
   618     573     581
   601     618     621
   581     573     552
   617     581     600
   554     573     536
   536     572     524
   572     536     601
   524     553     477
   553     524     572
   572     575     553
   524     525     536
   619     575     572
   621     619     601
   644     575     619
   644     619     668
   619     572     601
   536     573     601
   643     618     617
   504     528     552
   643     682     684
   643     617     652
   667     621     684
   684     621     643
   682     713     684
   643     621     618
   713     757     748
   713     682     720
   710     748     747
   748     710     713
   748     759     747
   713     710     684
   682     643     652
   667     684     710
   711     668     689
   668     619     667
   646     711     721
   711     646     668
   668     667     689
   646     644     668
   689     747     746
   689     667     710
   721     746     749
   721     711     746
   763     749     746
   782     746     747
   746     711     689
   710     747     689
   759     748     757
   619     621     667
   757     713     720
   728     744     778
   527     493     502
   781     778     818
   778     744     777
   781     806     780
   818     806     781
   818     778     800
   780     745     781
   818     845     848
   845     818     800
   848     883     876
   883     848     845
   845     891     883
   818     848     806
   843     845     800
   806     848     847
   780     817     779
   780     806     817
   784     795     757
   784     779     817
   817     846     784
   779     729     780
   847     876     865
   817     806     847
   875     846     865
   865     846     847
   876     917     865
   847     846     817
   848     876     847
   827     784     846
   883     916     876
   781     728     778
   912     915     891
   843     891     845
   915     916     883
   943     915     932
   932     973     943
   916     915     943
  1027    1028     998
   932     915     912
   943     973     972
   998     986     973
  1028    1060    1025
   973     932     971
   973     971     998
  1028     986     998
   916     930     917
   916     943     930
   865     917     899
   930     944     917
   930     972     960
   917     876     916
   986    1025     997
  1025     986    1028
   986     997     972
   997    1025    1026
   960     997     987
   972     997     960
  1030    1026    1039
   930     943     972
   973     986     972
   987     997    1026
  1045    1026    1025
   883     891     915
   777     800     778
   944     930     960
   759     795     819
   759     757     795
   820     782     819
   819     782     759
   795     827     819
   782     763     746
   827     875     853
   827     795     784
   849     819     853
   892     853     875
   875     899     892
   827     853     819
   875     827     846
   877     853     892
   763     820     796
   820     763     782
   823     796     820
   820     849     823
   763     796     749
   849     877     859
   877     849     853
   879     859     877
   879     877     900
   849     859     823
   820     819     849
   877     892     900
   747     759     782
   899     944     922
   899     875     865
   962     922     961
   961     922     944
   960     961     944
   922     900     892
   987    1030    1024
   961     960     987
   999    1024    1004
  1024     999     987
  1004    1024    1047
   987     999     961
  1026    1030     987
   962     961     999
   900     926     918
   900     922     926
   934     918     926
   926     962     934
   900     918     879
   999     977     962
   977     999    1004
   977     963     962
  1029     977    1004
  1029    1004    1063
   962     963     934
   922     962     926
  1061    1024    1030
   922     892     899
   944     899     917
  1035    1060    1028
   779     784     757
  1028    1027    1035
  1059    1085    1035
   454     519     546
  1000    1003     969
  1053    1075    1042
  1032    1064    1048
  1048    1092    1046
  1092    1048    1064
  1064    1119    1092
  1032    1048    1005
  1132    1119    1131
  1131    1156    1132
  1172    1156    1178
  1092    1119    1105
  1156    1172    1132
  1046    1069    1049
  1046    1092    1069
  1049    1065    1038
  1065    1049    1069
  1069    1099    1065
  1049    1038    1007
  1105    1132    1133
  1069    1092    1105
  1134    1099    1133
  1133    1099    1105
  1133    1132    1170
  1105    1099    1069
  1119    1132    1105
  1066    1065    1099
  1132    1172    1170
  1006    1046    1049
  1194    1178    1202
  1223    1239    1245
  1239    1223    1202
  1194    1202    1223
  1268    1300    1284
  1245    1284    1285
  1284    1245    1268
  1285    1284    1318
  1268    1245    1239
  1223    1245    1237
  1194    1210    1170
  1224    1210    1237
  1133    1170    1158
  1210    1195    1170
  1194    1223    1210
  1170    1172    1194
  1237    1285    1270
  1210    1223    1237
  1224    1270    1246
  1301    1270    1285
  1301    1285    1312
  1237    1270    1224
  1245    1285    1237
  1298    1270    1301
  1284    1300    1316
  1194    1172    1178
  1195    1210    1224
  1038    1066    1050
  1038    1065    1066
  1043    1050    1066
  1043    1009    1050
  1043    1066    1067
  1009    1038    1050
  1106    1134    1121
  1106    1066    1099
  1121    1152    1159
  1152    1121    1134
  1134    1158    1152
  1067    1066    1106
  1106    1099    1134
  1100    1106    1121
  1051    1067    1068
  1067    1051    1043
  1051    1068    1034
  1100    1107    1068
  1068    1067    1100
  1074    1068    1107
  1121    1122    1100
  1100    1067    1106
  1122    1123    1107
  1154    1122    1159
  1154    1159    1180
  1122    1107    1100
  1159    1122    1121
  1154    1123    1122
  1159    1152    1179
  1051    1008    1043
  1158    1195    1181
  1134    1133    1158
  1225    1181    1221
  1221    1181    1195
  1224    1221    1195
  1181    1179    1152
  1246    1298    1286
  1221    1224    1246
  1247    1286    1282
  1286    1247    1246
  1286    1319    1282
  1246    1247    1221
  1270    1298    1246
  1225    1221    1247
  1179    1205    1180
  1205    1179    1225
  1154    1180    1182
  1211    1180    1205
  1205    1249    1211
  1180    1159    1179
  1247    1248    1225
  1248    1247    1282
  1249    1248    1287
  1249    1205    1248
  1287    1248    1282
  1250    1211    1249
  1287    1282    1321
  1248    1205    1225
  1179    1181    1225
  1287    1276    1249
  1298    1320    1286
  1152    1158    1181
  1170    1195    1158
  1211    1182    1180
  1298    1301    1339
  1034    1010    1051
  1316    1353    1354
  1353    1316    1300
  1355    1318    1354
  1354    1318    1316
  1353    1375    1354
  1316    1318    1284
  1375    1426    1389
  1435    1434    1386
  1386    1354    1389
  1435    1386    1389
  1389    1354    1375
  1355    1354    1386
  1312    1355    1356
  1355    1312    1318
  1339    1356    1373
  1356    1339    1312
  1355    1388    1356
  1339    1320    1298
  1388    1434    1415
  1388    1355    1386
  1414    1373    1415
  1415    1373    1388
  1434    1450    1415
  1388    1373    1356
  1386    1434    1388
  1376    1339    1373
  1389    1426    1435
  1301    1312    1339
  1459    1493    1477
  1434    1477    1450
  1477    1435    1459
  1493    1526    1477
  1459    1435    1426
  1550    1576    1526
  1576    1550    1596
  1477    1526    1501
  1546    1526    1576
  1546    1574    1548
  1550    1526    1493
  1546    1501    1526
  1450    1501    1478
  1501    1450    1477
  1479    1458    1478
  1478    1458    1450
  1501    1524    1478
  1458    1415    1450
  1524    1548    1549
  1524    1501    1546
  1497    1549    1525
  1549    1497    1524
  1549    1575    1525
  1524    1497    1478
  1546    1548    1524
  1458    1414    1415
  1551    1572    1552
  1434    1435    1477
  1497    1479    1478
  1320    1376    1349
  1320    1339    1376
  1357    1319    1349
  1349    1319    1320
  1376    1392    1349
  1319    1286    1320
  1436    1390    1392
  1414    1392    1376
  1357    1349    1390
  1436    1410    1390
  1392    1414    1431
  1392    1390    1349
  1373    1414    1376
  1391    1390    1410
  1321    1357    1350
  1357    1321    1319
  1358    1322    1350
  1350    1322    1321
  1357    1391    1350
  1321    1322    1287
  1391    1416    1393
  1391    1357    1390
  1358    1350    1393
  1430    1393    1416
  1430    1416    1461
  1391    1393    1350
  1410    1416    1391
  1322    1276    1287
  1416    1410    1460
  1321    1282    1319
  1431    1479    1462
  1431    1414    1458
  1463    1436    1462
  1462    1436    1431
  1479    1502    1462
  1431    1436    1392
  1502    1525    1527
  1502    1479    1497
  1496    1527    1528
  1527    1496    1502
  1525    1566    1527
  1502    1496    1462
  1497    1525    1502
  1463    1462    1496
  1463    1503    1460
  1463    1496    1503
  1461    1416    1460
  1495    1461    1460
  1460    1503    1495
  1460    1410    1463
  1529    1495    1503
  1529    1528    1568
  1495    1551    1504
  1551    1495    1529
  1504    1551    1552
  1495    1504    1461
  1528    1527    1577
  1529    1503    1528
  1496    1528    1503
  1430    1461    1480
  1551    1529    1578
  1410    1436    1463
  1458    1479    1431
  1480    1461    1504
  1569    1549    1548
  1285    1318    1312
  1430    1394    1393
  1074    1075    1053
  1034    1068    1074
  1108    1075    1097
  1097    1075    1074
  1107    1097    1074
  1075    1072    1042
  1154    1160    1123
  1107    1123    1097
  1150    1124    1160
  1160    1124    1123
  1150    1160    1184
  1123    1124    1097
  1160    1154    1182
  1108    1097    1124
  1072    1108    1098
  1108    1072    1075
  1109    1073    1098
  1098    1073    1072
  1108    1135    1098
  1073    1052    1072
  1135    1150    1161
  1135    1108    1124
  1168    1136    1161
  1161    1136    1135
  1161    1150    1183
  1135    1136    1098
  1124    1150    1135
  1136    1109    1098
  1184    1160    1182
  1073    1070    1036
  1226    1204    1251
  1204    1182    1211
  1184    1226    1183
  1226    1184    1204
  1204    1250    1251
  1204    1184    1182
  1288    1251    1250
  1326    1278    1288
  1226    1251    1252
  1278    1251    1288
  1289    1278    1324
  1288    1250    1276
  1211    1250    1204
  1252    1251    1278
  1183    1219    1196
  1183    1226    1219
  1168    1161    1196
  1253    1227    1196
  1196    1219    1253
  1183    1196    1161
  1252    1289    1253
  1289    1252    1278
  1253    1274    1227
  1274    1253    1289
  1274    1340    1302
  1252    1253    1219
  1226    1252    1219
  1227    1274    1254
  1274    1289    1325
  1184    1183    1150
  1250    1249    1276
  1227    1168    1196
  1070    1109    1095
  1109    1070    1073
  1110    1071    1095
  1095    1071    1070
  1109    1137    1095
  1071    1054    1070
  1137    1168    1173
  1137    1109    1136
  1138    1173    1176
  1173    1138    1137
  1173    1213    1176
  1137    1138    1095
  1136    1168    1137
  1110    1095    1138
  1077    1110    1117
  1110    1077    1071
  1076    1117    1125
  1117    1076    1077
  1110    1148    1117
  1055    1077    1076
  1162    1148    1197
  1148    1110    1138
  1125    1162    1185
  1125    1117    1162
  1148    1176    1197
  1162    1117    1148
  1138    1176    1148
  1094    1076    1125
  1173    1168    1212
  1077    1040    1071
  1212    1235    1213
  1235    1212    1254
  1213    1255    1228
  1255    1213    1235
  1235    1290    1255
  1228    1176    1213
  1254    1302    1290
  1212    1227    1254
  1290    1305    1255
  1314    1305    1290
  1290    1302    1314
  1254    1290    1235
  1168    1227    1212
  1255    1305    1279
  1206    1197    1241
  1197    1176    1228
  1185    1206    1240
  1185    1162    1206
  1197    1228    1241
  1162    1197    1206
  1271    1241    1304
  1279    1241    1228
  1240    1271    1303
  1240    1206    1271
  1337    1303    1271
  1267    1240    1303
  1279    1304    1241
  1271    1206    1241
  1228    1255    1279
  1214    1185    1240
  1279    1305    1341
  1173    1212    1213
  1274    1302    1254
  1147    1125    1185
  1288    1276    1323
  1076    1094    1031
  1323    1358    1345
  1323    1276    1322
  1359    1326    1345
  1345    1326    1323
  1358    1394    1345
  1326    1324    1278
  1394    1438    1417
  1438    1394    1430
  1437    1428    1395
  1395    1345    1417
  1437    1395    1417
  1417    1345    1394
  1358    1393    1394
  1359    1345    1395
  1324    1359    1346
  1359    1324    1326
  1325    1346    1377
  1346    1325    1324
  1359    1396    1346
  1274    1325    1340
  1418    1396    1464
  1396    1359    1395
  1419    1377    1418
  1377    1346    1418
  1396    1428    1464
  1418    1346    1396
  1395    1428    1396
  1325    1377    1340
  1417    1438    1452
  1325    1289    1324
  1480    1521    1483
  1480    1504    1521
  1505    1452    1483
  1452    1438    1483
  1521    1530    1483
  1452    1437    1417
  1553    1530    1521
  1579    1553    1598
  1505    1483    1530
  1579    1530    1553
  1608    1553    1552
  1553    1521    1552
  1480    1438    1430
  1542    1530    1579
  1481    1464    1428
  1481    1437    1505
  1464    1453    1418
  1506    1453    1464
  1464    1481    1506
  1481    1428    1437
  1542    1506    1481
  1542    1505    1530
  1506    1554    1507
  1554    1506    1542
  1507    1554    1540
  1506    1507    1453
  1554    1542    1580
  1542    1481    1505
  1437    1452    1505
  1419    1418    1453
  1554    1605    1540
  1438    1480    1483
  1322    1358    1323
  1482    1453    1507
  1360    1314    1302
  1360    1340    1383
  1362    1341    1305
  1362    1314    1360
  1360    1398    1362
  1302    1340    1360
  1398    1383    1440
  1383    1340    1377
  1411    1362    1398
  1465    1411    1398
  1441    1378    1411
  1398    1360    1383
  1419    1383    1377
  1362    1411    1341
  1337    1304    1378
  1304    1279    1341
  1361    1303    1337
  1397    1361    1337
  1378    1304    1341
  1303    1361    1327
  1439    1361    1397
  1441    1397    1378
  1384    1439    1466
  1384    1361    1439
  1439    1397    1454
  1397    1337    1378
  1341    1411    1378
  1271    1304    1337
  1419    1440    1383
  1314    1362    1305
  1440    1482    1475
  1482    1440    1419
  1465    1475    1508
  1475    1465    1440
  1482    1531    1475
  1484    1411    1465
  1556    1531    1584
  1531    1482    1507
  1543    1508    1583
  1508    1475    1556
  1583    1508    1556
  1556    1475    1531
  1419    1453    1482
  1465    1508    1484
  1454    1441    1510
  1441    1411    1484
  1466    1439    1509
  1439    1454    1509
  1510    1441    1484
  1454    1397    1441
  1555    1510    1582
  1543    1510    1484
  1523    1509    1581
  1509    1454    1555
  1555    1581    1509
  1509    1523    1466
  1582    1510    1543
  1555    1454    1510
  1484    1508    1543
  1466    1523    1511
  1531    1540    1584
  1465    1398    1440
  1531    1507    1540
  1384    1466    1442
  1579    1609    1542
  1288    1323    1326
  1504    1552    1521
  1384    1327    1361
  1574    1546    1576
  1046    1001    1048
  1624    1574    1576
  1624    1596    1651
  1602    1574    1619
  1619    1574    1624
  1624    1652    1619
  1624    1576    1596
  1652    1653    1619
  1706    1652    1703
  1653    1706    1698
  1706    1653    1652
  1652    1651    1703
  1652    1624    1651
  1625    1619    1653
  1602    1625    1606
  1602    1619    1625
  1575    1569    1606
  1606    1569    1602
  1625    1648    1606
  1569    1548    1602
  1682    1698    1707
  1682    1625    1653
  1707    1683    1682
  1682    1683    1648
  1707    1698    1740
  1682    1648    1625
  1698    1682    1653
  1607    1606    1648
  1698    1706    1739
  1602    1548    1574
  1703    1768    1738
  1765    1739    1738
  1739    1706    1738
  1738    1768    1808
  1739    1740    1698
  1807    1808    1839
  1797    1808    1768
  1739    1765    1770
  1807    1765    1808
  1806    1807    1832
  1808    1765    1738
  1806    1765    1807
  1740    1770    1764
  1770    1740    1739
  1741    1764    1769
  1764    1741    1740
  1770    1809    1764
  1741    1707    1740
  1833    1809    1828
  1809    1769    1764
  1769    1833    1793
  1833    1769    1809
  1828    1809    1806
  1809    1770    1806
  1770    1765    1806
  1702    1707    1741
  1839    1808    1797
  1703    1738    1706
  1742    1741    1769
  1575    1607    1566
  1575    1606    1607
  1566    1603    1577
  1603    1566    1607
  1607    1654    1603
  1575    1566    1525
  1654    1683    1684
  1654    1607    1648
  1655    1647    1686
  1684    1647    1654
  1683    1702    1684
  1654    1647    1603
  1683    1654    1648
  1603    1647    1604
  1577    1604    1568
  1577    1603    1604
  1572    1551    1578
  1626    1578    1568
  1568    1604    1626
  1568    1578    1529
  1626    1655    1643
  1655    1626    1604
  1656    1627    1643
  1643    1627    1626
  1643    1655    1685
  1626    1627    1578
  1647    1655    1604
  1578    1627    1572
  1686    1647    1684
  1528    1577    1568
  1708    1686    1684
  1708    1702    1742
  1686    1728    1685
  1728    1686    1708
  1708    1771    1728
  1708    1684    1702
  1742    1793    1771
  1742    1702    1741
  1728    1771    1772
  1810    1771    1793
  1793    1838    1810
  1742    1771    1708
  1683    1707    1702
  1772    1771    1810
  1685    1743    1709
  1685    1728    1743
  1710    1709    1729
  1729    1709    1743
  1743    1773    1729
  1685    1709    1643
  1772    1802    1773
  1802    1772    1810
  1729    1811    1774
  1729    1773    1811
  1835    1811    1773
  1774    1811    1836
  1773    1802    1835
  1773    1743    1772
  1728    1772    1743
  1656    1643    1709
  1810    1837    1802
  1686    1685    1655
  1793    1742    1769
  1774    1710    1729
  1834    1793    1833
  1569    1575    1549
  1864    1839    1902
  1875    1839    1797
  1832    1864    1903
  1832    1807    1864
  1839    1875    1902
  1832    1828    1806
  1902    1929    1935
  1929    1902    1875
  1903    1935    1927
  1935    1903    1902
  1927    1935    1983
  1902    1903    1864
  1832    1903    1876
  1828    1876    1872
  1828    1832    1876
  1872    1898    1834
  1904    1898    1872
  1872    1876    1904
  1872    1834    1833
  1937    1904    1936
  1927    1904    1876
  1938    1937    1984
  1938    1898    1937
  1936    1904    1927
  1937    1898    1904
  1903    1927    1876
  1898    1938    1905
  1935    1929    1982
  1807    1839    1864
  2001    1982    2037
  2007    1982    1929
  2008    1983    2001
  2001    1983    1982
  1982    2007    2037
  1982    1983    1935
  2037    2049    2070
  2049    2037    2007
  2038    2070    2058
  2070    2038    2037
  2037    2038    2001
  2008    2001    2038
  1936    2008    1974
  2008    1936    1983
  1984    1974    2040
  1984    1937    1974
  2008    2039    1974
  1974    1937    1936
  2039    2058    2071
  2039    2008    2038
  2040    2071    2054
  2071    2040    2039
  1984    2040    2009
  2039    2040    1974
  2038    2058    2039
  1938    1984    1971
  1983    1936    1927
  2054    2009    2040
  1837    1838    1899
  1810    1838    1837
  1874    1835    1802
  1906    1874    1837
  1905    1838    1834
  1874    1802    1837
  1905    1941    1899
  1941    1905    1938
  1899    1906    1837
  1939    1906    1899
  1894    1906    1940
  1905    1899    1838
  1834    1898    1905
  1874    1906    1894
  1835    1873    1865
  1835    1874    1873
  1836    1865    1908
  1836    1811    1865
  1873    1907    1865
  1811    1835    1865
  1942    1907    1873
  1940    1942    1894
  1908    1907    1943
  1908    1865    1907
  1942    1975    1907
  1873    1894    1942
  1874    1894    1873
  1877    1836    1908
  1939    1899    1941
  1793    1834    1838
  1985    1939    1941
  1985    1971    2009
  1942    1940    1986
  2002    1940    1939
  1939    1985    2002
  1985    1941    1971
  2041    2002    1985
  2009    2054    2041
  1940    2002    1986
  2072    2002    2041
  2054    2072    2041
  2041    1985    2009
  1971    1941    1938
  2042    2002    2072
  2011    1975    2010
  1943    1907    1975
  2012    1943    2011
  2011    1943    1975
  1975    1986    2010
  1942    1986    1975
  2042    2059    2010
  2059    2042    2072
  2073    2052    2011
  2073    2010    2059
  2073    2011    2010
  2042    2010    1986
  1986    2002    2042
  1908    1943    1930
  1940    1906    1939
  1984    2009    1971
  1774    1836    1798
  1872    1833    1828
  2012    2011    2052
  1572    1628    1608
  1572    1627    1628
  1598    1553    1608
  1629    1598    1608
  1608    1628    1629
  1630    1579    1598
  1677    1629    1628
  1677    1656    1710
  1598    1629    1630
  1658    1629    1677
  1644    1658    1712
  1677    1628    1656
  1627    1656    1628
  1630    1629    1658
  1657    1580    1609
  1609    1579    1630
  1631    1540    1605
  1618    1605    1580
  1609    1630    1644
  1580    1542    1609
  1688    1657    1687
  1644    1657    1609
  1605    1618    1660
  1688    1618    1657
  1687    1657    1644
  1657    1618    1580
  1630    1658    1644
  1688    1660    1618
  1658    1677    1711
  1580    1605    1554
  1744    1711    1677
  1710    1774    1744
  1730    1712    1711
  1712    1658    1711
  1711    1744    1776
  1713    1644    1712
  1812    1776    1845
  1798    1776    1744
  1712    1730    1775
  1812    1730    1776
  1776    1798    1845
  1776    1730    1711
  1798    1744    1774
  1775    1730    1812
  1713    1745    1687
  1745    1713    1762
  1688    1731    1714
  1731    1687    1745
  1745    1813    1731
  1687    1644    1713
  1745    1814    1813
  1840    1762    1775
  1794    1777    1841
  1777    1731    1813
  1814    1745    1762
  1713    1775    1762
  1713    1712    1775
  1731    1688    1687
  1777    1813    1841
  1710    1744    1677
  1709    1710    1656
  1777    1714    1731
  1599    1584    1659
  1540    1631    1584
  1661    1583    1599
  1583    1556    1599
  1584    1631    1659
  1584    1599    1556
  1678    1659    1631
  1678    1660    1714
  1659    1689    1599
  1715    1689    1659
  1659    1678    1715
  1678    1631    1660
  1605    1660    1631
  1661    1599    1689
  1555    1620    1581
  1543    1632    1582
  1581    1633    1523
  1663    1633    1581
  1662    1582    1632
  1555    1582    1620
  1662    1620    1582
  1661    1699    1632
  1620    1663    1581
  1716    1663    1620
  1716    1620    1662
  1699    1662    1632
  1583    1661    1632
  1633    1663    1679
  1746    1661    1689
  1583    1632    1543
  1750    1715    1678
  1714    1777    1750
  1732    1746    1689
  1780    1732    1715
  1715    1750    1780
  1689    1715    1732
  1816    1780    1844
  1794    1780    1750
  1862    1778    1815
  1815    1732    1816
  1844    1780    1794
  1816    1732    1780
  1777    1794    1750
  1732    1815    1746
  1662    1748    1716
  1699    1661    1746
  1663    1747    1679
  1663    1716    1747
  1699    1746    1778
  1662    1699    1748
  1804    1748    1847
  1778    1748    1699
  1799    1747    1842
  1747    1716    1804
  1842    1747    1804
  1679    1747    1779
  1847    1748    1778
  1804    1716    1748
  1746    1815    1778
  1779    1747    1799
  1815    1816    1882
  1678    1714    1750
  1660    1688    1714
  1633    1679    1664
  1775    1812    1840
  1572    1608    1552
  1866    1845    1912
  1877    1845    1798
  1866    1840    1812
  1909    1879    1866
  1912    1845    1877
  1840    1866    1879
  1909    1912    1944
  1930    1912    1877
  1909    1945    1879
  1976    1945    1909
  1944    1912    1930
  1912    1909    1866
  1836    1877    1798
  1879    1945    1895
  1846    1814    1762
  1840    1879    1846
  1830    1841    1813
  1878    1830    1814
  1814    1846    1878
  1846    1762    1840
  1911    1878    1946
  1895    1878    1846
  1910    1911    1987
  1910    1830    1911
  1946    1878    1895
  1911    1830    1878
  1879    1895    1846
  1830    1910    1841
  1895    1945    1988
  1866    1812    1845
  1976    1944    2013
  2012    1944    1930
  1945    1976    2015
  1988    1945    2015
  2013    1944    2012
  1895    1988    1946
  2013    2074    2015
  2013    2012    2052
  2015    2060    1988
  2060    2015    2074
  2013    2015    1976
  2052    2074    2013
  1988    2060    2014
  1977    1987    1911
  1977    1946    2014
  1931    1987    2017
  2016    2017    1987
  1987    1977    2016
  1977    1911    1946
  2014    2075    2016
  2075    2014    2060
  2055    2078    2017
  2055    2016    2075
  2055    2017    2016
  2014    2016    1977
  1946    1988    2014
  1987    1931    1910
  1976    1909    1944
  1908    1930    1877
  2018    2017    2078
  1880    1844    1794
  1794    1881    1880
  1867    1882    1816
  1867    1844    1880
  1880    1951    1867
  1841    1881    1794
  1881    1931    1947
  1881    1841    1910
  2003    1951    1947
  1951    1880    1947
  1949    1951    2020
  1947    1880    1881
  1910    1931    1881
  1867    1951    1949
  1862    1882    1950
  1847    1778    1862
  1804    1948    1913
  1804    1847    1948
  1948    1847    1989
  1815    1882    1862
  1862    1989    1847
  1949    1969    1882
  1913    1948    2019
  1842    1804    1913
  1990    1862    1950
  1969    1950    1882
  1882    1867    1949
  1914    1842    1913
  1931    2018    1947
  1816    1844    1867
  2020    2003    2061
  2020    1951    2003
  1969    2020    2077
  1969    1949    2020
  2003    2018    2076
  1950    1969    2021
  2076    2061    2003
  2077    2080    1969
  2061    2077    2020
  2018    2078    2076
  1969    2080    2021
  1948    2066    2019
  1989    1862    1990
  1991    2019    2081
  1991    1913    2019
  1989    1990    2079
  1948    1989    2066
  2068    2079    1990
  2068    2021    2080
  2066    1989    2079
  2081    2019    2066
  2021    2068    1990
  1950    2021    1990
  1991    2081    2051
  1947    2018    2003
  1931    2017    2018
  1799    1842    1914
  1814    1830    1813
  2012    1930    1943
  1991    1914    1913
  1577    1527    1566
  1523    1633    1585
  1118    1078    1126
  1078    1031    1094
  1111    1079    1118
  1118    1079    1078
  1078    1094    1126
  1041    1079    1080
  1163    1126    1186
  1147    1126    1094
  1177    1139    1149
  1149    1118    1163
  1126    1147    1186
  1163    1118    1126
  1147    1185    1214
  1111    1118    1149
  1080    1096    1082
  1096    1080    1111
  1082    1112    1081
  1112    1082    1096
  1096    1140    1112
  1082    1081    1037
  1139    1140    1096
  1111    1149    1139
  1169    1140    1174
  1174    1140    1139
  1139    1177    1174
  1139    1096    1111
  1080    1079    1111
  1142    1112    1140
  1149    1163    1198
  1082    1057    1080
  1207    1186    1242
  1214    1186    1147
  1198    1207    1243
  1198    1163    1207
  1186    1214    1242
  1198    1177    1149
  1272    1242    1306
  1267    1242    1214
  1280    1243    1307
  1243    1207    1272
  1243    1272    1307
  1272    1207    1242
  1214    1240    1267
  1198    1243    1229
  1177    1229    1215
  1229    1177    1198
  1236    1216    1215
  1216    1174    1215
  1215    1229    1256
  1215    1174    1177
  1291    1256    1309
  1280    1256    1229
  1216    1236    1257
  1291    1236    1256
  1308    1257    1291
  1256    1236    1215
  1229    1243    1280
  1257    1236    1291
  1306    1242    1267
  1163    1186    1207
  1094    1125    1147
  1216    1169    1174
  1081    1101    1083
  1081    1112    1101
  1083    1113    1084
  1113    1083    1101
  1101    1141    1113
  1083    1084    1044
  1142    1169    1165
  1101    1112    1142
  1113    1141    1128
  1165    1141    1142
  1151    1165    1188
  1142    1141    1101
  1169    1142    1140
  1151    1141    1165
  1084    1102    1085
  1084    1113    1102
  1127    1114    1102
  1102    1114    1085
  1102    1128    1127
  1086    1035    1085
  1128    1151    1164
  1102    1113    1128
  1127    1164    1155
  1187    1189    1164
  1187    1164    1151
  1128    1164    1127
  1141    1151    1128
  1189    1155    1164
  1165    1169    1199
  1083    1058    1081
  1220    1199    1258
  1230    1199    1169
  1231    1188    1220
  1220    1188    1199
  1199    1230    1258
  1199    1188    1165
  1275    1258    1230
  1308    1275    1257
  1220    1258    1261
  1293    1258    1275
  1293    1275    1328
  1275    1230    1257
  1169    1216    1230
  1293    1261    1258
  1187    1231    1208
  1187    1188    1231
  1189    1208    1217
  1260    1259    1208
  1208    1231    1260
  1187    1208    1189
  1261    1281    1260
  1281    1261    1293
  1292    1277    1259
  1292    1260    1281
  1277    1292    1332
  1292    1259    1260
  1281    1330    1292
  1261    1260    1231
  1220    1261    1231
  1217    1208    1259
  1281    1293    1329
  1188    1187    1151
  1257    1230    1216
  1259    1277    1262
  1280    1309    1256
  1085    1059    1084
  1338    1306    1363
  1327    1306    1267
  1307    1338    1379
  1307    1272    1338
  1306    1327    1363
  1342    1280    1307
  1399    1379    1338
  1442    1399    1363
  1364    1342    1412
  1342    1307    1379
  1412    1342    1379
  1338    1363    1399
  1327    1384    1363
  1342    1309    1280
  1315    1308    1291
  1315    1309    1364
  1343    1328    1275
  1365    1343    1308
  1308    1315    1365
  1291    1309    1315
  1364    1400    1365
  1412    1400    1364
  1365    1385    1343
  1385    1365    1400
  1400    1444    1385
  1364    1365    1315
  1309    1342    1364
  1380    1343    1385
  1379    1399    1443
  1306    1338    1272
  1455    1443    1399
  1455    1442    1511
  1443    1485    1412
  1513    1485    1443
  1443    1455    1513
  1443    1412    1379
  1557    1513    1455
  1557    1511    1585
  1513    1544    1485
  1586    1544    1513
  1512    1544    1588
  1557    1455    1511
  1384    1442    1363
  1485    1544    1512
  1467    1444    1400
  1412    1485    1467
  1420    1444    1486
  1420    1385    1444
  1467    1476    1444
  1400    1412    1467
  1512    1558    1476
  1588    1558    1512
  1486    1476    1532
  1476    1486    1444
  1532    1476    1558
  1420    1486    1456
  1532    1587    1541
  1512    1476    1467
  1485    1512    1467
  1514    1486    1532
  1532    1558    1587
  1399    1442    1455
  1511    1442    1466
  1380    1385    1420
  1328    1347    1329
  1347    1328    1380
  1329    1366    1330
  1366    1329    1347
  1347    1402    1366
  1329    1293    1328
  1422    1402    1347
  1380    1420    1422
  1366    1402    1403
  1468    1429    1402
  1402    1422    1468
  1422    1347    1380
  1328    1343    1380
  1403    1402    1429
  1330    1348    1332
  1330    1366    1348
  1277    1332    1331
  1367    1332    1348
  1348    1401    1367
  1292    1330    1332
  1421    1401    1348
  1421    1403    1446
  1404    1367    1401
  1445    1401    1421
  1421    1457    1445
  1421    1348    1403
  1366    1403    1348
  1445    1432    1401
  1446    1403    1429
  1281    1329    1330
  1456    1515    1468
  1515    1456    1514
  1487    1446    1429
  1487    1468    1515
  1515    1545    1487
  1456    1468    1422
  1514    1541    1561
  1422    1420    1456
  1611    1589    1545
  1545    1515    1561
  1591    1545    1561
  1561    1515    1514
  1514    1456    1486
  1487    1545    1516
  1488    1445    1457
  1488    1457    1516
  1489    1488    1522
  1489    1445    1488
  1457    1446    1516
  1457    1421    1446
  1545    1533    1516
  1533    1545    1589
  1522    1533    1562
  1522    1488    1533
  1562    1533    1589
  1489    1522    1517
  1562    1612    1560
  1533    1488    1516
  1446    1487    1516
  1560    1522    1562
  1561    1541    1610
  1487    1429    1468
  1532    1541    1514
  1331    1332    1367
  1557    1586    1513
  1343    1275    1308
  1267    1303    1327
  1445    1489    1432
  1088    1086    1103
  1060    1035    1086
  1060    1088    1045
  1088    1060    1086
  1086    1114    1103
  1086    1085    1114
  1129    1155    1166
  1129    1103    1114
  1088    1103    1115
  1129    1130    1103
  1166    1191    1153
  1114    1127    1129
  1155    1129    1127
  1166    1130    1129
  1062    1039    1026
  1062    1045    1087
  1089    1039    1087
  1087    1039    1062
  1088    1087    1045
  1061    1030    1039
  1130    1153    1143
  1153    1130    1166
  1087    1115    1104
  1143    1115    1130
  1153    1167    1143
  1087    1088    1115
  1103    1130    1115
  1115    1143    1104
  1166    1155    1192
  1026    1045    1062
  1192    1217    1209
  1192    1155    1189
  1232    1191    1209
  1209    1191    1192
  1217    1262    1209
  1190    1153    1191
  1262    1294    1263
  1294    1262    1277
  1232    1209    1263
  1283    1263    1294
  1295    1283    1334
  1262    1263    1209
  1217    1259    1262
  1264    1263    1283
  1190    1232    1222
  1232    1190    1191
  1222    1200    1190
  1190    1200    1167
  1232    1264    1222
  1167    1153    1190
  1264    1295    1265
  1264    1232    1263
  1233    1222    1265
  1299    1265    1295
  1299    1295    1333
  1264    1265    1222
  1283    1295    1264
  1273    1265    1299
  1299    1344    1310
  1191    1166    1192
  1192    1189    1217
  1144    1143    1167
  1061    1089    1090
  1089    1061    1039
  1093    1047    1090
  1090    1047    1061
  1089    1104    1090
  1047    1024    1061
  1104    1144    1116
  1104    1143    1144
  1093    1090    1116
  1146    1116    1144
  1146    1171    1175
  1104    1116    1090
  1087    1104    1089
  1120    1116    1146
  1063    1093    1091
  1093    1063    1047
  1091    1033    1063
  1093    1120    1091
  1063    1033    1029
  1146    1145    1120
  1120    1093    1116
  1145    1146    1157
  1175    1193    1157
  1157    1146    1175
  1146    1144    1171
  1063    1004    1047
  1200    1233    1218
  1200    1222    1233
  1201    1171    1218
  1218    1171    1200
  1233    1238    1218
  1171    1144    1167
  1273    1310    1297
  1273    1233    1265
  1234    1218    1238
  1297    1238    1273
  1297    1336    1296
  1273    1238    1233
  1310    1273    1299
  1266    1238    1297
  1201    1234    1203
  1201    1218    1234
  1203    1193    1201
  1234    1244    1203
  1193    1175    1201
  1266    1296    1269
  1296    1266    1297
  1269    1244    1266
  1311    1269    1296
  1311    1296    1317
  1266    1244    1234
  1238    1266    1234
  1313    1297    1310
  1201    1175    1171
  1171    1167    1200
  1335    1283    1294
  1025    1060    1045
  1331    1351    1335
  1331    1367    1351
  1335    1368    1334
  1368    1335    1351
  1351    1405    1368
  1331    1335    1294
  1404    1432    1423
  1351    1367    1404
  1368    1405    1406
  1423    1405    1404
  1423    1472    1413
  1404    1405    1351
  1331    1294    1277
  1413    1405    1423
  1334    1352    1333
  1334    1368    1352
  1333    1381    1344
  1381    1333    1352
  1352    1407    1381
  1344    1299    1333
  1406    1413    1447
  1352    1368    1406
  1407    1447    1433
  1447    1407    1406
  1447    1413    1471
  1406    1407    1352
  1405    1413    1406
  1424    1381    1407
  1469    1423    1432
  1295    1334    1333
  1469    1498    1472
  1498    1469    1517
  1472    1519    1471
  1519    1472    1498
  1498    1539    1519
  1471    1413    1472
  1517    1560    1559
  1469    1489    1517
  1538    1593    1536
  1539    1498    1559
  1570    1538    1539
  1559    1498    1517
  1432    1489    1469
  1519    1539    1538
  1470    1433    1447
  1490    1470    1518
  1424    1407    1433
  1490    1433    1470
  1470    1471    1499
  1447    1471    1470
  1499    1538    1536
  1499    1471    1519
  1518    1536    1535
  1536    1518    1499
  1536    1567    1535
  1490    1518    1500
  1563    1535    1594
  1499    1518    1470
  1519    1538    1499
  1500    1518    1535
  1592    1539    1559
  1472    1423    1469
  1432    1404    1401
  1473    1433    1490
  1344    1371    1313
  1371    1344    1374
  1313    1369    1336
  1369    1313    1371
  1371    1408    1369
  1313    1310    1344
  1374    1424    1425
  1374    1344    1381
  1387    1408    1448
  1425    1408    1374
  1424    1473    1425
  1374    1408    1371
  1381    1424    1374
  1369    1408    1387
  1336    1370    1317
  1336    1369    1370
  1317    1372    1311
  1372    1317    1370
  1370    1382    1372
  1336    1317    1296
  1409    1382    1370
  1427    1409    1449
  1427    1382    1409
  1449    1409    1387
  1409    1370    1387
  1369    1387    1370
  1448    1408    1425
  1336    1297    1313
  1473    1491    1451
  1473    1490    1491
  1492    1448    1451
  1448    1425    1451
  1451    1491    1520
  1451    1425    1473
  1500    1563    1534
  1563    1500    1535
  1520    1491    1534
  1564    1534    1563
  1564    1563    1571
  1500    1534    1491
  1424    1433    1473
  1564    1547    1534
  1474    1492    1494
  1492    1449    1448
  1449    1474    1427
  1474    1449    1492
  1492    1520    1537
  1492    1451    1520
  1537    1547    1590
  1547    1537    1520
  1537    1565    1494
  1565    1537    1590
  1565    1590    1597
  1590    1547    1595
  1537    1494    1492
  1520    1534    1547
  1573    1559    1560
  1448    1449    1387
  1500    1491    1490
  1547    1564    1595
  1334    1283    1335
  1517    1522    1560
  1589    1601    1562
  1056    1078    1079
  1634    1544    1586
  1634    1586    1666
  1588    1634    1668
  1588    1544    1634
  1557    1621    1586
  1588    1600    1558
  1666    1621    1719
  1664    1621    1585
  1690    1668    1751
  1700    1668    1634
  1700    1634    1666
  1666    1586    1621
  1633    1664    1585
  1588    1668    1600
  1635    1587    1665
  1587    1558    1600
  1610    1635    1667
  1610    1541    1635
  1587    1600    1665
  1610    1591    1561
  1680    1665    1717
  1690    1665    1600
  1667    1680    1718
  1667    1635    1680
  1665    1690    1717
  1680    1635    1665
  1600    1668    1690
  1622    1610    1667
  1719    1621    1664
  1541    1587    1635
  1700    1666    1752
  1719    1664    1749
  1733    1690    1751
  1781    1751    1700
  1719    1749    1805
  1752    1666    1719
  1805    1752    1719
  1843    1749    1779
  1752    1781    1700
  1853    1781    1752
  1781    1863    1817
  1843    1805    1749
  1679    1749    1664
  1751    1781    1817
  1753    1717    1782
  1717    1690    1733
  1783    1718    1753
  1718    1680    1753
  1717    1733    1782
  1680    1717    1753
  1818    1782    1733
  1885    1818    1817
  1782    1795    1753
  1848    1795    1782
  1849    1783    1795
  1818    1733    1817
  1733    1751    1817
  1783    1753    1795
  1818    1848    1782
  1668    1700    1751
  1511    1523    1585
  1691    1667    1718
  1611    1591    1669
  1622    1591    1610
  1636    1601    1589
  1645    1636    1611
  1669    1591    1622
  1636    1589    1611
  1669    1691    1692
  1691    1669    1622
  1670    1645    1720
  1692    1645    1669
  1691    1734    1692
  1669    1645    1611
  1667    1691    1622
  1636    1645    1670
  1639    1612    1637
  1573    1560    1612
  1638    1573    1639
  1639    1573    1612
  1612    1601    1637
  1562    1601    1612
  1637    1670    1681
  1637    1601    1636
  1671    1681    1723
  1671    1639    1681
  1681    1670    1721
  1681    1639    1637
  1636    1670    1637
  1638    1639    1671
  1722    1645    1692
  1611    1545    1591
  1754    1722    1692
  1754    1734    1819
  1722    1785    1720
  1763    1785    1722
  1722    1754    1763
  1722    1720    1645
  1820    1754    1819
  1819    1783    1849
  1785    1763    1851
  1763    1754    1820
  1819    1831    1820
  1819    1734    1783
  1691    1718    1734
  1852    1851    1763
  1755    1681    1721
  1755    1721    1784
  1786    1723    1755
  1723    1681    1755
  1721    1720    1735
  1721    1670    1720
  1785    1821    1735
  1735    1720    1785
  1800    1784    1850
  1821    1784    1735
  1821    1850    1784
  1784    1800    1755
  1821    1851    1869
  1735    1784    1721
  1851    1821    1785
  1800    1786    1755
  1852    1763    1820
  1692    1734    1754
  1783    1734    1718
  1725    1671    1723
  1752    1805    1853
  1559    1573    1592
  1915    1956    1805
  1843    1779    1799
  1885    1817    1863
  1993    1863    1853
  1915    1843    1914
  1863    1781    1853
  1993    1853    1956
  1956    1915    2024
  1970    1885    1952
  1992    1952    1863
  1956    2067    1993
  1853    1805    1956
  1972    1915    1914
  1863    1952    1885
  1848    1868    1886
  1848    1818    1868
  1883    1795    1886
  1955    1883    1886
  1886    1868    1954
  1795    1883    1849
  1953    1954    1868
  1970    1953    1885
  1955    1886    1954
  2023    1954    1953
  1954    2004    1955
  1868    1885    1953
  1885    1868    1818
  1932    1883    1955
  1863    1993    1992
  1805    1843    1915
  2024    1972    2093
  1972    1914    1991
  1993    2067    2085
  1956    2024    2067
  2093    1972    2051
  2024    1915    1972
  2093    2067    2024
  2085    2069    1992
  2085    1992    1993
  1992    2069    2022
  2023    2004    1954
  2023    1970    2082
  2025    1955    2004
  2083    2025    2004
  2004    2023    2062
  1953    1970    2023
  2084    2082    1970
  2084    2022    2069
  2062    2023    2082
  2083    2004    2062
  2022    2084    1970
  1952    2022    1970
  2025    2083    2086
  2022    1952    1992
  1914    1843    1799
  1932    1955    2025
  1884    1820    1831
  1884    1831    1919
  1852    1884    1896
  1852    1820    1884
  1831    1849    1916
  1851    1852    1887
  1919    1916    1994
  1916    1849    1883
  1959    1896    1884
  1995    1957    1896
  1919    1959    1884
  1919    1831    1916
  1883    1932    1916
  1852    1896    1887
  1918    1850    1869
  1850    1821    1869
  1850    1888    1800
  1918    1888    1850
  1869    1887    1917
  1851    1887    1869
  1958    1918    1917
  1957    1917    1887
  1918    1933    1888
  1958    1933    1918
  1917    1957    1979
  1917    1918    1869
  1887    1896    1957
  1854    1800    1888
  1994    1916    1932
  1849    1831    1819
  1978    1994    2026
  1994    1932    2028
  2027    1959    1978
  1959    1919    1978
  1994    2028    2026
  1978    1919    1994
  2056    2026    2028
  1978    2026    2027
  2087    2026    2056
  2056    2028    2086
  2025    2028    1932
  2087    2027    2026
  2030    1958    1979
  1958    1917    1979
  1958    2031    1933
  2030    2031    1958
  1957    2029    1979
  1995    2029    1957
  2063    2029    1995
  2063    2027    2087
  2029    2088    2030
  2088    2029    2063
  2031    2030    2053
  2030    1979    2029
  1995    2027    2063
  1995    1959    2027
  2053    2030    2088
  1896    1959    1995
  2025    2086    2028
  1920    1888    1933
  1795    1848    1886
  1679    1779    1749
  2031    1960    1933
  1613    1570    1640
  1570    1539    1592
  1615    1593    1613
  1613    1593    1570
  1570    1592    1640
  1593    1538    1570
  1638    1646    1640
  1638    1671    1646
  1640    1672    1613
  1672    1640    1646
  1672    1693    1694
  1638    1640    1592
  1592    1573    1638
  1649    1613    1672
  1567    1615    1614
  1615    1567    1593
  1614    1616    1594
  1614    1594    1567
  1615    1673    1614
  1567    1594    1535
  1649    1694    1695
  1694    1649    1672
  1650    1614    1673
  1695    1673    1649
  1694    1724    1695
  1649    1673    1615
  1615    1613    1649
  1673    1695    1697
  1672    1646    1693
  1567    1536    1593
  1725    1736    1756
  1725    1723    1736
  1737    1693    1756
  1756    1693    1725
  1736    1787    1756
  1725    1693    1646
  1822    1787    1736
  1822    1786    1854
  1756    1787    1788
  1855    1803    1787
  1787    1822    1855
  1822    1736    1786
  1671    1725    1646
  1803    1788    1787
  1757    1724    1789
  1704    1695    1724
  1758    1704    1757
  1757    1704    1724
  1724    1737    1789
  1694    1737    1724
  1788    1823    1789
  1823    1788    1803
  1789    1796    1757
  1796    1789    1823
  1858    1796    1859
  1788    1789    1737
  1737    1756    1788
  1790    1757    1796
  1857    1796    1823
  1694    1693    1737
  1786    1736    1723
  1695    1704    1697
  1571    1616    1617
  1571    1594    1616
  1623    1617    1641
  1641    1617    1616
  1616    1650    1641
  1617    1595    1564
  1650    1697    1696
  1616    1614    1650
  1641    1696    1676
  1726    1701    1696
  1696    1697    1726
  1650    1696    1641
  1673    1697    1650
  1701    1676    1696
  1595    1623    1642
  1595    1617    1623
  1597    1642    1675
  1597    1590    1642
  1623    1674    1642
  1642    1590    1595
  1676    1727    1674
  1727    1676    1701
  1705    1675    1674
  1675    1642    1674
  1674    1727    1705
  1674    1623    1676
  1641    1676    1623
  1701    1760    1727
  1617    1564    1571
  1726    1758    1759
  1726    1697    1704
  1759    1766    1791
  1766    1759    1758
  1758    1790    1766
  1759    1760    1701
  1790    1858    1825
  1858    1790    1796
  1791    1825    1826
  1791    1766    1825
  1825    1829    1826
  1825    1766    1790
  1704    1758    1726
  1759    1791    1760
  1761    1705    1727
  1792    1761    1824
  1792    1705    1761
  1761    1760    1767
  1727    1760    1761
  1767    1826    1827
  1767    1760    1791
  1801    1824    1861
  1827    1824    1767
  1827    1861    1824
  1824    1801    1792
  1827    1826    1860
  1767    1824    1761
  1791    1826    1767
  1858    1829    1825
  1701    1726    1759
  1757    1790    1758
  1823    1803    1856
  1594    1571    1563
  1870    1855    1822
  1870    1854    1920
  1889    1855    1890
  1890    1855    1870
  1870    1922    1890
  1855    1889    1803
  1961    1890    1922
  1922    1920    1960
  1921    1897    1964
  1897    1890    1961
  1922    1980    1961
  1922    1870    1920
  1888    1920    1854
  1889    1890    1897
  1900    1857    1856
  1856    1803    1889
  1859    1796    1857
  1923    1859    1857
  1856    1889    1921
  1857    1823    1856
  1963    1900    1965
  1921    1900    1856
  1901    1859    1923
  1963    1923    1900
  1965    1900    1921
  1900    1923    1857
  1889    1897    1921
  1963    1962    1923
  1964    1897    1961
  1859    1891    1858
  1960    2032    1980
  1960    2031    2032
  1996    1961    1980
  2033    1996    1980
  1980    2032    2033
  1961    1996    1964
  2089    2033    2032
  1996    2033    2043
  2064    2033    2089
  2089    2032    2053
  1920    1933    1960
  2043    2033    2064
  1997    1965    2005
  1965    1921    1964
  1973    1997    2034
  1973    1963    1997
  1965    1964    2005
  1997    1963    1965
  2005    2043    2090
  2005    1964    1996
  2057    2034    2044
  2034    1997    2044
  2090    2044    2005
  2057    2044    2090
  2043    2064    2090
  2044    1997    2005
  1996    2043    2005
  1973    1962    1963
  1922    1960    1980
  1786    1800    1854
  1998    1973    2034
  1892    1891    1925
  1901    1891    1859
  1860    1829    1892
  1892    1829    1891
  1891    1901    1925
  1829    1858    1891
  1966    1925    1901
  1966    1962    1998
  1925    1928    1892
  1968    1928    1925
  1928    2000    1967
  1966    1901    1962
  1901    1923    1962
  1924    1892    1928
  1871    1861    1827
  1871    1860    1924
  1861    1893    1801
  1926    1893    1861
  1861    1871    1926
  1827    1860    1871
  1924    1967    1926
  1967    1924    1928
  1926    1934    1893
  1934    1926    1967
  1934    1967    1999
  1924    1926    1871
  1860    1892    1924
  1966    1968    1925
  1860    1826    1829
  1981    1968    1966
  1981    1998    2045
  1968    2035    2000
  2035    1968    1981
  1981    2046    2035
  1981    1966    1998
  2045    2057    2091
  2045    1998    2034
  2046    2091    2065
  2091    2046    2045
  2045    2046    1981
  1962    1973    1998
  2035    2046    2047
  2000    2006    1999
  2000    2035    2006
  1999    2036    1934
  2048    2036    1999
  1999    2006    2048
  2000    1999    1967
  2047    2065    2092
  2006    2035    2047
  2048    2092    2050
  2092    2048    2047
  2048    2050    2036
  2047    2048    2006
  2046    2065    2047
  1968    2000    1928
  2057    2045    2034
  1822    1854    1870
  2031    2053    2032
  1621    1557    1585
  2051    1972    1991
  1053    1034    1074
