0.000000  0.000000
0.000000  1.000000
0.000000  0.500000
0.000000  0.143160
0.000000  0.856840
0.000000  0.233640
0.000000  0.766360
0.000000  0.063210
0.000000  0.936790
0.000000  0.299300
0.000000  0.700700
0.000000  0.187140
0.000000  0.105500
0.000000  0.812860
0.000000  0.894500
0.000000  0.030220
0.000000  0.969780
0.000000  0.425530
0.000000  0.374850
0.000000  0.574470
0.000000  0.625150
0.009740  0.009260
0.008510  0.023320
0.000000  0.014110
0.009290  0.037790
0.009920  0.052100
0.000000  0.046250
0.008880  0.075690
0.008800  0.097810
0.000000  0.084260
0.000000  0.124430
0.000000  0.209440
0.000000  0.164600
0.000000  0.344820
0.000000  0.323600
0.000000  0.255930
0.000000  0.277690
0.000000  0.398510
0.000000  0.601490
0.000000  0.676400
0.000000  0.655180
0.000000  0.537570
0.000000  0.462430
0.000000  0.722310
0.000000  0.744070
0.000000  0.790560
0.000000  0.835400
0.000000  0.875570
0.000000  0.915740
0.008800  0.902190
0.008880  0.924310
0.008510  0.976680
0.009290  0.962210
0.009740  0.990740
0.000000  0.985890
0.000000  0.953750
0.009920  0.947900
0.017870  0.290350
0.017870  0.709650
0.016940  0.088870
0.016940  0.911130
0.017650  0.018170
0.017650  0.981830
0.015560  0.000000
0.018900  0.030710
0.013360  0.064290
0.010990  0.115300
0.012940  0.131960
0.013200  0.204880
0.012600  0.225850
0.015080  0.247330
0.012260  0.157250
0.012710  0.176630
0.019250  0.145360
0.015840  0.360250
0.016800  0.268460
0.017780  0.313440
0.015840  0.639750
0.015590  0.500000
0.017780  0.686560
0.016800  0.731540
0.013200  0.795120
0.012600  0.774150
0.015080  0.752670
0.012710  0.823370
0.012260  0.842750
0.012940  0.868040
0.010990  0.884700
0.019250  0.854640
0.013360  0.935710
0.018900  0.969290
0.015560  1.000000
0.022690  0.338380
0.022690  0.661620
0.026040  0.066410
0.026040  0.933590
0.025690  0.222030
0.025690  0.777970
0.024980  0.169880
0.024440  0.121800
0.020310  0.043500
0.024980  0.830120
0.024440  0.878200
0.020310  0.956500
0.023910  0.008970
0.028040  0.022840
0.022100  0.076940
0.020740  0.105710
0.022860  0.055200
0.020110  0.192840
0.029820  0.240990
0.028810  0.406980
0.024940  0.383680
0.020750  0.457250
0.024940  0.616320
0.028810  0.593020
0.020750  0.542750
0.029820  0.759010
0.020110  0.807160
0.020740  0.894290
0.022100  0.923060
0.023910  0.991030
0.022860  0.944800
0.028040  0.977160
0.039020  0.028780
0.039020  0.971220
0.034120  0.500000
0.033470  0.260890
0.033470  0.739110
0.039070  0.148210
0.039070  0.851790
0.032730  0.000000
0.032730  1.000000
0.030340  0.036310
0.033430  0.048920
0.035350  0.013960
0.030320  0.097710
0.034300  0.112900
0.036570  0.061250
0.036700  0.074150
0.032770  0.085790
0.030600  0.135490
0.032150  0.210190
0.030730  0.158400
0.032480  0.184990
0.037070  0.326840
0.036180  0.303630
0.035310  0.432040
0.036160  0.362070
0.035180  0.281240
0.036160  0.637930
0.035310  0.567960
0.037070  0.673160
0.036180  0.696370
0.035180  0.718760
0.032150  0.789810
0.032480  0.815010
0.030730  0.841600
0.030600  0.864510
0.034300  0.887100
0.030320  0.902290
0.032770  0.914210
0.036700  0.925850
0.036570  0.938750
0.033430  0.951080
0.030340  0.963690
0.035350  0.986040
0.041330  0.200640
0.043370  0.105070
0.041330  0.799360
0.043370  0.894930
0.048230  0.082090
0.047140  0.055960
0.048230  0.917910
0.047140  0.944040
0.045010  0.008620
0.043070  0.042500
0.047090  0.021990
0.049050  0.069290
0.045520  0.093750
0.041370  0.126080
0.049590  0.138730
0.049030  0.162310
0.041870  0.174050
0.042410  0.231040
0.048480  0.251800
0.046090  0.462090
0.046090  0.537910
0.042410  0.768960
0.041870  0.825950
0.049030  0.837690
0.048480  0.748200
0.045520  0.906250
0.049050  0.930710
0.041370  0.873920
0.049590  0.861270
0.043070  0.957500
0.047090  0.978010
0.045010  0.991380
0.053060  0.381510
0.053060  0.618490
0.053390  0.320830
0.059110  0.178110
0.053390  0.679170
0.059640  0.128940
0.059110  0.821890
0.059640  0.871060
0.056400  0.016810
0.056400  0.983190
0.051030  0.000000
0.051750  0.035500
0.056440  0.049710
0.051200  0.116760
0.057610  0.104720
0.051230  0.218930
0.051300  0.190310
0.058480  0.151920
0.053450  0.294230
0.053340  0.273150
0.059150  0.408680
0.051800  0.348830
0.059150  0.591320
0.055410  0.500000
0.051800  0.651170
0.053450  0.705770
0.053340  0.726850
0.051230  0.781070
0.051300  0.809690
0.058480  0.848080
0.057610  0.895280
0.051200  0.883240
0.051750  0.964500
0.051030  1.000000
0.056440  0.950290
0.064680  0.041580
0.064680  0.958420
0.069490  0.436140
0.069490  0.563860
0.060470  0.239550
0.060470  0.760450
0.062040  0.008220
0.060860  0.028320
0.067230  0.117140
0.062020  0.078270
0.060820  0.064570
0.060190  0.091780
0.069440  0.057040
0.067490  0.166230
0.068040  0.307920
0.069520  0.195350
0.060890  0.207560
0.068700  0.141920
0.067710  0.261590
0.069440  0.531330
0.068040  0.692080
0.069520  0.804650
0.060890  0.792440
0.067710  0.738410
0.069440  0.468670
0.067490  0.833770
0.060190  0.908220
0.060860  0.971680
0.062040  0.991780
0.062020  0.921730
0.060820  0.935430
0.067230  0.882860
0.068700  0.858080
0.069440  0.942960
0.073880  0.285380
0.073880  0.714620
0.075180  0.073600
0.075180  0.926400
0.078340  0.500000
0.077960  0.155720
0.077960  0.844280
0.070450  0.000000
0.070450  1.000000
0.071770  0.103410
0.071770  0.896590
0.070180  0.019130
0.079010  0.009680
0.076430  0.045730
0.073870  0.031650
0.073930  0.088800
0.077020  0.130540
0.073240  0.360330
0.071030  0.333900
0.076330  0.182130
0.070410  0.225990
0.079180  0.245980
0.071030  0.666100
0.073240  0.639670
0.076330  0.817870
0.070410  0.774010
0.079180  0.754020
0.077020  0.869460
0.073930  0.911200
0.076430  0.954270
0.073870  0.968350
0.079010  0.990320
0.070180  0.980870
0.080370  0.212980
0.080370  0.787020
0.087620  0.049050
0.087620  0.950950
0.084280  0.021490
0.084280  0.978510
0.086310  0.035140
0.088720  0.000000
0.081820  0.061340
0.087280  0.086990
0.082430  0.116960
0.085580  0.102070
0.080530  0.385290
0.086190  0.170300
0.087910  0.199570
0.087330  0.144980
0.086910  0.268190
0.085620  0.311870
0.080530  0.614710
0.085620  0.688130
0.086910  0.731810
0.087910  0.800430
0.086190  0.829700
0.087330  0.855020
0.082430  0.883040
0.087280  0.913010
0.085580  0.897930
0.081820  0.938660
0.086310  0.964860
0.088720  1.000000
0.091960  0.338030
0.098270  0.250000
0.093230  0.185840
0.093420  0.131560
0.091960  0.661970
0.098270  0.750000
0.099500  0.100610
0.093230  0.814160
0.093420  0.868440
0.099500  0.899390
0.097270  0.026490
0.098020  0.042520
0.095430  0.011310
0.095690  0.059340
0.090500  0.073410
0.097120  0.116260
0.090040  0.410710
0.097750  0.160680
0.090180  0.230420
0.095280  0.291170
0.099130  0.362200
0.094400  0.462900
0.090040  0.589290
0.099130  0.637800
0.095280  0.708830
0.094400  0.537100
0.096100  0.500000
0.090180  0.769580
0.097750  0.839320
0.097120  0.883740
0.090500  0.926590
0.095690  0.940660
0.095430  0.988690
0.098020  0.957480
0.097270  0.973510
0.109070  0.385930
0.109070  0.614070
0.108740  0.035100
0.108740  0.964900
0.104880  0.070340
0.104880  0.929660
0.107270  0.000000
0.107270  1.000000
0.108450  0.017230
0.107470  0.053340
0.101870  0.085510
0.108830  0.131150
0.105540  0.177740
0.107090  0.199030
0.100950  0.215220
0.104990  0.147590
0.106120  0.315640
0.106710  0.272020
0.104240  0.435560
0.104240  0.564440
0.106120  0.684360
0.106710  0.727980
0.105540  0.822260
0.100950  0.784780
0.107090  0.800970
0.104990  0.852410
0.108830  0.868850
0.101870  0.914490
0.107470  0.946660
0.108450  0.982770
0.116750  0.294250
0.115250  0.500000
0.116750  0.165760
0.116750  0.705750
0.116750  0.834240
0.119010  0.047250
0.115930  0.082130
0.113950  0.098370
0.111670  0.114610
0.117450  0.065300
0.110230  0.232040
0.116760  0.252520
0.115550  0.339040
0.115550  0.660960
0.116760  0.747480
0.110230  0.767960
0.111670  0.885390
0.113950  0.901630
0.115930  0.917870
0.117450  0.934700
0.119010  0.952750
0.122100  0.214220
0.123910  0.128700
0.122100  0.785780
0.123910  0.871300
0.128140  0.094490
0.129620  0.060100
0.128140  0.905510
0.129620  0.939900
0.120330  0.029050
0.121320  0.012630
0.125770  0.000000
0.129050  0.077520
0.126410  0.111470
0.120710  0.146710
0.129490  0.234260
0.120410  0.189990
0.128610  0.315730
0.126620  0.273850
0.121900  0.409700
0.125790  0.361770
0.124000  0.465280
0.121900  0.590300
0.125790  0.638230
0.124000  0.534720
0.126620  0.726150
0.128610  0.684270
0.129490  0.765740
0.120410  0.810010
0.120710  0.853290
0.126410  0.888530
0.129050  0.922480
0.120330  0.970950
0.121320  0.987370
0.125770  1.000000
0.134860  0.254030
0.136900  0.435790
0.136900  0.564210
0.134860  0.745970
0.133870  0.025330
0.133870  0.974670
0.131230  0.042000
0.138750  0.011910
0.139410  0.124000
0.136760  0.141680
0.133540  0.159960
0.132050  0.178980
0.136000  0.203070
0.139000  0.292760
0.138630  0.384430
0.138630  0.615570
0.139000  0.707240
0.136000  0.796930
0.132050  0.821020
0.133540  0.840040
0.136760  0.858320
0.139410  0.876000
0.131230  0.958000
0.138750  0.988090
0.145870  0.000000
0.145870  1.000000
0.140250  0.337330
0.147090  0.191440
0.140250  0.662670
0.147090  0.808560
0.144670  0.038230
0.141870  0.055320
0.142140  0.072560
0.142080  0.089580
0.141190  0.106680
0.148560  0.172460
0.144940  0.223370
0.147770  0.269350
0.141620  0.500000
0.147770  0.730650
0.144940  0.776630
0.141190  0.893320
0.144670  0.961770
0.141870  0.944680
0.142080  0.910420
0.142140  0.927440
0.148560  0.827540
0.156240  0.084050
0.156240  0.915950
0.155180  0.118460
0.155180  0.881540
0.154120  0.051290
0.154120  0.948710
0.150670  0.154030
0.150670  0.845970
0.150680  0.024880
0.158060  0.012470
0.155530  0.067380
0.156110  0.101070
0.153310  0.136110
0.151310  0.243660
0.151960  0.312480
0.153160  0.408310
0.153240  0.359260
0.157210  0.210730
0.154470  0.465640
0.153240  0.640740
0.154470  0.534360
0.153160  0.591690
0.157210  0.789270
0.151310  0.756340
0.151960  0.687520
0.158060  0.987530
0.150680  0.975120
0.153310  0.863890
0.156110  0.898930
0.155530  0.932620
0.160990  0.286810
0.160990  0.713190
0.168360  0.381800
0.169460  0.232140
0.168360  0.618200
0.169460  0.767860
0.168670  0.027050
0.168670  0.972950
0.161000  0.039260
0.167850  0.057690
0.165440  0.167490
0.162950  0.188570
0.167980  0.148340
0.166150  0.000000
0.165530  0.333620
0.168770  0.434610
0.166540  0.259180
0.168770  0.565390
0.165530  0.666380
0.166540  0.740820
0.165440  0.832510
0.162950  0.811430
0.167980  0.851660
0.167850  0.942310
0.166150  1.000000
0.161000  0.960740
0.179160  0.181570
0.179160  0.818430
0.171050  0.500000
0.170960  0.093900
0.170980  0.111840
0.170040  0.075990
0.170020  0.129940
0.177480  0.014400
0.176810  0.044980
0.174180  0.206030
0.175010  0.307140
0.175010  0.692860
0.174180  0.793970
0.170020  0.870060
0.170980  0.888160
0.170960  0.906100
0.170040  0.924010
0.177480  0.985600
0.176810  0.955020
0.185230  0.000000
0.185230  1.000000
0.185500  0.141450
0.186430  0.103740
0.182360  0.065180
0.185500  0.858550
0.186430  0.896260
0.182360  0.934820
0.185930  0.032020
0.185050  0.084650
0.186630  0.122500
0.183060  0.160790
0.188430  0.216580
0.185540  0.254410
0.180870  0.355480
0.181330  0.279870
0.184240  0.405760
0.185690  0.465070
0.184240  0.594240
0.185690  0.534930
0.180870  0.644520
0.181330  0.720130
0.185540  0.745590
0.188430  0.783420
0.183060  0.839210
0.186630  0.877500
0.185050  0.915350
0.185930  0.967980
0.190670  0.328290
0.190670  0.671710
0.196070  0.018610
0.192560  0.052780
0.197830  0.073740
0.192000  0.193470
0.198080  0.172690
0.193140  0.235050
0.197460  0.300010
0.198550  0.378000
0.198550  0.622000
0.197460  0.699990
0.192000  0.806530
0.193140  0.764950
0.198080  0.827310
0.197830  0.926260
0.192560  0.947220
0.196070  0.981390
0.202510  0.040160
0.202510  0.959840
0.200660  0.432810
0.206680  0.201870
0.202900  0.273990
0.200660  0.567190
0.202900  0.726010
0.206680  0.798130
0.201510  0.000000
0.201150  0.094030
0.209120  0.061970
0.203030  0.133250
0.202900  0.113720
0.201640  0.152900
0.209230  0.252420
0.208290  0.350150
0.202140  0.500000
0.208290  0.649850
0.209230  0.747580
0.203030  0.866750
0.202900  0.886280
0.201150  0.905970
0.201640  0.847100
0.209120  0.938030
0.201510  1.000000
0.219750  0.000000
0.219750  1.000000
0.216610  0.233250
0.216610  0.766750
0.218580  0.164660
0.214720  0.083250
0.218580  0.835340
0.214720  0.916750
0.215340  0.032400
0.213580  0.015560
0.218590  0.103860
0.213950  0.183780
0.211430  0.217320
0.215500  0.402730
0.214670  0.319130
0.217720  0.464820
0.217720  0.535180
0.215500  0.597270
0.214670  0.680870
0.211430  0.782680
0.213950  0.816220
0.218590  0.896140
0.215340  0.967600
0.213580  0.984440
0.229280  0.373220
0.229280  0.626780
0.220240  0.124130
0.220240  0.875870
0.221280  0.052330
0.220250  0.144470
0.227980  0.072970
0.228770  0.198920
0.227800  0.265540
0.220910  0.290540
0.227800  0.734460
0.228770  0.801080
0.220910  0.709460
0.227980  0.927030
0.220250  0.855530
0.221280  0.947670
0.238990  0.306230
0.235030  0.500000
0.238990  0.693770
0.233320  0.027580
0.233320  0.972420
0.235300  0.044310
0.232440  0.012520
0.237030  0.114380
0.238360  0.135600
0.233820  0.093460
0.238080  0.157290
0.235420  0.217250
0.234380  0.241800
0.236060  0.179290
0.232320  0.338440
0.232690  0.432780
0.232690  0.567220
0.232320  0.661560
0.234380  0.758200
0.235420  0.782750
0.236060  0.820710
0.237030  0.885620
0.238360  0.864400
0.233820  0.906540
0.238080  0.842710
0.235300  0.955690
0.232440  0.987480
0.242090  0.064060
0.242090  0.935940
0.242460  0.000000
0.249690  0.082980
0.246640  0.279100
0.246300  0.403890
0.246300  0.596110
0.246640  0.720900
0.249690  0.917020
0.242460  1.000000
0.252620  0.253110
0.252550  0.197600
0.256890  0.148020
0.252620  0.746890
0.253800  0.103780
0.252550  0.802400
0.256890  0.851980
0.253800  0.896220
0.259310  0.000000
0.253590  0.036260
0.252500  0.018960
0.254700  0.053820
0.256200  0.125330
0.254350  0.225070
0.255840  0.172010
0.252800  0.353510
0.256570  0.320690
0.251650  0.465140
0.251650  0.534860
0.252800  0.646490
0.256570  0.679310
0.254350  0.774930
0.255840  0.827990
0.256200  0.874670
0.252500  0.981040
0.253590  0.963740
0.254700  0.946180
0.259310  1.000000
0.266640  0.434410
0.266640  0.565590
0.266290  0.071250
0.267030  0.292200
0.262560  0.380540
0.262560  0.619460
0.267030  0.707800
0.266290  0.928750
0.273120  0.049270
0.273120  0.950730
0.274300  0.334380
0.274300  0.665620
0.271280  0.014260
0.271280  0.985740
0.274630  0.031660
0.270880  0.091970
0.275910  0.135890
0.274290  0.113330
0.275750  0.159700
0.272970  0.209910
0.273890  0.184670
0.273120  0.266600
0.273610  0.238250
0.270570  0.500000
0.273120  0.733400
0.273610  0.761750
0.272970  0.790090
0.273890  0.815330
0.275750  0.840300
0.270880  0.908030
0.274290  0.886670
0.275910  0.864110
0.274630  0.968340
0.289010  0.079840
0.289010  0.920160
0.282130  0.000000
0.286520  0.060980
0.281880  0.407840
0.283180  0.358800
0.285550  0.307170
0.287920  0.466020
0.287920  0.533980
0.283180  0.641200
0.281880  0.592160
0.285550  0.692830
0.286520  0.939020
0.282130  1.000000
0.297820  0.280490
0.297820  0.719510
0.295630  0.170600
0.295630  0.829400
0.293580  0.222480
0.298760  0.383150
0.298760  0.616850
0.295570  0.122480
0.293580  0.777520
0.295570  0.877520
0.297340  0.041340
0.291680  0.019670
0.293070  0.100410
0.296360  0.145980
0.294570  0.195810
0.295050  0.251700
0.299210  0.331470
0.299210  0.668530
0.295050  0.748300
0.294570  0.804190
0.293070  0.899590
0.296360  0.854020
0.297340  0.958660
0.291680  0.980330
0.308390  0.500000
0.302440  0.000000
0.302440  1.000000
0.307480  0.062790
0.304090  0.435990
0.304090  0.564010
0.307480  0.937210
0.312080  0.022580
0.317510  0.130890
0.317810  0.155630
0.315740  0.107170
0.312080  0.084720
0.315070  0.234120
0.316140  0.207050
0.317250  0.180990
0.319850  0.263160
0.313710  0.304140
0.314200  0.356690
0.313710  0.695860
0.314200  0.643310
0.319850  0.736840
0.315070  0.765880
0.317250  0.819010
0.316140  0.792950
0.317810  0.844370
0.312080  0.915280
0.315740  0.892830
0.317510  0.869110
0.312080  0.977420
0.325250  0.329310
0.325250  0.670690
0.321860  0.044410
0.321860  0.955590
0.322220  0.000000
0.320450  0.407690
0.327100  0.466470
0.320450  0.592310
0.327100  0.533530
0.322220  1.000000
0.339990  0.192590
0.337890  0.245320
0.337890  0.754680
0.336080  0.090140
0.339990  0.807410
0.336080  0.909860
0.330840  0.066940
0.334010  0.023940
0.338910  0.114670
0.339070  0.219130
0.334520  0.286540
0.335250  0.378500
0.335250  0.621500
0.334520  0.713460
0.339070  0.780870
0.330840  0.933060
0.338910  0.885330
0.334010  0.976060
0.343090  0.000000
0.343090  1.000000
0.344280  0.434810
0.344280  0.565190
0.340200  0.140000
0.340200  0.860000
0.347610  0.047710
0.340420  0.166100
0.346610  0.347230
0.347900  0.312600
0.349700  0.500000
0.346610  0.652770
0.347900  0.687400
0.340420  0.833900
0.347610  0.952290
0.356800  0.025900
0.356730  0.070770
0.353850  0.267790
0.358990  0.402660
0.358990  0.597340
0.353850  0.732210
0.356730  0.929230
0.356800  0.974100
0.369860  0.368390
0.369860  0.631610
0.364010  0.000000
0.360480  0.096740
0.362610  0.123540
0.363550  0.151070
0.363820  0.179300
0.363520  0.208140
0.362170  0.237830
0.369470  0.465410
0.369470  0.534590
0.363820  0.820700
0.363520  0.791860
0.362170  0.762170
0.363550  0.848930
0.362610  0.876460
0.360480  0.903260
0.364010  1.000000
0.372620  0.294130
0.372620  0.705870
0.376690  0.049390
0.376690  0.950610
0.379000  0.023210
0.374240  0.330690
0.374240  0.669310
0.379000  0.976790
0.386720  0.227660
0.385450  0.105740
0.386720  0.772340
0.385450  0.894260
0.387470  0.164930
0.387470  0.835070
0.387110  0.000000
0.387110  1.000000
0.382660  0.077000
0.386600  0.135060
0.387750  0.195620
0.381740  0.261390
0.385170  0.430760
0.385170  0.569240
0.381740  0.738610
0.387750  0.804380
0.386600  0.864940
0.382660  0.923000
0.394940  0.500000
0.395810  0.394300
0.395810  0.605700
0.406570  0.000000
0.404090  0.028470
0.405950  0.056830
0.409360  0.086800
0.409460  0.248650
0.404420  0.283310
0.401850  0.316890
0.400870  0.355300
0.400870  0.644700
0.401850  0.683110
0.404420  0.716690
0.409460  0.751350
0.409360  0.913200
0.405950  0.943170
0.404090  0.971530
0.406570  1.000000
0.412340  0.181240
0.411650  0.149270
0.410510  0.118000
0.412020  0.214270
0.413820  0.463030
0.413820  0.536970
0.412020  0.785730
0.412340  0.818760
0.410510  0.882000
0.411650  0.850730
0.425560  0.424240
0.425560  0.575760
0.429110  0.000000
0.429110  1.000000
0.431940  0.341940
0.435140  0.269430
0.431940  0.658060
0.435140  0.730570
0.438560  0.199280
0.437480  0.133060
0.434210  0.067260
0.438560  0.800720
0.437470  0.866940
0.434210  0.932740
0.430840  0.034530
0.435150  0.100820
0.438500  0.165680
0.437520  0.234070
0.433490  0.304740
0.430270  0.382590
0.430270  0.617410
0.433490  0.695260
0.437520  0.765930
0.435150  0.899180
0.438500  0.834320
0.430840  0.965470
0.444240  0.500000
0.458980  0.021360
0.459920  0.459070
0.459920  0.540930
0.458980  0.978640
0.464110  0.000000
0.460900  0.045380
0.467620  0.067750
0.465750  0.120730
0.462310  0.091860
0.467170  0.151360
0.467780  0.183890
0.466300  0.253680
0.465750  0.289850
0.467370  0.218200
0.465120  0.327330
0.464350  0.367840
0.463210  0.411990
0.463210  0.588010
0.464350  0.632160
0.465120  0.672670
0.465750  0.710150
0.466300  0.746320
0.467370  0.781800
0.460900  0.954620
0.465750  0.879270
0.462310  0.908140
0.467780  0.816110
0.467170  0.848640
0.464110  1.000000
0.467620  0.932250
0.499960  0.500000
0.500000  0.000000
0.500000  1.000000
0.499990  0.168680
0.499990  0.831320
0.499970  0.309640
0.499970  0.690360
0.499990  0.076550
0.499990  0.923450
0.499960  0.393300
0.499960  0.606700
0.499980  0.236460
0.499990  0.112300
0.499980  0.763540
0.499990  0.887700
0.499990  0.034200
0.499990  0.965800
0.499990  0.015740
0.500000  0.054300
0.499990  0.093670
0.499990  0.138510
0.499970  0.272580
0.499990  0.201660
0.499960  0.349350
0.499960  0.442940
0.499960  0.557060
0.499960  0.650650
0.499970  0.727420
0.499990  0.798340
0.499990  0.861490
0.500000  0.945700
0.499990  0.906330
0.499990  0.984270
0.535880  0.000000
0.532370  0.067750
0.537680  0.091860
0.534240  0.120730
0.532810  0.151360
0.539090  0.045380
0.534810  0.327320
0.535560  0.367840
0.533650  0.253670
0.534190  0.289840
0.532190  0.183880
0.532600  0.218190
0.539970  0.459080
0.536700  0.412000
0.539970  0.540910
0.536700  0.588000
0.535560  0.632160
0.534190  0.710160
0.534810  0.672680
0.533650  0.746330
0.532600  0.781810
0.532190  0.816120
0.532810  0.848640
0.537680  0.908140
0.534240  0.879280
0.532370  0.932250
0.539090  0.954620
0.535880  1.000000
0.541010  0.021360
0.541010  0.978640
0.555660  0.500000
0.567990  0.341930
0.567990  0.658070
0.561420  0.199270
0.564810  0.269410
0.565770  0.067260
0.562510  0.133060
0.564810  0.730590
0.561420  0.800730
0.562510  0.866940
0.565770  0.932740
0.569150  0.034530
0.564830  0.100820
0.561480  0.165680
0.562440  0.234060
0.566450  0.304720
0.569640  0.382590
0.569640  0.617400
0.566450  0.695280
0.562440  0.765940
0.561480  0.834320
0.564830  0.899180
0.569150  0.965470
0.574340  0.424250
0.574340  0.575750
0.570870  0.000000
0.570870  1.000000
0.589480  0.118000
0.588340  0.149260
0.587640  0.181230
0.587950  0.214260
0.586070  0.463030
0.586070  0.536960
0.587640  0.818770
0.587950  0.785740
0.588340  0.850740
0.589480  0.882000
0.593420  0.000000
0.595900  0.028470
0.594040  0.056830
0.590630  0.086800
0.590500  0.248630
0.595530  0.283290
0.598080  0.316880
0.599050  0.355300
0.599050  0.644700
0.598080  0.683120
0.590500  0.751370
0.595530  0.716710
0.590620  0.913200
0.594040  0.943170
0.593420  1.000000
0.595900  0.971530
0.604960  0.499990
0.604090  0.394300
0.604090  0.605690
0.613240  0.227640
0.613240  0.772360
0.614540  0.105730
0.614540  0.894270
0.612520  0.164920
0.612520  0.835080
0.612880  0.000000
0.612880  1.000000
0.617330  0.076990
0.613380  0.135050
0.612230  0.195610
0.618220  0.261360
0.614730  0.430760
0.614720  0.569230
0.612230  0.804390
0.618220  0.738640
0.613380  0.864950
0.617330  0.923010
0.627320  0.294110
0.627320  0.705900
0.623300  0.049390
0.623300  0.950610
0.620990  0.023210
0.625690  0.330670
0.625680  0.669330
0.620990  0.976790
0.630050  0.368380
0.630050  0.631620
0.635980  0.000000
0.637370  0.123530
0.636440  0.151060
0.639510  0.096740
0.636150  0.179280
0.637790  0.237810
0.636450  0.208120
0.630440  0.465410
0.630430  0.534570
0.636450  0.791880
0.637790  0.762190
0.636150  0.820720
0.639510  0.903260
0.637370  0.876470
0.636440  0.848940
0.635980  1.000000
0.643190  0.025900
0.643270  0.070760
0.646090  0.267770
0.640910  0.402660
0.640900  0.597330
0.646090  0.732240
0.643270  0.929240
0.643190  0.974100
0.656900  0.000000
0.656900  1.000000
0.659990  0.192570
0.659790  0.139990
0.655610  0.434810
0.655590  0.565170
0.659990  0.807430
0.659790  0.860010
0.652390  0.047700
0.659560  0.166080
0.652030  0.312580
0.653310  0.347200
0.650220  0.499990
0.653300  0.652790
0.652020  0.687420
0.659560  0.833920
0.652390  0.952300
0.662060  0.245290
0.662060  0.754710
0.663910  0.090130
0.663910  0.909870
0.665990  0.023940
0.669160  0.066940
0.661080  0.114660
0.660890  0.219100
0.665410  0.286510
0.664640  0.378480
0.664630  0.621510
0.665410  0.713490
0.660890  0.780900
0.661080  0.885340
0.669160  0.933060
0.665990  0.976060
0.674660  0.329280
0.674650  0.670720
0.678140  0.044410
0.678140  0.955590
0.677780  0.000000
0.672820  0.466470
0.679430  0.407680
0.672800  0.533500
0.679410  0.592310
0.677780  1.000000
0.687920  0.022570
0.687910  0.084720
0.684250  0.107160
0.682480  0.130880
0.682170  0.155610
0.682730  0.180970
0.683830  0.207020
0.684880  0.234090
0.680090  0.263130
0.686220  0.304100
0.685680  0.356660
0.685670  0.643340
0.686200  0.695900
0.680090  0.736870
0.682730  0.819030
0.683830  0.792980
0.684880  0.765910
0.682180  0.844390
0.682480  0.869120
0.684260  0.892840
0.687910  0.915280
0.687920  0.977430
0.691570  0.499970
0.697560  0.000000
0.697560  1.000000
0.692510  0.062780
0.695800  0.435990
0.695740  0.563970
0.692520  0.937220
0.702100  0.280460
0.702090  0.719550
0.704350  0.170580
0.704350  0.829420
0.706380  0.222440
0.701100  0.383130
0.701080  0.616860
0.706380  0.777560
0.704420  0.122460
0.704420  0.877540
0.708320  0.019660
0.702660  0.041340
0.706920  0.100400
0.703620  0.145960
0.705400  0.195780
0.704890  0.251660
0.700690  0.331430
0.700680  0.668570
0.705400  0.804220
0.704890  0.748340
0.703620  0.854040
0.706920  0.899600
0.708320  0.980340
0.702660  0.958660
0.710990  0.079830
0.710990  0.920170
0.717870  0.000000
0.713480  0.060970
0.714400  0.307160
0.712040  0.466010
0.717980  0.407830
0.716680  0.358760
0.712000  0.533910
0.717950  0.592150
0.714380  0.692860
0.716660  0.641230
0.713480  0.939030
0.717870  1.000000
0.726880  0.049260
0.726880  0.950740
0.725610  0.334310
0.725590  0.665670
0.728720  0.014260
0.728720  0.985740
0.725360  0.031650
0.725700  0.113320
0.729120  0.091960
0.724080  0.135880
0.724230  0.159670
0.726090  0.184640
0.726320  0.238200
0.726790  0.266560
0.726980  0.209870
0.729440  0.499910
0.726790  0.733450
0.726330  0.761810
0.726990  0.790130
0.724240  0.840330
0.726090  0.815360
0.729120  0.908040
0.725700  0.886680
0.724080  0.864120
0.725370  0.968350
0.733270  0.434420
0.733170  0.565510
0.733710  0.071250
0.732860  0.292190
0.737260  0.380500
0.737220  0.619500
0.732860  0.707830
0.733710  0.928750
0.747410  0.197560
0.747290  0.253040
0.747300  0.746960
0.747410  0.802440
0.746190  0.103760
0.743100  0.148000
0.743100  0.852000
0.746190  0.896240
0.740690  0.000000
0.747500  0.018960
0.746410  0.036260
0.745300  0.053810
0.743780  0.125320
0.744130  0.171980
0.745590  0.225010
0.743260  0.320650
0.748410  0.465130
0.747000  0.353410
0.748350  0.534690
0.747010  0.646550
0.743270  0.679350
0.745590  0.774990
0.744140  0.828020
0.743790  0.874680
0.746410  0.963740
0.747500  0.981040
0.745300  0.946190
0.740690  1.000000
0.757900  0.064050
0.757900  0.935950
0.757540  0.000000
0.750300  0.082970
0.753220  0.279030
0.753520  0.403880
0.753480  0.596140
0.753230  0.720970
0.750300  0.917030
0.757540  1.000000
0.760790  0.306180
0.765190  0.499900
0.760810  0.693820
0.766680  0.027580
0.766680  0.972420
0.764700  0.044300
0.767560  0.012520
0.762960  0.114360
0.761630  0.135580
0.766170  0.093450
0.761900  0.157260
0.763910  0.179260
0.764520  0.217190
0.765540  0.241720
0.767270  0.432780
0.767410  0.338340
0.767260  0.567160
0.767430  0.661630
0.763920  0.820740
0.765550  0.758270
0.764530  0.782810
0.761900  0.842740
0.761630  0.864420
0.762960  0.885640
0.766170  0.906550
0.764700  0.955700
0.767560  0.987480
0.779750  0.124110
0.770490  0.373170
0.770490  0.626800
0.779760  0.875890
0.772010  0.072960
0.778710  0.052320
0.779740  0.144450
0.771190  0.198870
0.772070  0.265460
0.778890  0.290450
0.778910  0.709540
0.771200  0.801120
0.772080  0.734540
0.779740  0.855550
0.772010  0.927040
0.778710  0.947680
0.780240  0.000000
0.780240  1.000000
0.783300  0.233170
0.783310  0.766830
0.781390  0.164630
0.785260  0.083250
0.781390  0.835360
0.785260  0.916750
0.784650  0.032390
0.786420  0.015560
0.781410  0.103850
0.788510  0.217240
0.786020  0.183740
0.782480  0.464820
0.785080  0.319020
0.784310  0.402710
0.782460  0.534930
0.784320  0.597260
0.785100  0.680960
0.786020  0.816260
0.788520  0.782750
0.781410  0.896150
0.784660  0.967610
0.786420  0.984440
0.797480  0.040140
0.797480  0.959860
0.793270  0.201810
0.796930  0.273860
0.799340  0.432870
0.799360  0.566950
0.796940  0.726120
0.793280  0.798190
0.790870  0.061960
0.798490  0.000000
0.796960  0.133230
0.798340  0.152870
0.798850  0.094030
0.797090  0.113710
0.790650  0.252320
0.791420  0.350030
0.798350  0.499840
0.791430  0.649920
0.790660  0.747670
0.798340  0.847130
0.798850  0.905970
0.797090  0.886290
0.796960  0.866770
0.790870  0.938040
0.798490  1.000000
0.809050  0.328100
0.809050  0.671860
0.803920  0.018600
0.807430  0.052750
0.802150  0.073740
0.801890  0.172650
0.806770  0.234940
0.802300  0.299860
0.807960  0.193400
0.801170  0.377870
0.801170  0.622060
0.802310  0.700120
0.806780  0.765050
0.807960  0.806590
0.801890  0.827350
0.802150  0.926260
0.807430  0.947250
0.803920  0.981390
0.814770  0.000000
0.814770  1.000000
0.814490  0.141430
0.813570  0.103740
0.817640  0.065170
0.814490  0.858570
0.813570  0.896260
0.817640  0.934830
0.814070  0.032000
0.814950  0.084660
0.813360  0.122490
0.816920  0.160750
0.811510  0.216490
0.814320  0.254280
0.818480  0.279700
0.818790  0.355190
0.814710  0.465140
0.815450  0.405710
0.814650  0.534540
0.818780  0.644730
0.815420  0.594120
0.818490  0.720270
0.814330  0.745710
0.811510  0.783500
0.816920  0.839240
0.814950  0.915330
0.813360  0.877510
0.814070  0.968000
0.820800  0.181510
0.820800  0.818480
0.829900  0.499770
0.823200  0.044950
0.829980  0.075990
0.822520  0.014400
0.829050  0.093900
0.829020  0.111830
0.829980  0.129920
0.825760  0.205930
0.824720  0.306940
0.824720  0.693030
0.825760  0.794060
0.823200  0.955050
0.829980  0.924010
0.829050  0.906100
0.822520  0.985600
0.829020  0.888170
0.829980  0.870070
0.838810  0.286560
0.838820  0.713400
0.830450  0.232000
0.831240  0.381460
0.831180  0.618370
0.830460  0.767980
0.831330  0.027030
0.831330  0.972970
0.839010  0.039240
0.832180  0.057670
0.833850  0.000000
0.832010  0.148310
0.834540  0.167440
0.837010  0.188500
0.833310  0.259000
0.831230  0.434790
0.834090  0.333320
0.831150  0.564860
0.834070  0.666630
0.832010  0.851690
0.834540  0.832550
0.833320  0.740980
0.837010  0.811500
0.832180  0.942330
0.839010  0.960760
0.833850  1.000000
0.843770  0.084040
0.843770  0.915960
0.844820  0.118440
0.845900  0.051270
0.844820  0.881560
0.845900  0.948730
0.849310  0.153990
0.849320  0.846010
0.849320  0.024870
0.844490  0.067370
0.841940  0.012460
0.843890  0.101060
0.846680  0.136090
0.842730  0.210620
0.848580  0.243490
0.846250  0.465670
0.846670  0.408040
0.846320  0.358840
0.847690  0.312110
0.846080  0.533750
0.846550  0.591620
0.847690  0.687840
0.846250  0.641070
0.842740  0.789370
0.841940  0.987540
0.848590  0.756490
0.846680  0.863910
0.843890  0.898940
0.844490  0.932620
0.849320  0.975130
0.854130  0.000000
0.854130  1.000000
0.852870  0.191360
0.859260  0.336800
0.859230  0.663110
0.852870  0.808630
0.855340  0.038220
0.857920  0.089570
0.858810  0.106660
0.852050  0.269120
0.858140  0.055320
0.857870  0.072550
0.851420  0.172410
0.854990  0.223220
0.852070  0.730840
0.855000  0.776760
0.851430  0.827590
0.858810  0.893330
0.857870  0.927450
0.857920  0.910430
0.858140  0.944680
0.855340  0.961780
0.865030  0.253790
0.866140  0.025320
0.863220  0.435800
0.863000  0.563490
0.865040  0.746180
0.866140  0.974680
0.861250  0.011900
0.868770  0.041990
0.860590  0.123980
0.863240  0.141650
0.866440  0.159920
0.867940  0.178930
0.863960  0.202970
0.860750  0.292410
0.861030  0.383910
0.860170  0.499540
0.860850  0.615960
0.860750  0.707540
0.863970  0.797020
0.867940  0.821070
0.863240  0.858340
0.866450  0.840080
0.860590  0.876020
0.868770  0.958010
0.861250  0.988090
0.876080  0.128680
0.877880  0.214060
0.877890  0.785920
0.876080  0.871320
0.871860  0.094480
0.870380  0.060090
0.871860  0.905520
0.870380  0.939910
0.874240  0.000000
0.878680  0.012630
0.879670  0.029040
0.870950  0.077510
0.873590  0.111450
0.879280  0.146670
0.870440  0.234070
0.879600  0.189930
0.870990  0.315130
0.873160  0.273530
0.873680  0.361070
0.878020  0.409340
0.877110  0.465030
0.876730  0.533440
0.870980  0.684800
0.877600  0.590520
0.873170  0.726420
0.873590  0.638790
0.870450  0.765910
0.879600  0.810060
0.879280  0.853320
0.873590  0.888550
0.870950  0.922490
0.878680  0.987370
0.874240  1.000000
0.879670  0.970960
0.883230  0.165710
0.883020  0.293700
0.888260  0.498500
0.883020  0.706230
0.883240  0.834280
0.881000  0.047250
0.882550  0.065290
0.884070  0.082120
0.888330  0.114590
0.886050  0.098350
0.889710  0.231900
0.883180  0.252260
0.883920  0.338220
0.883870  0.661660
0.883190  0.747700
0.889720  0.768070
0.888330  0.885410
0.886050  0.901650
0.884070  0.917880
0.881000  0.952750
0.882550  0.934710
0.891260  0.035090
0.890340  0.385100
0.890150  0.614690
0.891260  0.964910
0.895120  0.070330
0.892740  0.000000
0.895120  0.929670
0.892740  1.000000
0.891550  0.017220
0.892530  0.053340
0.898130  0.085500
0.891170  0.131120
0.895000  0.147550
0.894420  0.177730
0.892830  0.198960
0.898950  0.215030
0.893100  0.271630
0.893500  0.314770
0.895650  0.435360
0.893490  0.685140
0.893120  0.728320
0.894800  0.564670
0.892840  0.801030
0.894430  0.822270
0.898950  0.784950
0.895010  0.852440
0.898130  0.914500
0.891170  0.868880
0.892530  0.946660
0.891550  0.982780
0.900500  0.100590
0.906580  0.131530
0.906650  0.185810
0.901530  0.249780
0.907490  0.337030
0.907430  0.662840
0.901550  0.750180
0.906660  0.814180
0.906580  0.868470
0.900500  0.899400
0.904570  0.011310
0.902730  0.026490
0.901980  0.042520
0.904310  0.059330
0.909500  0.073400
0.902880  0.116230
0.902230  0.160660
0.909630  0.230270
0.900230  0.361160
0.907250  0.463200
0.909440  0.409590
0.905800  0.537720
0.904320  0.290610
0.900100  0.638680
0.909140  0.590100
0.904320  0.709310
0.909640  0.769700
0.902230  0.839340
0.902880  0.883770
0.909500  0.926600
0.904310  0.940670
0.901980  0.957480
0.902730  0.973510
0.904570  0.988690
0.919510  0.212830
0.919520  0.787150
0.912380  0.049040
0.915720  0.021490
0.912380  0.950950
0.915720  0.978510
0.911280  0.000000
0.918180  0.061330
0.913690  0.035130
0.912720  0.086970
0.914420  0.102050
0.917570  0.116940
0.912660  0.144950
0.911960  0.199450
0.913770  0.170260
0.912710  0.267810
0.918690  0.383780
0.910790  0.503910
0.913930  0.310870
0.918460  0.616010
0.913910  0.689030
0.912720  0.732130
0.913770  0.829730
0.911960  0.800530
0.912660  0.855050
0.917570  0.883060
0.914420  0.897940
0.912720  0.913030
0.918180  0.938670
0.913690  0.964870
0.911280  1.000000
0.924820  0.073590
0.925630  0.284830
0.925640  0.715090
0.924820  0.926410
0.929550  0.000000
0.922020  0.155690
0.928940  0.492900
0.922020  0.844310
0.929550  1.000000
0.928230  0.103390
0.928230  0.896610
0.929420  0.434620
0.928950  0.564840
0.926130  0.031650
0.929820  0.019130
0.920990  0.009680
0.923570  0.045730
0.926070  0.088780
0.922970  0.130520
0.923600  0.182050
0.920520  0.245710
0.929450  0.225770
0.926210  0.358920
0.928410  0.332610
0.926070  0.640920
0.928350  0.667260
0.920530  0.754240
0.929450  0.774200
0.923600  0.817940
0.922970  0.869480
0.926070  0.911220
0.920990  0.990320
0.923570  0.954270
0.926130  0.968350
0.929820  0.980870
0.935320  0.041570
0.935320  0.958430
0.939320  0.239250
0.939320  0.760710
0.939140  0.028320
0.930560  0.057040
0.939180  0.064570
0.932770  0.117120
0.931290  0.141890
0.939810  0.091770
0.937980  0.078260
0.937960  0.008220
0.930400  0.195230
0.931970  0.261170
0.935190  0.466620
0.932450  0.529910
0.931440  0.307030
0.932490  0.166170
0.939040  0.207380
0.939570  0.406020
0.931430  0.692860
0.931980  0.738770
0.932490  0.833820
0.930400  0.804750
0.939040  0.792590
0.939160  0.593690
0.931290  0.858110
0.932770  0.882870
0.939810  0.908230
0.937980  0.921730
0.930560  0.942960
0.939180  0.935430
0.939140  0.971680
0.937960  0.991780
0.946400  0.379660
0.946150  0.620130
0.943600  0.016810
0.940360  0.128920
0.940860  0.178030
0.946160  0.319520
0.946130  0.680350
0.940860  0.821960
0.940360  0.871080
0.943600  0.983190
0.943560  0.049700
0.948800  0.116740
0.942380  0.104710
0.948970  0.000000
0.948250  0.035500
0.941510  0.151880
0.948690  0.218690
0.948680  0.190170
0.946100  0.293420
0.946340  0.272580
0.947760  0.347260
0.946350  0.727340
0.948690  0.781280
0.947660  0.652590
0.946100  0.706480
0.948680  0.809810
0.941510  0.848120
0.942380  0.895290
0.948790  0.883260
0.943560  0.950300
0.948250  0.964500
0.948970  1.000000
0.956630  0.105050
0.958660  0.200430
0.958660  0.799540
0.956630  0.894950
0.952860  0.055960
0.951770  0.082080
0.951770  0.917920
0.952860  0.944040
0.954990  0.008620
0.952910  0.021990
0.956930  0.042490
0.950950  0.069280
0.954480  0.093740
0.958630  0.126060
0.950410  0.138700
0.958140  0.173970
0.951310  0.251380
0.957460  0.230730
0.950960  0.162250
0.956260  0.458030
0.954250  0.501500
0.954690  0.542880
0.951320  0.748560
0.958140  0.826020
0.950960  0.837740
0.957470  0.769230
0.950410  0.861300
0.954480  0.906260
0.958630  0.873940
0.950950  0.930710
0.952920  0.978010
0.956930  0.957510
0.954990  0.991380
0.960980  0.028780
0.960980  0.971220
0.967270  0.000000
0.960930  0.148180
0.966350  0.260380
0.966360  0.739550
0.960930  0.851820
0.967270  1.000000
0.964650  0.013960
0.969660  0.036310
0.966570  0.048910
0.963430  0.061250
0.967230  0.085780
0.969670  0.097690
0.963300  0.074140
0.965690  0.112880
0.969400  0.135470
0.969270  0.158380
0.967610  0.184830
0.967830  0.209930
0.964580  0.280530
0.961640  0.426820
0.962680  0.325570
0.963310  0.360000
0.963630  0.302600
0.963170  0.639890
0.962640  0.674280
0.963620  0.697280
0.964590  0.719380
0.961440  0.573420
0.967600  0.815160
0.969270  0.841620
0.967820  0.790040
0.969400  0.864530
0.965690  0.887120
0.963430  0.938750
0.963300  0.925860
0.969670  0.902310
0.967230  0.914220
0.966570  0.951090
0.964650  0.986040
0.969660  0.963690
0.977210  0.336660
0.977200  0.663200
0.973960  0.066400
0.976810  0.520850
0.973960  0.933600
0.979690  0.043500
0.975560  0.121780
0.975110  0.169840
0.974230  0.221770
0.974240  0.778190
0.975100  0.830150
0.975560  0.878220
0.979690  0.956500
0.976090  0.008970
0.971960  0.022840
0.977140  0.055190
0.977900  0.076930
0.979260  0.105690
0.970060  0.240630
0.979950  0.192590
0.970630  0.403230
0.974930  0.380870
0.976990  0.480640
0.974630  0.619090
0.970310  0.596710
0.970070  0.759330
0.979950  0.807390
0.979260  0.894310
0.977900  0.923070
0.977140  0.944810
0.976090  0.991030
0.971960  0.977160
0.982350  0.018170
0.983060  0.088860
0.982040  0.289480
0.982040  0.710410
0.983060  0.911140
0.982350  0.981830
0.984440  0.000000
0.981100  0.030710
0.986640  0.064290
0.989010  0.115270
0.987060  0.131930
0.980760  0.145340
0.987740  0.157260
0.986770  0.204700
0.987370  0.176530
0.987350  0.225560
0.984850  0.246890
0.983100  0.267840
0.981220  0.444140
0.982110  0.312310
0.983460  0.357750
0.983420  0.642090
0.982110  0.687560
0.980680  0.555940
0.983100  0.732080
0.987360  0.774410
0.986770  0.795280
0.984850  0.753060
0.987360  0.823450
0.987740  0.842740
0.980760  0.854650
0.987060  0.868070
0.989010  0.884720
0.986640  0.935710
0.981100  0.969290
0.984440  1.000000
0.990260  0.009260
0.991490  0.023320
0.990710  0.037780
0.990080  0.052090
0.991120  0.075680
0.991200  0.097790
0.991200  0.902210
0.991120  0.924320
0.990080  0.947910
0.990710  0.962220
0.991490  0.976680
0.990260  0.990740
1.000000  0.000000
1.000000  1.000000
1.000000  0.500570
1.000000  0.143110
1.000000  0.856880
1.000000  0.063200
1.000000  0.233280
1.000000  0.766670
1.000000  0.936800
1.000000  0.030210
1.000000  0.105480
1.000000  0.187040
1.000000  0.298350
1.000000  0.701530
1.000000  0.812950
1.000000  0.894520
1.000000  0.969790
1.000000  0.419100
1.000000  0.580710
1.000000  0.370470
1.000000  0.629290
1.000000  0.014110
1.000000  0.046240
1.000000  0.084250
1.000000  0.124390
1.000000  0.164470
1.000000  0.209230
1.000000  0.276960
1.000000  0.322380
1.000000  0.255410
1.000000  0.393700
1.000000  0.343590
1.000000  0.460960
1.000000  0.677460
1.000000  0.722950
1.000000  0.656220
1.000000  0.606080
1.000000  0.744520
1.000000  0.790750
1.000000  0.835510
1.000000  0.875600
1.000000  0.915750
1.000000  0.953760
1.000000  0.985890
1.000000  0.539750
