        0.000000
     -354.264112
       -2.747410
       -2.317455
      -13.475073
       -2.195563
       -7.516331
       -2.459739
      -31.936834
       -2.176988
       -5.455376
       -2.247437
       -2.386730
       -9.874982
      -18.775745
       -2.443014
      -56.819928
       -2.392162
       -2.257180
       -3.377392
       -4.010059
       -2.452055
       -2.412748
       -2.797741
       -2.492977
       -2.469912
       -2.489419
       -2.442658
       -2.408012
       -2.425373
       -2.351815
       -2.218329
       -2.281011
       -2.210554
       -2.190054
       -2.180987
       -2.175707
       -2.315507
       -3.680220
       -4.913274
       -4.497231
       -3.017204
       -2.541444
       -6.022870
       -6.703222
       -8.613576
      -11.452387
      -15.696197
      -23.926694
      -21.481125
      -28.413638
      -91.420825
      -58.952065
     -154.204446
     -181.869835
      -46.373640
      -41.989841
       -2.244803
       -5.977461
       -2.428299
      -24.502888
       -2.482277
      -87.502739
       -2.833390
       -2.478206
       -2.459754
       -2.381481
       -2.356862
       -2.258567
       -2.239094
       -2.234389
       -2.316624
       -2.291024
       -2.346255
       -2.309978
       -2.235717
       -2.257745
       -4.430974
       -2.866513
       -5.391770
       -6.625222
       -9.266445
       -8.177850
       -7.339385
      -11.055259
      -12.693477
      -15.567612
      -17.977641
      -14.212912
      -34.368496
      -65.569471
      -66.788871
       -2.305845
       -4.921922
       -2.461799
      -32.817622
       -2.278287
       -8.629113
       -2.324220
       -2.387934
       -2.473740
      -11.968680
      -17.524641
      -49.354008
       -2.422780
       -2.483888
       -2.447880
       -2.407047
       -2.471560
       -2.287947
       -2.281698
       -2.497091
       -2.406987
       -2.655043
       -4.158539
       -3.869339
       -3.244965
       -7.832368
      -10.183345
      -20.322523
      -28.569374
      -73.584219
      -39.553051
      -62.280277
       -2.489797
      -45.400060
       -2.993723
       -2.290051
       -7.128360
       -2.374866
      -14.245223
       -2.454396
      -42.622725
       -2.483532
       -2.480162
       -2.507054
       -2.427851
       -2.412213
       -2.472921
       -2.461104
       -2.445006
       -2.377811
       -2.302092
       -2.348882
       -2.323490
       -2.348131
       -2.319653
       -2.627728
       -2.405292
       -2.300601
       -4.616148
       -3.620088
       -5.316846
       -5.856429
       -6.478819
       -9.359164
      -10.957171
      -13.108393
      -15.652828
      -19.109803
      -22.277468
      -25.352108
      -28.600726
      -33.306164
      -40.045329
      -49.453873
      -50.552376
       -2.330027
       -2.431930
      -10.024422
      -20.348531
       -2.462673
       -2.485607
      -24.799686
      -32.064372
       -2.508093
       -2.491275
       -2.501639
       -2.475840
       -2.447340
       -2.404294
       -2.401068
       -2.376510
       -2.352674
       -2.317979
       -2.332675
       -2.828192
       -3.386142
       -8.427404
      -11.864749
      -12.878303
       -7.615167
      -22.485531
      -27.843470
      -16.984186
      -15.283049
      -38.075833
      -38.589329
      -35.929316
       -2.526629
       -4.424905
       -2.395900
       -2.380797
       -5.600097
       -2.425741
      -11.583564
      -16.118617
       -2.519922
      -30.495231
       -2.528716
       -2.504358
       -2.498777
       -2.427611
       -2.448127
       -2.343273
       -2.357567
       -2.401742
       -2.367470
       -2.353014
       -2.642262
       -2.439067
       -4.076672
       -3.123370
       -4.989886
       -6.278269
       -6.905364
       -9.091802
      -10.749009
      -13.748383
      -19.551129
      -18.093285
      -34.629437
      -24.518266
      -30.162027
       -2.513202
      -27.990123
       -2.804182
       -3.799163
       -2.361962
       -8.192744
       -2.530064
       -2.518104
       -2.446894
       -2.479357
       -2.490933
       -2.463954
       -2.506329
       -2.403336
       -2.424991
       -2.389366
       -2.367976
       -2.425177
       -2.385857
       -3.455520
       -6.013855
      -10.412103
       -9.743702
       -7.374210
       -2.980739
      -12.405802
      -21.419834
      -29.650023
      -24.243459
      -23.514335
      -26.128544
      -17.157063
      -14.447349
      -24.914307
       -2.416509
       -6.652996
       -2.497623
      -21.710168
       -3.234921
       -2.426416
      -13.014401
       -2.544891
      -18.097128
       -2.465623
      -18.484872
       -2.535388
       -2.554731
       -2.523675
       -2.531637
       -2.481967
       -2.445322
       -2.541440
       -2.476520
       -2.407118
       -2.383656
       -2.405562
       -5.422524
       -4.913581
      -11.172317
       -8.820709
       -7.972051
      -15.192962
      -20.074880
      -23.658876
      -24.267270
      -18.773988
      -24.080816
       -2.404067
       -9.415337
       -2.533757
      -20.545532
       -2.553305
      -19.635288
       -2.544370
       -2.577580
       -2.515971
       -2.497938
       -2.464399
       -2.481984
       -2.637747
       -2.429132
       -2.418990
       -2.446971
       -2.434219
       -2.479144
       -4.531617
       -5.975860
       -7.188793
      -10.033504
      -11.751425
      -13.494689
      -16.152551
      -18.409865
      -17.258769
      -21.442605
      -20.571260
      -14.127739
       -2.545710
       -2.445747
       -2.432133
       -2.464745
       -5.413075
       -7.774712
       -2.498315
      -10.666744
      -14.170398
      -15.971149
       -2.566655
       -2.552090
       -2.578412
       -2.533061
       -2.514330
       -2.482044
       -2.764706
       -2.450966
       -2.423452
       -2.475656
       -2.624119
       -3.045137
       -4.205601
       -4.974194
       -6.513843
       -3.619420
       -3.299222
       -8.573647
      -11.992489
      -15.065153
      -18.961016
      -18.693888
      -15.296986
      -18.160763
      -17.101508
       -2.726242
       -4.602218
       -2.572880
      -15.694396
       -2.531629
      -16.887656
       -2.609601
      -11.552978
       -2.592134
       -2.551860
       -2.514117
       -2.482200
       -2.451830
       -2.449802
       -2.441679
       -2.467012
       -2.536086
       -2.478077
       -2.927992
       -3.942330
       -5.913126
       -7.030269
      -10.797975
       -9.116066
       -9.736958
      -12.495061
      -13.287039
      -16.646495
      -16.623112
      -13.988558
       -2.524513
       -3.360274
       -2.471115
       -6.390720
      -11.055730
       -2.571554
       -2.531244
       -2.514518
       -2.498388
       -2.549507
       -2.460513
       -2.480430
       -2.605812
       -5.411607
       -7.568785
       -8.328034
      -14.044709
      -14.666986
      -15.085134
      -15.202541
      -14.663520
       -2.473704
       -2.499337
       -8.820153
      -12.493506
       -2.531639
       -2.567967
      -13.470145
      -13.589973
       -2.594391
       -2.616777
       -2.641293
       -2.548258
       -2.515659
       -2.484815
       -2.488346
       -2.470399
       -2.583683
       -2.515395
       -2.853652
       -2.686976
       -3.141944
       -4.288427
       -4.995065
       -3.676960
       -6.872120
       -5.862715
       -8.030018
       -9.803005
      -11.827270
      -13.034755
      -13.709309
      -13.448295
      -11.715198
       -9.707924
       -2.508296
       -3.003884
       -3.998003
       -7.364839
       -2.616670
      -11.488593
       -2.591951
       -2.642670
       -2.517316
       -2.503376
       -2.492056
       -2.485299
       -2.487895
       -2.558192
       -2.784463
       -4.640076
       -6.332782
       -8.952273
       -9.952176
      -10.669849
      -11.221764
      -11.689118
      -12.798177
       -9.873620
       -2.672559
       -8.040464
       -2.645734
       -2.497595
       -5.407273
       -9.087670
       -2.611301
       -2.586005
       -2.565575
       -2.549354
       -2.532753
       -2.502635
       -2.500473
       -2.538158
       -3.411559
       -6.829229
       -8.132958
      -12.066170
      -11.206239
      -12.131697
      -12.281092
      -12.372362
       -9.641361
       -2.564706
      -11.171341
       -2.533591
      -10.862861
       -2.602491
      -10.901052
       -2.510023
      -10.158190
       -2.637529
       -2.666011
       -2.582659
       -2.548976
       -2.518892
       -2.518666
       -2.610048
       -2.900712
       -2.722597
       -2.508626
       -3.192579
       -5.004755
       -3.711592
       -4.313746
       -8.247860
       -7.460430
       -5.833911
       -8.506177
       -9.857053
      -10.553065
      -11.073997
      -11.127250
       -2.576907
       -6.292545
       -2.813814
       -2.529825
       -4.637577
       -7.432377
       -2.651370
       -8.763409
       -2.625189
       -2.603802
       -2.515461
       -2.511238
       -2.524656
       -2.698986
       -2.667782
       -3.036584
       -2.549110
       -4.007549
       -5.376719
       -6.851169
       -9.182098
       -8.714687
       -9.544929
      -10.023854
       -7.187629
       -9.882331
       -2.521324
       -8.386819
       -3.434327
       -2.564481
       -2.548446
       -2.582208
       -2.534359
       -2.681624
       -2.628196
       -2.519412
       -2.621933
       -5.784450
       -7.975959
       -9.831631
      -10.034216
      -10.149516
      -10.158892
       -7.604013
       -9.039620
       -2.717884
       -6.530990
       -2.537123
       -2.562275
       -2.603317
       -8.929879
       -9.233897
       -9.188142
       -2.655497
       -2.581825
       -2.547052
       -2.527945
       -2.533988
       -2.558588
       -2.740149
       -2.583412
       -2.917066
       -3.207278
       -4.295984
       -3.704127
       -4.956842
       -6.228242
       -6.678265
       -7.402393
       -8.688595
       -9.116973
       -9.248285
       -8.004825
       -2.677099
       -5.302620
       -2.687081
       -2.625156
       -2.599266
       -2.528560
       -2.529899
       -2.545197
       -2.621200
       -2.819355
       -4.575196
       -5.704357
       -7.770655
       -6.940052
       -7.975376
       -8.432687
       -8.353481
       -6.936001
       -2.649580
       -7.484012
       -3.032091
       -2.532642
       -2.586062
       -3.973120
       -6.092728
       -7.244110
       -2.729647
       -2.577048
       -2.616894
       -2.546146
       -2.559021
       -2.536128
       -2.563650
       -2.735990
       -3.420610
       -4.864826
       -6.356412
       -8.287347
       -8.401998
       -8.462080
       -8.151106
       -7.707514
       -5.988179
       -2.739021
       -5.102221
       -2.548354
       -6.531762
       -2.536418
       -2.591949
       -7.435491
       -7.748430
       -2.667478
       -2.701033
       -2.569749
       -2.532252
       -2.540162
       -2.902208
       -2.664830
       -3.187050
       -3.657091
       -4.225816
       -5.253429
       -6.893966
       -7.343453
       -7.720901
       -6.641136
       -6.070428
       -2.796472
       -4.465999
       -2.553355
       -7.662110
       -2.633936
       -2.542517
       -2.603820
       -2.534435
       -2.579527
       -2.611685
       -5.863664
       -6.750117
       -5.599809
       -7.074993
       -7.555923
       -6.992985
       -2.637115
       -3.369874
       -5.184125
       -2.678618
       -5.849336
       -2.646619
       -2.710412
       -2.559399
       -2.543514
       -2.579182
       -2.533260
       -2.538949
       -2.556989
       -2.534103
       -2.702377
       -3.014304
       -3.870937
       -4.846397
       -6.080151
       -6.374749
       -6.783964
       -7.067324
       -7.001851
       -7.081405
       -6.917596
       -6.262116
       -5.409755
       -2.613744
       -6.443561
       -2.738406
       -2.585050
       -2.590523
       -2.887314
       -4.062325
       -5.418086
       -6.453827
       -4.846768
       -2.562458
       -2.529218
       -2.530808
       -5.630439
       -2.562699
       -6.217767
       -6.427075
       -6.470813
       -2.731964
       -2.657434
       -2.692051
       -2.624110
       -2.546387
       -2.536458
       -2.527242
       -2.726482
       -2.652344
       -3.143052
       -3.550624
       -4.515770
       -4.836552
       -5.909545
       -6.338557
       -6.469292
       -5.100761
       -5.474670
       -5.884418
       -4.552439
       -2.977205
       -3.708284
       -2.592788
       -2.601168
       -2.793502
       -4.177189
       -5.002904
       -5.815205
       -2.621435
       -5.319966
       -2.667510
       -4.513598
       -2.691346
       -4.586358
       -2.653249
       -2.565398
       -2.529501
       -2.545060
       -2.517650
       -2.519789
       -2.519552
       -2.565231
       -2.536625
       -3.277356
       -5.172793
       -5.442238
       -5.685152
       -5.832537
       -5.902685
       -5.889937
       -5.921028
       -5.928144
       -4.904652
       -2.566648
       -5.300427
       -2.716025
       -2.593131
       -2.853584
       -2.711727
       -2.607293
       -3.060310
       -3.409114
       -4.216201
       -3.830685
       -4.634303
       -5.164537
       -3.891817
       -2.557448
       -4.711005
       -2.501852
       -5.427183
       -2.510993
       -2.750982
       -3.896848
       -2.522669
       -5.204619
       -5.419090
       -2.612571
       -2.660362
       -2.539567
       -2.507836
       -2.501940
       -2.532065
       -2.631902
       -4.284699
       -4.977082
       -5.351947
       -5.401631
       -5.445093
       -4.681802
       -4.347589
       -3.146703
       -2.690208
       -3.907979
       -2.568753
       -2.898304
       -3.507862
       -4.748649
       -2.628778
       -2.493753
       -2.482551
       -2.513805
       -2.537447
       -2.495954
       -2.483278
       -2.482869
       -2.516318
       -2.569082
       -2.661022
       -4.327687
       -3.955374
       -4.531517
       -4.776580
       -4.963484
       -4.895550
       -5.000156
       -4.847209
       -4.905190
       -4.968189
       -4.093388
       -2.589333
       -4.027431
       -2.576403
       -4.299239
       -2.659954
       -2.768435
       -2.938893
       -3.578357
       -3.221529
       -3.595665
       -2.451873
       -2.473900
       -4.367761
       -2.502447
       -4.531762
       -4.418468
       -2.533064
       -2.592164
       -2.477781
       -2.459768
       -2.520415
       -2.663002
       -3.638979
       -4.199299
       -4.462784
       -4.353692
       -4.489491
       -3.809250
       -2.621465
       -3.323675
       -2.779837
       -3.279202
       -2.461446
       -4.556368
       -2.529820
       -2.456393
       -2.579789
       -2.526038
       -2.978031
       -3.717188
       -3.890595
       -4.554097
       -3.945496
       -2.544986
       -2.486863
       -2.472101
       -2.655442
       -3.329102
       -4.043163
       -3.966816
       -3.560482
       -2.559298
       -3.394770
       -2.577109
       -2.459407
       -2.439728
       -2.422666
       -2.419029
       -2.422113
       -2.437463
       -2.777022
       -3.000729
       -4.156161
       -4.120393
       -4.046346
       -4.160099
       -4.110888
       -4.042540
       -2.989235
       -2.460177
       -3.698350
       -2.472391
       -3.560382
       -2.501317
       -2.494763
       -3.524391
       -3.295588
       -2.393434
       -2.410124
       -3.731403
       -3.700024
       -2.380413
       -3.792053
       -2.514428
       -3.016924
       -2.434710
       -2.392741
       -2.380957
       -2.416703
       -2.630893
       -3.025917
       -3.704962
       -3.765502
       -3.764653
       -3.613777
       -2.760436
       -2.526692
       -3.071309
       -2.463480
       -2.433772
       -2.402067
       -2.373427
       -2.356831
       -2.385646
       -2.419623
       -2.461904
       -3.168024
       -3.282728
       -3.356306
       -3.376567
       -3.308426
       -3.217420
       -3.083315
       -2.926093
       -2.337399
       -2.340392
       -2.355230
       -2.342442
       -2.586670
       -2.745036
       -3.399109
       -3.427727
       -3.384114
       -3.421192
       -2.472007
       -2.758872
       -2.395469
       -2.603806
       -2.363048
       -2.313288
       -2.904835
       -3.019798
       -2.289527
       -2.295532
       -2.327750
       -3.056816
       -3.046047
       -2.949905
       -2.358632
       -2.309481
       -2.287826
       -2.296152
       -2.333913
       -2.401797
       -2.816947
       -2.969749
       -3.041465
       -3.028316
       -3.059723
       -2.858065
       -2.497779
       -2.286280
       -2.373964
       -2.458071
       -2.598508
       -2.280335
       -2.269735
       -2.243628
       -2.237911
       -2.251445
       -2.231813
       -2.228795
       -2.241401
       -2.248862
       -2.230195
       -2.263149
       -2.284068
       -2.316168
       -2.495331
       -2.549239
       -2.596385
       -2.632236
       -2.663351
       -2.673026
       -2.612390
       -2.661347
       -2.686176
       -2.675960
       -2.673402
       -2.595987
       -2.602094
       -2.189343
       -2.160736
       -2.202405
       -2.163220
       -2.256749
       -2.164814
       -2.239652
       -2.160928
       -2.234737
       -2.170904
       -2.215415
       -2.162874
       -2.160441
       -2.256128
       -2.244421
       -2.160175
       -2.243370
       -2.160582
       -2.160184
       -2.160911
       -2.159669
       -2.165267
       -2.160115
       -2.172200
       -2.181003
       -2.204352
       -2.232845
       -2.250605
       -2.259128
       -2.257915
       -2.240217
       -2.236049
       -2.214653
       -2.039825
       -2.078088
       -2.070746
       -2.082463
       -2.091036
       -2.050399
       -2.072741
       -2.054703
       -2.089515
       -2.078115
       -2.094555
       -2.091783
       -1.994187
       -2.034575
       -1.938904
       -1.925228
       -1.899128
       -1.856618
       -1.876597
       -1.841588
       -1.841284
       -1.838485
       -1.833833
       -1.788931
       -1.836764
       -1.862886
       -1.851910
       -1.879734
       -2.034811
       -1.851453
       -1.883982
       -1.974007
       -1.557077
       -2.032798
       -2.017705
       -1.993287
       -2.024870
       -1.474982
       -1.454765
       -1.450383
       -1.517004
       -1.963020
       -2.011265
       -2.033264
       -2.029580
       -1.998154
       -1.935203
       -1.613392
       -1.508637
       -1.463042
       -1.445330
       -1.455225
       -1.587874
       -1.882313
       -1.652015
       -1.927714
       -1.698777
       -1.966674
       -1.980256
       -1.980879
       -1.980591
       -1.780236
       -1.651836
       -1.079761
       -1.099071
       -1.069019
       -1.095119
       -1.857547
       -1.887030
       -1.918501
       -1.946522
       -1.970037
       -1.944051
       -1.913106
       -1.876677
       -1.278710
       -1.181981
       -1.114321
       -1.125934
       -1.170198
       -1.242503
       -1.511608
       -1.361082
       -1.620170
       -1.813904
       -1.348871
       -1.930749
       -0.761499
       -1.910753
       -0.772224
       -1.937501
       -0.704212
       -1.804158
       -1.558664
       -1.885660
       -1.929306
       -1.937323
       -1.912379
       -1.718644
       -1.375726
       -0.727638
       -0.780897
       -0.710483
       -0.835888
       -1.868583
       -0.768835
       -1.847357
       -0.911324
       -1.818633
       -1.835503
       -0.927796
       -1.159723
       -1.776026
       -1.032355
       -1.743395
       -1.882158
       -1.896027
       -1.860988
       -1.898287
       -1.886390
       -1.899132
       -1.579503
       -1.388924
       -0.368970
       -0.434680
       -0.328558
       -0.402054
       -0.356432
       -0.323158
       -1.264028
       -1.774079
       -1.833893
       -1.857405
       -1.686131
       -1.082000
       -0.428851
       -0.478467
       -0.860987
       -1.699910
       -0.832455
       -1.865466
       -1.858923
       -1.566798
       -1.118953
        0.058466
        0.084235
       -1.788250
       -1.863022
       -1.798967
       -1.754685
       -1.392218
       -0.715627
       -0.556278
        0.086250
       -0.568999
       -1.848728
       -0.097859
       -1.818452
       -0.006655
       -1.727893
       -1.787045
       -1.842395
       -1.861732
       -1.809776
       -1.672121
       -0.777487
       -0.257719
       -0.006950
        0.047325
       -0.093344
       -0.589086
       -1.740899
       -0.403836
       -1.742765
       -0.178977
       -1.658778
       -1.410947
       -1.570367
       -1.149863
       -0.818034
       -0.883278
       -1.690617
       -1.782027
       -1.808686
       -1.827731
       -1.833753
       -1.837314
       -1.834752
       -1.823214
       -1.809456
       -1.755154
       -1.674915
       -0.458090
       -0.108940
        0.072372
        0.499950
        0.427728
        0.311380
        0.533059
        0.526856
        0.488777
        0.414480
       -0.313325
       -1.209465
       -1.629169
       -0.518725
       -1.749825
       -1.442808
       -0.870626
        0.303663
       -1.764466
        0.271579
       -1.816393
        0.974708
       -1.809213
       -1.583969
       -0.506084
        0.762444
       -1.799106
        0.999779
       -1.659407
       -1.706984
       -1.778962
       -1.812737
       -1.815696
       -1.790424
       -1.693163
       -0.129359
        0.900285
        0.530604
        1.003711
        0.968099
       -0.064740
        0.251753
       -1.752401
        0.894717
       -1.604150
       -1.726705
       -1.718658
       -1.288055
       -1.484313
       -1.617430
       -0.953531
       -0.553507
        0.223955
       -0.194101
        0.745777
       -0.466258
       -1.697868
        0.929612
       -1.655766
        0.114348
       -1.628692
        0.174104
       -1.667342
       -1.776504
       -1.753516
       -1.792758
       -1.802700
       -1.801201
       -1.784571
       -1.758347
       -1.799005
       -1.075466
        0.760414
        1.006194
        1.249404
        1.481216
        1.405536
        1.505447
        1.525658
        1.511067
        0.519682
       -1.363577
       -0.657184
       -1.725725
       -1.725016
       -1.535731
       -0.204647
        0.600844
        1.397902
       -1.792759
       -1.761136
        1.220432
        1.803040
       -1.756844
       -1.787679
        2.016166
        2.081404
       -1.587563
       -1.629092
       -1.663433
       -1.694279
       -1.774432
       -1.795688
       -1.782011
       -1.672810
       -1.199316
       -1.599894
       -0.803023
        0.110753
        0.427825
        1.499441
        1.931055
        2.059195
        1.127325
        0.794486
        1.479870
        0.192733
       -1.706205
        2.087073
       -1.582070
       -1.732980
       -1.734342
       -1.441893
       -0.308791
        1.017362
        2.070584
        0.522815
       -1.694815
       -0.979438
        0.784956
       -1.642164
        1.540519
       -1.673405
       -1.610445
       -1.762604
       -1.775925
       -1.741235
       -1.786049
       -1.788587
       -1.786815
       -1.768424
       -1.320798
       -1.624124
       -0.495365
        0.447137
        2.384676
        1.685028
        1.975910
        2.522978
        2.628421
        2.686600
        2.732276
        1.904832
        1.134311
       -1.769164
       -1.529203
        0.089517
        3.314454
       -1.715872
       -1.686080
       -1.777883
       -1.788582
       -1.742873
       -1.712670
        1.205484
        2.367807
        1.474916
        3.202821
        2.719683
        2.644946
       -1.582265
        0.945446
       -1.774757
        2.151036
       -1.786472
       -1.728861
        3.067883
        3.405860
       -1.652995
       -1.620162
       -1.749892
       -1.782680
       -1.786766
       -1.148455
       -1.660864
       -1.424997
       -0.698973
       -0.144350
        0.849142
        2.959252
        2.507121
        3.381713
        2.369369
        1.891738
       -1.670814
        3.149372
       -1.783120
       -1.735496
       -1.299780
       -0.383488
        1.686698
        2.859413
       -1.702416
       -1.590302
       -1.776885
       -1.782670
       -1.742497
       -1.760207
       -1.757829
       -1.590371
       -0.922621
        0.496946
        1.970249
        3.773393
        4.129412
        4.052389
        3.932772
        3.389163
        1.580262
       -1.650068
        0.935668
       -1.634073
       -1.695024
       -1.720834
       -1.790394
       -1.777323
       -1.701194
       -1.790821
       -1.510285
        0.218548
        1.324606
        2.563882
        3.418252
        3.608275
        4.122476
        4.017372
        2.721251
       -1.602838
        2.328503
       -1.784362
       -1.756169
       -1.717009
        4.587117
        4.893375
        4.904470
       -1.664820
       -1.739065
       -1.772849
       -1.793106
       -1.790329
       -1.764239
       -1.740719
       -1.589262
       -1.130843
       -1.415186
       -0.649606
        0.607027
       -0.060965
        1.868405
        2.287790
        3.051850
        4.330844
        4.953741
        4.769624
        3.736121
       -1.801358
        4.037692
       -0.909858
       -1.691526
       -1.737427
       -1.638985
       -1.755425
       -1.771444
       -1.787075
       -1.799054
       -1.703014
        1.420244
        3.614316
        4.702755
        5.864783
        5.848821
        3.433905
        5.708689
        5.488915
       -1.747658
        1.951759
       -1.793433
       -1.516437
        0.274865
        3.071144
       -1.669611
        4.583857
       -1.695141
       -1.715915
       -1.622058
       -1.795852
       -1.804934
       -1.808747
       -1.773635
       -1.297262
       -1.656897
       -0.348067
        1.025288
        5.203657
        4.852663
        2.480197
        4.389812
        5.678984
        5.680297
        3.119738
       -1.756015
        6.936658
       -1.785378
       -1.717597
        6.542399
        6.605517
       -1.811116
        5.845626
       -1.683630
       -1.738089
       -1.654780
       -1.771362
       -1.799196
       -1.811340
       -1.801946
       -1.145815
       -1.433942
       -1.607366
       -1.717192
       -0.638860
       -0.037780
        1.482516
        0.645042
        3.908250
        4.400844
        3.089410
        6.230474
        6.777915
        6.873431
        5.749475
       -1.648703
        4.181435
       -1.821541
       -1.680470
        1.060698
        4.730417
       -1.709175
       -1.772893
       -1.788507
       -1.782697
       -1.734019
       -1.754259
       -1.817412
       -1.819193
        2.499831
        3.770153
        5.343453
        7.804572
        8.128958
        8.059350
        7.933939
        7.030693
       -1.817502
       -1.703968
       -1.332151
       -0.351296
        3.033502
        7.317850
       -1.678135
       -1.728509
       -1.801772
       -1.814806
       -1.828231
       -1.835152
       -1.833027
       -1.767283
       -1.550862
       -0.932466
        0.300993
        1.982797
        4.636667
        5.625959
        6.937837
        6.382518
        7.395867
        8.661191
        5.677070
       -1.820384
       -1.850519
        4.520633
        8.209815
       -1.788774
       -1.751286
        9.229585
        9.396998
       -1.679759
       -1.703908
       -1.725505
       -1.770970
       -1.805436
       -1.835475
       -1.832597
       -1.852966
       -1.747242
       -1.809861
       -1.642324
       -1.486442
       -1.198585
       -0.672072
        1.526584
       -0.043371
        2.545968
        0.664855
        3.690048
        5.543849
        7.527031
        8.791540
        9.455427
        7.446877
        5.297271
        9.206542
       -1.849357
       -1.802010
       -1.002008
        2.064290
        6.748089
       -1.748398
       -1.769438
       -1.788521
       -1.820913
       -1.804713
       -1.863793
       -1.843066
       -1.723248
        1.080896
        3.256048
        4.020912
        9.771718
       10.409060
       10.849510
       10.524146
       10.973614
       -1.747047
       -1.603807
        0.271965
       11.530763
       -1.787388
       -1.711328
       12.674367
        7.113974
       -1.728150
       -1.767500
       -1.805429
       -1.836795
       -1.852364
       -1.865935
       -1.869266
       -1.880711
       -1.846857
       -1.793468
       -1.411423
        1.582574
        2.722962
       -0.389443
        5.465353
        6.524870
        4.801090
        8.230305
       12.447465
        9.036359
       12.487682
        9.800794
       -1.821665
       -1.854427
       -1.887569
       -1.876778
       -1.783695
        1.092398
        3.474954
        6.371142
        9.974734
       11.753453
       -1.741896
       -1.752807
       -1.767444
       -1.786068
       -1.805017
       -1.837515
       -1.868673
       -1.898702
       -1.702619
       -1.294875
       -1.569542
       -0.720029
       -1.850963
        0.640516
       -0.131972
        2.203896
        4.259751
        7.725750
       10.847240
       14.830046
       14.549612
       14.063073
       12.962190
       11.093701
       -1.914609
        5.115650
       -1.785048
       -1.766024
       16.453407
       15.480866
       -1.743875
       -1.802622
       -1.774342
       -1.821726
       -1.838205
       -1.855442
       -1.872428
       -1.899402
       -1.890068
       -1.890943
       -1.691965
       -1.031289
       -1.846717
        0.205901
        1.658413
        2.880708
        7.479953
        5.700064
        9.238178
       11.957521
       13.132614
       14.291845
       17.326372
       16.443204
       10.045384
       -1.820746
       -1.907348
        2.310930
       17.545275
       -1.774251
       -1.892949
       -1.188036
        8.767129
       14.096288
       -1.854729
       14.358402
       -1.534489
       -0.532899
       -1.786351
       -1.782804
       -1.765479
       -1.794428
       -1.837365
       -1.873784
       -1.914147
       -1.916868
       -1.936402
       -1.787604
       -1.852596
        0.589202
        1.095487
        3.660183
        4.523182
        6.878782
       10.972260
       15.946368
       14.636472
       19.580797
       20.136853
       19.928817
       -1.803367
       23.878924
       -1.961044
        3.900496
       -1.798500
       -1.811399
       -1.826518
       -1.873471
       -1.896005
       -1.854507
       -1.838669
       -1.788669
       -1.932244
       -1.938590
       -1.390315
       -0.909732
       -1.901307
       -1.916441
       -1.954419
       -1.693890
        1.688926
        3.062343
        8.166397
        6.138075
        5.447903
       -0.230576
       10.246727
       12.976535
       17.182329
       19.350237
       20.807831
       22.000345
       25.576948
       20.185575
       -1.808068
        0.110482
       -1.797890
       -1.894783
       -1.939419
       -1.931902
        1.278786
        7.310612
       11.953088
       26.409765
       -1.817415
       -1.892370
       -1.871168
       -1.802006
       -1.811329
       -1.919692
       -1.980348
       -1.963959
       -1.957124
       -1.971936
       -1.892754
        2.589733
        4.801577
        0.674657
        1.948128
        6.475796
        9.538153
       15.309235
       13.896715
       26.112457
       30.591310
       20.543715
       -1.886992
       -1.992621
        5.766603
       16.181581
       -1.830477
       -1.855738
       20.634242
       28.017641
       -1.807883
       -1.808580
       -1.822792
       -1.841539
       -1.871597
       -1.915401
       -1.919200
       -1.968408
       -1.991461
       -2.004988
       -1.944830
       -1.548656
       -1.264544
       -0.918824
        3.314012
        7.630719
        8.624731
        4.154109
       11.060762
       18.304745
       12.781364
       23.706296
       34.566187
       34.061317
       31.946854
       -1.817401
       41.454864
       -1.819603
       -1.945619
       -2.034108
        2.813468
       10.027285
       38.758471
       -1.815511
       -1.826333
       -1.833943
       -1.843156
       -1.873849
       -1.891706
       -1.856658
       -1.907442
       -1.942279
       -1.971810
       -1.997672
       -2.020448
       -2.025162
       -1.716010
       -1.981523
       -1.927117
       -2.008397
        0.306053
        1.001456
        1.546194
        2.159342
       -0.638189
        6.686956
        8.879843
        5.081309
       11.455875
       14.939537
       29.221649
       24.502821
       18.176921
       21.298250
       35.994186
       46.578636
       45.428868
       -2.025901
        0.598811
       -1.855320
       -1.268110
       28.772218
       -1.835201
       -1.932121
       -1.996852
       -2.044331
        4.331283
        7.693642
       13.340006
       45.354686
       -1.821487
       -1.821149
       -1.844966
       -1.870689
       -1.912737
       -2.041176
       -2.032812
       -1.845996
       -1.931617
       -1.543909
       -0.151074
       -0.425262
        3.545740
        5.885042
       16.166648
       24.490992
       35.512247
       69.803646
       58.382061
       -1.823163
       -1.891218
       -2.082436
        1.655892
       20.367499
       83.610924
       -1.825660
       -1.827137
       -1.859083
       -1.938931
       -1.963265
       -1.973588
       -2.003286
       -2.062233
       -2.030340
       -2.082666
       -2.088020
       -2.087890
       -1.757179
       -2.070923
       -2.021659
        0.120151
        1.064486
       -0.986654
        2.301382
        3.884481
        4.956529
        3.021724
        6.806002
        8.445684
        9.964588
       11.368683
       13.866424
       30.334832
       61.620576
       63.017981
       -1.823206
       -1.824326
       -1.832179
       -1.845449
       -1.876963
       -1.912088
       17.331082
       24.325169
       38.018142
       55.071574
       87.599183
      150.513006
       -1.823085
      350.938312
       -1.591230
       -2.002508
        9.238010
       -1.860860
       -2.126125
        3.222486
       27.950820
       -1.824869
       -1.933779
       -2.073446
       -2.151219
        1.117697
        5.608390
       14.659409
       53.049675
       -1.964736
       -0.913445
       -2.081974
       -0.292198
       -1.820813
       -1.838714
       -1.895310
       -1.968782
       -2.039451
       -2.103318
       -2.149516
       -2.139135
       -2.143065
       -2.031868
       -2.119884
       -1.811096
        0.575556
        1.698480
        0.160630
       -0.618909
        2.375762
        4.320195
        7.220655
       11.523671
       19.776580
       42.444656
      178.285440
       -1.319073
