          45          56  -1.863354    
          55          62  -1.863354    
          30          38  -1.567398    
          45          57  -1.490683    
          55          63  -1.490683    
          10          13  -1.265823    
          30          39  -1.253918    
          45          58  -1.118012    
          55          64  -1.118012    
          16          32  -1.050000    
          17          33  -1.050000    
          18          34  -1.050000    
          19          35  -1.050000    
          20          36  -1.050000    
          25          32  -1.050000    
          26          33  -1.050000    
          27          34  -1.050000    
          28          35  -1.050000    
          29          36  -1.050000    
          10          14  -1.012658    
          11          21  -1.000000    
          12          22  -1.000000    
          13          23  -1.000000    
          14          24  -1.000000    
          15          25  -1.000000    
          31          50 -0.9722222    
          32          51 -0.9722222    
          33          52 -0.9722222    
          34          53 -0.9722222    
          35          54 -0.9722222    
          40          50 -0.9722222    
          41          51 -0.9722222    
          42          52 -0.9722222    
          43          53 -0.9722222    
          44          54 -0.9722222    
          36          26 -0.9583187    
          37          27 -0.9583187    
          38          28 -0.9583187    
          39          29 -0.9583187    
          50          56 -0.9444444    
          51          57 -0.9444444    
          52          58 -0.9444444    
          53          59 -0.9444444    
          54          60 -0.9444444    
          30          40 -0.9404389    
          21           2 -0.9159533    
          22           3 -0.9159533    
          23           4 -0.9159533    
          24           5 -0.9159533    
           1           8 -0.8341818    
           2           9 -0.8341818    
           3          10 -0.8341818    
           4          11 -0.8341818    
          46          44 -0.8242248    
          47          45 -0.8242248    
          48          46 -0.8242248    
          49          47 -0.8242248    
           5           2 -0.8000000    
           6           3 -0.8000000    
           7           4 -0.8000000    
           8           5 -0.8000000    
           9           6 -0.8000000    
          10          15 -0.7594937    
          45          59 -0.7453416    
          55          65 -0.7453416    
          30          41 -0.6269592    
          10          16 -0.5063291    
          45          60 -0.3726708    
          55          66 -0.3726708    
           1          18 -0.3361556    
          30          42 -0.3134796    
           2          18 -0.2939196    
          21          43 -0.2788416    
           5           1 -0.2788416    
          22          43 -0.2680186    
           6           1 -0.2680186    
          53          55 -0.2667757    
          54          55 -0.2630706    
          49          67 -0.2541193    
          10          17 -0.2531646    
          38          61 -0.2475675    
          48          67 -0.2421498    
          34          49 -0.2362845    
          43          49 -0.2362845    
          37          61 -0.2356469    
          23          43 -0.2323717    
           7           1 -0.2323717    
          33          49 -0.2303917    
          42          49 -0.2303917    
          18          31 -0.2286264    
          27          31 -0.2286264    
          17          31 -0.2232997    
          26          31 -0.2232997    
           3          18 -0.2214815    
          13          20 -0.2144206    
          12          20 -0.2140392    
          52          55 -0.2122056    
          39          61 -0.2074873    
          11          20 -0.2071759    
          16          31 -0.2070986    
          25          31 -0.2070986    
          36          61 -0.2069954    
          19          31 -0.2024528    
          28          31 -0.2024528    
          14          20 -0.1986768    
          32          49 -0.1947711    
          41          49 -0.1947711    
          47          67 -0.1918557    
          35          49 -0.1803900    
          44          49 -0.1803900    
          15          20 -0.1656874    
          31          49 -0.1581626    
          40          49 -0.1581626    
          24          43 -0.1575082    
           8           1 -0.1575082    
          51          55 -0.1514908    
          46          67 -0.1443354    
          20          31 -0.1385226    
          29          31 -0.1385226    
           4          18 -0.1189860    
          50          55 -0.1064573    
           9           1 -6.3259780E-02
           9           7  1.1782910E-02
          29           1  3.1629890E-02
           8           7  4.7594391E-02
          40          55  5.3228639E-02
          41          55  7.5745419E-02
          28           1  7.8754112E-02
          25          37  8.1474490E-02
           7           7  8.8592619E-02
          31          37  9.0527207E-02
          29          37  9.2419088E-02
          26          37  9.7890154E-02
          20          20  9.9412464E-02
          35          37  0.1026879    
          42          55  0.1061028    
          32          37  0.1087668    
          27          37  0.1131608    
          28          37  0.1150555    
          27           1  0.1161859    
           6           7  0.1175679    
          19          20  0.1192061    
          16          20  0.1243055    
          33          37  0.1257342    
          34          37  0.1278394    
          17          20  0.1284235    
          18          20  0.1286524    
          44          55  0.1315353    
          43          55  0.1333878    
          26           1  0.1340093    
           5           7  0.1344622    
          25           1  0.1394208    
          31          44  0.2500000    
          32          45  0.2500000    
          33          46  0.2500000    
          34          47  0.2500000    
          35          48  0.2500000    
          11          13  0.3333333    
          12          14  0.3333333    
          13          15  0.3333333    
          14          16  0.3333333    
          15          17  0.3333333    
          25           2  0.4000000    
          26           3  0.4000000    
          27           4  0.4000000    
          28           5  0.4000000    
          29           6  0.4000000    
           5          13  0.4000000    
           5           8  0.4000000    
           6          14  0.4000000    
           6           9  0.4000000    
           7          15  0.4000000    
           7          10  0.4000000    
           8          11  0.4000000    
           8          16  0.4000000    
           9          12  0.4000000    
           9          17  0.4000000    
          50          62  0.4444444    
          51          63  0.4444444    
          52          64  0.4444444    
          53          65  0.4444444    
          54          66  0.4444444    
          16          26  0.4500000    
          17          27  0.4500000    
          18          28  0.4500000    
          19          29  0.4500000    
          20          30  0.4500000    
          40          56  0.4722222    
          41          57  0.4722222    
          42          58  0.4722222    
          43          59  0.4722222    
          44          60  0.4722222    
          40          26  0.5000000    
          41          27  0.5000000    
          42          28  0.5000000    
          43          29  0.5000000    
          44          30  0.5000000    
          50          44  0.5000000    
          51          45  0.5000000    
          52          46  0.5000000    
          53          47  0.5000000    
          54          48  0.5000000    
           4          16  0.5063291    
          16          21  0.6000000    
          17          22  0.6000000    
          18          23  0.6000000    
          19          24  0.6000000    
          20          25  0.6000000    
          24          41  0.6269592    
          25          38  0.6500000    
          26          39  0.6500000    
          27          40  0.6500000    
          28          41  0.6500000    
          29          42  0.6500000    
          15          19  0.6666667    
          31          38  0.7222222    
          32          39  0.7222222    
          33          40  0.7222222    
          34          41  0.7222222    
          35          42  0.7222222    
          39          59  0.7453416    
          49          65  0.7453416    
           3          15  0.7594937    
          23          40  0.9404389    
          60          32  0.5000000    
          60          33  0.5000000    
          60          34  0.5000000    
          60          35  0.5000000    
          60          36  0.5000000    
          30          43   1.000000    
          45          61   1.000000    
          55          67   1.000000    
          56          19   1.000000    
          57          11   1.000000    
          57          12   1.000000    
          57           8   1.000000    
          57           9   1.000000    
          57          10   1.000000    
          58          13   1.000000    
          58          14   1.000000    
          58          15   1.000000    
          58          16   1.000000    
          58          17   1.000000    
          59          21   1.000000    
          59          22   1.000000    
          59          23   1.000000    
          59          24   1.000000    
          59          25   1.000000    
          60          32  0.5000000    
          60          33  0.5000000    
          60          34  0.5000000    
          60          35  0.5000000    
          60          36  0.5000000    
          61           2   1.000000    
          61           3   1.000000    
          61           4   1.000000    
          61           5   1.000000    
          61           6   1.000000    
          62          38   1.000000    
          62          39   1.000000    
          62          40   1.000000    
          62          41   1.000000    
          62          42   1.000000    
          63          50   1.000000    
          63          51   1.000000    
          63          52   1.000000    
          63          53   1.000000    
          63          54   1.000000    
          64          26   1.000000    
          64          27   1.000000    
          64          28   1.000000    
          64          29   1.000000    
          64          30   1.000000    
          65          56   1.000000    
          65          57   1.000000    
          65          58   1.000000    
          65          59   1.000000    
          65          60   1.000000    
          66          44   1.000000    
          66          45   1.000000    
          66          46   1.000000    
          66          47   1.000000    
          66          48   1.000000    
          67          62   1.000000    
          67          63   1.000000    
          67          64   1.000000    
          67          65   1.000000    
          67          66   1.000000    
          10          18   1.000000    
           2          14   1.012658    
          38          58   1.118012    
          48          64   1.118012    
          22          39   1.253918    
           1          13   1.265823    
          37          57   1.490683    
          47          63   1.490683    
          21          38   1.567398    
          36          56   1.863354    
          46          62   1.863354    
