                -0.2788416
                -0.2680186
                -0.2323717
                -0.1575082
               -0.06325978
                 0.1394208
                 0.1340093
                 0.1161859
               0.078754112
                0.03162989
                      -0.8
                -0.9159533
                       0.4
                         1
                      -0.8
                -0.9159533
                       0.4
                         1
                      -0.8
                -0.9159533
                       0.4
                         1
                      -0.8
                -0.9159533
                       0.4
                         1
                      -0.8
                       0.4
                         1
                 0.1344622
                 0.1175679
               0.088592619
               0.047594391
                0.01178291
                -0.8341818
                       0.4
                         1
                -0.8341818
                       0.4
                         1
                -0.8341818
                       0.4
                         1
                -0.8341818
                       0.4
                         1
                       0.4
                         1
                  1.265823
                       0.4
                 -1.265823
                 0.3333333
                         1
                  1.012658
                       0.4
                 -1.012658
                 0.3333333
                         1
                 0.7594937
                       0.4
                -0.7594937
                 0.3333333
                         1
                 0.5063291
                       0.4
                -0.5063291
                 0.3333333
                         1
                       0.4
                -0.2531646
                 0.3333333
                         1
                -0.3361556
                -0.2939196
                -0.2214815
                 -0.118986
                         1
        0.6666666999999999
                         1
                -0.2071759
                -0.2140392
                -0.2144206
                -0.1986768
                -0.1656874
                 0.1243055
                 0.1284235
                 0.1286524
                 0.1192061
       0.09941246400000001
                        -1
                       0.6
                         1
                        -1
                       0.6
                         1
                        -1
                       0.6
                         1
                        -1
                       0.6
                         1
                        -1
                       0.6
                         1
                      0.45
                -0.9583187
                       0.5
                         1
                      0.45
                -0.9583187
                       0.5
                         1
                      0.45
                -0.9583187
                       0.5
                         1
                      0.45
                -0.9583187
                       0.5
                         1
                      0.45
                       0.5
                         1
                -0.2070986
                -0.2232997
                -0.2286264
                -0.2024528
                -0.1385226
                -0.2070986
                -0.2232997
                -0.2286264
                -0.2024528
                -0.1385226
                     -1.05
                     -1.05
                         1
                     -1.05
                     -1.05
                         1
                     -1.05
                     -1.05
                         1
                     -1.05
                     -1.05
                         1
                     -1.05
                     -1.05
                         1
                0.08147449
       0.09789015399999999
                 0.1131608
                 0.1150555
               0.092419088
               0.090527207
                 0.1087668
                 0.1257342
                 0.1278394
                 0.1026879
                  1.567398
                      0.65
                 -1.567398
                 0.7222222
                         1
                  1.253918
                      0.65
                 -1.253918
                 0.7222222
                         1
                 0.9404389
                      0.65
                -0.9404389
                 0.7222222
                         1
                 0.6269592
                      0.65
                -0.6269592
                 0.7222222
                         1
                      0.65
                -0.3134796
                 0.7222222
                         1
                -0.2788416
                -0.2680186
                -0.2323717
                -0.1575082
                         1
                      0.25
                -0.8242248
                       0.5
                         1
                      0.25
                -0.8242248
                       0.5
                         1
                      0.25
                -0.8242248
                       0.5
                         1
                      0.25
                -0.8242248
                       0.5
                         1
                      0.25
                       0.5
                         1
                -0.1581626
                -0.1947711
                -0.2303917
                -0.2362845
                  -0.18039
                -0.1581626
                -0.1947711
                -0.2303917
                -0.2362845
                  -0.18039
                -0.9722222
                -0.9722222
                         1
                -0.9722222
                -0.9722222
                         1
                -0.9722222
                -0.9722222
                         1
                -0.9722222
                -0.9722222
                         1
                -0.9722222
                -0.9722222
                         1
               0.053228639
       0.07574541899999999
                 0.1061028
                 0.1333878
                 0.1315353
                -0.1064573
                -0.1514908
                -0.2122056
                -0.2667757
                -0.2630706
                  1.863354
                 0.4722222
                 -1.863354
                -0.9444444
                         1
                  1.490683
                 0.4722222
                 -1.490683
                -0.9444444
                         1
                  1.118012
                 0.4722222
                 -1.118012
                -0.9444444
                         1
                 0.7453416
                 0.4722222
                -0.7453416
                -0.9444444
                         1
                 0.4722222
                -0.3726708
                -0.9444444
                         1
                -0.2069954
                -0.2356469
                -0.2475675
                -0.2074873
                         1
                  1.863354
                 0.4444444
                 -1.863354
                         1
                  1.490683
                 0.4444444
                 -1.490683
                         1
                  1.118012
                 0.4444444
                 -1.118012
                         1
                 0.7453416
                 0.4444444
                -0.7453416
                         1
                 0.4444444
                -0.3726708
                         1
                -0.1443354
                -0.1918557
                -0.2421498
                -0.2541193
                         1
