   0.0000000e+00
   0.0000000e+00
   0.0000000e+00
   0.0000000e+00
   0.0000000e+00
   0.0000000e+00
   0.0000000e+00
   0.0000000e+00
   0.0000000e+00
   0.0000000e+00
   0.0000000e+00
   0.0000000e+00
   0.0000000e+00
   0.0000000e+00
   0.0000000e+00
   0.0000000e+00
   0.0000000e+00
   2.7745240e-01
   1.6411701e-01
   5.3064444e-01
   5.0592493e-01
   1.2617546e-02
   4.1280402e-01
   0.0000000e+00
   0.0000000e+00
   6.3816700e-02
   1.2490106e-01
   5.5011184e-01
   4.0873411e-01
   3.2556237e-01
   3.5196568e-02
   7.3101790e-01
   6.8721125e-01
   6.4162710e-01
   3.0769605e-01
   4.7891692e-01
   9.5000515e-01
   9.2639615e-01
   6.6590605e-01
   2.5955514e-02
   0.0000000e+00
   0.0000000e+00
   1.3840477e-01
   2.4242430e-01
   7.0148292e-02
   4.4724969e-01
   9.3734737e-01
   1.0788331e+00
   8.1526134e-01
   5.7993003e-01
   8.7021401e-01
   5.1809447e-01
   1.0793083e+00
   3.7414947e-01
   2.2630099e-01
   1.8038627e-02
   0.0000000e+00
   0.0000000e+00
   6.5011998e-01
   1.0684104e+00
   1.1217709e-01
   4.7555201e-01
   4.6723419e-02
   1.1343349e+00
   8.2071599e-01
   6.1150690e-01
   7.0701167e-01
   4.5203739e-01
   4.0329710e-01
   8.6139225e-01
   2.1335434e-01
   0.0000000e+00
   0.0000000e+00
   1.3679998e-02
   3.7225549e-01
   1.0652232e+00
   8.3540579e-01
   3.6273883e-01
   0.0000000e+00
   0.0000000e+00
   0.0000000e+00
   0.0000000e+00
   0.0000000e+00
   0.0000000e+00
   0.0000000e+00
   0.0000000e+00
   0.0000000e+00
   2.4423405e-01
   8.4068521e-01
   0.0000000e+00
   0.0000000e+00
   2.5748992e-01
   3.1170172e-03
   3.5283072e-01
   8.9916790e-01
   0.0000000e+00
   0.0000000e+00
   0.0000000e+00
   0.0000000e+00
   0.0000000e+00
   0.0000000e+00
   0.0000000e+00
   0.0000000e+00
   9.3965981e-01
   2.7039056e-01
   3.0966139e-01
   5.2260406e-03
   3.4861666e-01
   8.9054843e-01
   0.0000000e+00
   0.0000000e+00
   0.0000000e+00
   7.9270670e-01
   1.6127908e-01
   5.2037338e-01
   1.7360369e-02
   6.3867375e-01
   3.9518377e-01
   0.0000000e+00
   0.0000000e+00
   1.0488923e+00
   3.1015087e-01
   4.2387983e-01
   8.4796590e-01
   4.3034102e-02
   9.4888758e-01
   5.9506446e-01
   9.9448560e-02
   8.2481234e-01
   1.0120198e+00
   0.0000000e+00
   0.0000000e+00
   5.8755593e-01
   1.8906478e-01
   5.3846669e-01
   1.9947247e-02
   7.7880374e-01
   9.1165060e-01
   2.7120908e-01
   3.7086987e-01
   4.9314887e-02
   7.4211095e-01
   9.9989842e-01
   8.9837336e-01
   6.5295852e-01
   8.9666165e-02
   0.0000000e+00
   0.0000000e+00
   7.4353850e-01
   6.3001489e-01
   6.1879408e-01
   4.0959474e-01
   1.1731569e-01
   2.0529490e-02
   0.0000000e+00
   0.0000000e+00
   3.8867794e-02
   7.7702961e-01
   4.6331328e-01
   8.6242180e-01
   4.9022252e-01
   3.9086615e-01
   5.0274410e-01
   4.8037013e-02
   0.0000000e+00
   0.0000000e+00
   0.0000000e+00
   0.0000000e+00
   0.0000000e+00
   0.0000000e+00
   1.5950980e-02
   5.6386252e-01
   3.7246760e-01
   5.8372308e-01
   2.2766293e-02
   3.0839633e-01
   2.4175404e-01
   1.9926345e-02
   0.0000000e+00
   0.0000000e+00
   6.9949546e-01
   0.0000000e+00
   0.0000000e+00
   0.0000000e+00
   0.0000000e+00
   1.0149396e-02
   4.2998176e-01
   3.1745074e-01
   0.0000000e+00
   0.0000000e+00
   5.8810437e-01
   1.6676171e-02
   0.0000000e+00
   0.0000000e+00
   1.2341997e-02
   2.0486236e-01
   2.7075598e-01
   3.8203271e-01
   1.6110546e-02
   5.4606415e-01
   5.6244062e-03
   9.6125394e-02
   3.2018096e-01
   2.5475998e-01
   3.0494527e-01
   4.8490678e-01
   2.6678344e-01
   1.5921665e-02
   4.0811963e-02
   0.0000000e+00
   0.0000000e+00
   1.0619706e-02
   5.7284144e-03
   1.4952795e-01
   3.9095744e-01
   2.5236093e-01
   3.7623671e-01
   2.3452666e-02
   2.0538750e-01
   7.1227431e-02
   1.5125423e-01
   1.0795221e-02
   3.1110086e-01
   2.4337136e-01
   2.8775759e-01
   2.3001644e-03
   0.0000000e+00
   0.0000000e+00
   3.5471138e-02
   4.4342232e-03
   1.9061838e-01
   6.7203857e-02
   1.4314843e-01
   2.2852243e-01
   1.4373215e-02
   8.9311700e-02
   3.3920662e-02
   0.0000000e+00
   0.0000000e+00
   0.0000000e+00
   1.1375503e-03
   1.5339084e-01
   1.6519013e-01
   0.0000000e+00
   0.0000000e+00
   1.8511958e-02
   0.0000000e+00
   0.0000000e+00
   0.0000000e+00
   0.0000000e+00
   0.0000000e+00
   0.0000000e+00
   1.5753588e-02
   8.0094937e-02
   0.0000000e+00
   0.0000000e+00
   1.0965728e-02
   1.1298153e-02
   5.7174727e-02
   1.9825421e-04
   0.0000000e+00
   0.0000000e+00
   0.0000000e+00
   0.0000000e+00
   0.0000000e+00
   0.0000000e+00
   3.4323123e-02
   5.1595861e-03
   0.0000000e+00
   0.0000000e+00
   3.1188368e-03
   0.0000000e+00
   0.0000000e+00
   0.0000000e+00
   5.4325680e-03
   3.0061333e-02
   9.5936259e-05
   1.1530552e-02
   1.8182223e-03
   2.4553371e-03
   9.1446053e-03
   2.2928551e-04
   2.0546531e-03
   1.7875275e-02
   3.0759480e-03
   0.0000000e+00
   0.0000000e+00
   1.3530044e-03
   3.7469208e-03
   5.0722796e-03
   7.9916366e-04
   1.4424752e-04
   1.2979474e-02
   2.8194329e-03
   8.4040184e-03
   1.4256567e-03
   2.6117038e-03
   6.4040016e-03
   3.9012518e-04
   2.8120423e-03
   0.0000000e+00
   0.0000000e+00
   1.4500347e-03
   7.8280370e-03
   1.5383391e-03
   3.3504784e-03
   4.1115837e-03
   6.6587656e-04
   1.6190513e-04
   1.5128827e-03
   5.1722782e-03
   3.6432667e-03
   6.4834275e-04
   1.6604688e-03
   2.9096065e-04
   1.8384143e-03
   3.0777333e-03
   0.0000000e+00
   0.0000000e+00
   7.7835477e-04
   1.1283041e-04
   2.3445514e-03
   2.0525118e-03
   0.0000000e+00
   0.0000000e+00
   3.9007807e-04
   0.0000000e+00
   0.0000000e+00
   0.0000000e+00
   0.0000000e+00
   8.1434379e-04
   1.1343371e-04
   0.0000000e+00
   0.0000000e+00
   1.1198183e-03
   1.8480482e-04
   9.3064565e-04
   6.9854377e-04
   1.1233563e-03
   8.8799503e-04
   1.5420097e-04
   3.7628051e-04
   0.0000000e+00
   0.0000000e+00
   0.0000000e+00
   0.0000000e+00
   7.4959654e-05
   5.7088450e-04
   0.0000000e+00
   0.0000000e+00
   5.0829206e-04
   9.5930141e-05
   5.3249083e-04
   7.4326229e-05
   3.2751840e-04
   3.5705217e-04
   0.0000000e+00
   0.0000000e+00
   2.1276421e-04
   3.2021259e-05
   1.6117287e-04
   3.7698104e-05
   1.4718989e-04
   1.3573901e-04
   0.0000000e+00
   0.0000000e+00
   4.8777112e-05
   2.4672107e-04
   2.5295560e-04
   2.5601919e-04
   4.7693393e-05
   4.1750764e-05
   9.3556248e-05
   7.4018573e-05
   1.4068233e-04
   1.0860775e-04
   1.7620934e-05
   1.1561801e-04
   9.8150481e-05
   1.2830617e-04
   0.0000000e+00
   0.0000000e+00
   3.4120051e-05
   2.5850170e-05
   1.2394465e-04
   9.7203981e-05
   1.1022282e-04
   2.4186260e-05
   3.7079303e-05
   7.7454748e-05
   5.4284484e-05
   7.1599851e-05
   6.5816510e-05
   0.0000000e+00
   0.0000000e+00
   9.7399056e-06
   5.0941310e-05
   4.7464587e-05
   1.9542245e-05
   5.7481098e-05
   0.0000000e+00
   0.0000000e+00
   0.0000000e+00
   3.6607454e-05
   2.4487596e-05
   1.7978476e-05
   3.9414561e-05
   2.0499327e-06
   1.1106345e-05
   0.0000000e+00
   0.0000000e+00
   0.0000000e+00
   0.0000000e+00
   0.0000000e+00
   0.0000000e+00
   0.0000000e+00
   0.0000000e+00
   1.8150271e-05
   9.3179825e-06
   7.8866651e-06
   1.3903771e-05
   0.0000000e+00
   0.0000000e+00
   2.2258190e-06
   4.1201677e-07
   0.0000000e+00
   0.0000000e+00
   0.0000000e+00
   0.0000000e+00
   0.0000000e+00
   0.0000000e+00
   0.0000000e+00
   0.0000000e+00
   0.0000000e+00
   8.7740096e-06
   6.7532022e-06
   4.5789809e-06
   3.5031145e-06
   0.0000000e+00
   0.0000000e+00
   3.8838344e-06
   2.1828870e-06
   5.9928322e-07
   1.6345432e-07
   2.8702595e-06
   2.7144989e-07
   6.1582301e-07
   1.8709277e-06
   4.6813846e-06
   1.4727491e-06
   7.1932024e-07
   1.7772405e-06
   2.4063810e-06
   3.8679484e-06
   2.2619730e-06
   0.0000000e+00
   0.0000000e+00
   1.4058509e-06
   2.6450815e-06
   1.5707866e-07
   3.6796520e-07
   2.0435623e-06
   2.6720518e-06
   7.1051287e-07
   1.2911623e-06
   3.6532952e-07
   1.4837011e-06
   1.4431009e-06
   6.9213212e-07
   1.4311965e-06
   0.0000000e+00
   0.0000000e+00
   1.3631181e-06
   1.0607228e-06
   2.0655063e-06
   1.2716090e-07
   1.5601183e-06
   2.6692101e-07
   1.1098301e-06
   6.9890505e-07
   1.2242857e-06
   3.7769429e-07
   7.6019697e-07
   8.4131221e-07
   2.9463615e-07
   7.2782553e-07
   1.5986777e-07
   0.0000000e+00
   0.0000000e+00
   4.4424357e-07
   5.7971972e-07
   5.5955633e-08
   8.2279927e-07
   6.5421109e-07
   1.2631154e-07
   0.0000000e+00
   0.0000000e+00
   0.0000000e+00
   0.0000000e+00
   0.0000000e+00
   0.0000000e+00
   0.0000000e+00
   0.0000000e+00
   0.0000000e+00
   0.0000000e+00
   0.0000000e+00
   0.0000000e+00
   0.0000000e+00
   0.0000000e+00
   0.0000000e+00
   0.0000000e+00
   0.0000000e+00
