        0.000000
        1.486450
        1.408088
        1.861313
        2.349739
        2.425991
        2.259700
        1.866606
        1.446165
        1.587606
        1.874666
        2.184560
        2.246544
        2.020560
        1.752895
        1.380179
        1.503589
        1.903469
        2.306614
        2.403284
        1.998587
        1.140946
        0.564857
        1.120547
        1.895151
        2.756878
        3.032363
        2.667025
       -0.291765
       -0.946745
        0.437411
        1.928065
        3.556556
        5.196270
        3.180842
       -8.238151
       -3.678838
       -0.722670
        1.809598
        4.015361
        8.694532
       16.609483
      -25.391743
       -1.907366
        0.260108
        1.816083
        2.959204
        7.577825
       32.122606
