    1.0072070000000000e+00
    1.0223069999999999e+00
    4.1323633333333332e-01
    4.3363833333333335e-01
   -8.5455666666666688e-04
    1.2217676666666668e-02
    3.0233500000000002e+00
    1.6680016666666668e+00
    3.8307800000000003e-02
   -2.9583566666666661e-02
   -4.7076333333333331e-02
    1.8048996666666666e+00
   -3.0747733333333332e-01
   -2.5989666666666666e-01
    7.7610266666666661e-01
    1.8350070000000001e+00
    1.2440050000000000e+00
    1.3134300000000002e-01
    4.1089300000000001e-01
   -1.7839856666666667e-02
    1.5952150000000002e-02
    9.9408333333333293e-04
    2.0706666666666668e-02
    3.1032966666666666e+00
    6.8907016666666676e-01
    1.8770985000000000e+00
    8.9364483333333344e-01
   -2.5780216666666667e-01
   -4.8883016666666662e-01
    1.3597166666666667e+00
    1.2594333333333334e+00
    9.0916666666667947e-03
    1.3113233333333334e+00
    1.3562000000000001e+00
   -1.5453653333333333e-02
    1.4006523333333334e+00
    5.4221333333333332e-01
    4.7594466666666668e-02
    1.1708433333333332e-02
    6.2670233333333339e-02
   -2.4006923333333333e-01
   -5.7382233333333331e-02
    9.1207500000000008e-01
   -8.3243133333333330e-03
    2.1837519999999999e-02
   -3.9975179999999992e-02
    1.4090099999999999e-02
   -2.8531650000000003e-01
   -6.0346900000000002e-02
   -1.1811533333333335e-01
   -1.3490656666666665e-02
   -1.2248893333333333e-01
    2.5663933333333339e-01
    1.0419593333333335e+00
    1.0322056666666668e+00
    1.7934533333333331e+00
    1.0710690000000000e+00
   -2.9860466666666658e-02
    8.9132333333333345e-03
    3.6236466666666668e-02
    8.3775499999999992e-03
    7.6803466666666665e-03
    2.5457766666666665e-01
    2.7188699999999999e-01
    1.3459800000000002e+00
    5.8098333333333439e-02
    5.3910800000000003e-01
    1.8153963333333334e+00
    1.8146163333333334e+00
    7.7636633333333338e-01
    1.7007600000000000e+00
    1.6329323333333334e+00
    5.1121133333333324e-01
    1.7403816666666667e+00
   -5.2874566666666667e-01
   -4.2707500000000004e-01
    5.8424866666666675e-01
    1.7117483333333334e+00
    1.8628656666666668e+00
   -2.7754163333333332e-01
    1.1525019999999999e+00
    3.6494033333333337e-01
    9.3467000000000000e-01
    2.2101066666666669e+00
    9.7324666666666648e-01
    6.0145033333333331e-01
    1.4574026666666668e+00
    3.5087433333333334e-01
   -5.8443900000000005e-03
   -7.0446466666666666e-02
    3.0644443333333337e-02
   -6.2179666666666647e-03
    1.1512433333333340e-03
   -2.5461000000000001e-02
   -4.8154466666666673e-02
    1.2914656666666666e+00
    2.0501946666666663e-02
    1.3165010000000001e+00
    4.7645000000000010e-01
   -1.4135760000000000e-01
    3.1735300000000000e-01
   -1.4743626666666668e-01
    5.7496999999999991e-03
    2.8163753333333333e-02
   -3.6203913333333330e-02
    9.5057400000000003e-01
   -1.0071696666666667e-01
    3.1595766666666675e-01
   -1.5058500000000000e-01
    2.7015300000000003e-01
   -4.1246966666666669e-02
   -1.5664833333333333e-01
    9.3338500000000002e-01
    3.2782233333333338e-01
   -2.5969853333333334e-02
    1.8858613333333333e-02
    3.6495099999999997e-01
   -5.5069353333333342e-02
    3.5475246666666675e-02
    6.4113766666666669e-02
   -5.7873166666666677e-02
    3.4237866666666666e-01
    1.1885956666666668e+00
    1.1122496666666668e+00
    1.1931286666666667e+00
    4.2889100000000008e-01
   -2.2608099999999998e-01
    7.0526833333333330e-02
   -6.0900000000000017e-05
    9.2278666666666652e-04
   -1.3819366666666666e-03
   -8.7352799999999998e-03
   -9.2755466666666671e-03
   -1.2341266666666673e-03
   -4.5589333333333318e-04
   -3.9624033333333336e-02
   -1.2705973333333334e-01
    2.0802499999999998e-02
    1.2675033333333334e-02
    4.8610000000000007e-02
   -2.2993099999999997e-03
    2.3583833333333332e-02
    2.2558826666666668e-01
    7.3255666666666650e-02
    2.2543440000000001e-01
    3.2382933333333336e-02
    4.5701899999999997e-02
    1.1555416666666668e-01
   -1.0017866666666668e-02
   -1.0422919999999998e-01
    4.0818066666666669e-01
   -1.3019459999999999e-01
    3.0005233333333331e-01
    8.0798733333333328e-01
    3.8547266666666674e-01
    3.9867966666666660e-01
   -2.5469646666666664e-03
   -5.6522133333333337e-03
    3.0207333333333330e-03
    5.1858366666666667e-01
   -4.8130960000000007e-02
    6.9122033333333319e-02
   -3.3446933333333337e-03
   -1.8039593333333336e-02
    9.6898466666666665e-03
   -4.3574800000000004e-02
   -4.5217433333333334e-02
   -3.2703866666666664e-03
   -2.2807466666666665e-03
    3.1072000000000044e-04
    1.6660653333333334e-02
   -1.4416666666666664e-03
    2.9374733333333339e-03
    1.5598133333333333e-02
    1.6024366666666667e+00
    3.2155233333333327e-01
    1.6163100000000001e+00
    1.6037433333333333e+00
    5.4263566666666663e-01
   -2.3748733333333338e-01
   -4.6423733333333334e-01
    1.6062656666666666e+00
    1.5650190000000002e+00
    1.5545213333333330e+00
   -1.4165063333333333e-01
   -2.6037766666666667e-01
    3.8180033333333335e-01
    1.1771986666666667e+00
   -2.4645433333333333e-01
   -1.0382436666666668e-01
    1.1722653333333333e+00
    2.1385100000000001e+00
    9.0119333333333307e-01
    1.5649043333333335e+00
    9.8393333333333333e-01
   -3.6942766666666671e-01
   -3.4020966666666669e-01
    5.5044133333333334e-01
   -7.0449866666666680e-02
    3.5928899999999997e-01
    1.1440900000000000e-01
    3.7983300000000003e-01
    1.3046900000000003e-01
   -8.4852499999999997e-02
   -3.0596700000000004e-02
   -1.0060379999999998e-01
   -1.2834346666666666e-01
    9.3848000000000001e-02
    4.1491000000000006e-01
    4.2571733333333334e-01
    2.8614566666666658e-01
   -1.2049526666666666e-01
   -4.3668033333333335e-02
   -4.3076200000000002e-02
    7.9867333333333342e-03
   -1.9389533333333334e-02
   -8.0515266666666668e-02
    1.3007556666666666e+00
    1.3525310000000001e+00
   -2.7988099999999999e-01
   -2.8572900000000001e-01
    1.3129843333333335e+00
   -2.8024646666666664e-01
   -2.3652779999999998e-01
    4.1221866666666668e-01
    4.5027400000000012e-01
    1.2857230000000002e+00
    8.4164513333333343e-02
   -2.6330799999999988e-02
   -2.8756233333333331e-01
   -4.2335686666666678e-02
   -2.7107866666666669e-01
    8.4865633333333335e-01
    2.9419766666666664e-01
    8.5429466666666665e-01
    8.7135899999999999e-01
    9.3247400000000003e-01
   -1.9013833333333333e-01
    9.2663733333333342e-01
    2.9725566666666664e-01
   -4.1139400000000007e-02
   -2.2715886666666665e-01
   -1.6187650000000001e-01
   -1.3210533333333342e-03
   -3.1208533333333326e-02
    3.7295399999999999e-02
    3.7474633333333335e-01
    1.2235410000000000e+00
   -2.4145466666666668e-01
    3.7104533333333328e-01
   -2.1926633333333334e-01
    1.0901663333333333e+00
    1.1961126666666668e+00
    3.7690700000000005e-01
    1.0974310000000000e+00
    1.0811043333333334e+00
   -2.7385733333333334e-01
   -2.4241500000000005e-01
    1.2105323333333333e+00
    3.5607966666666663e-01
    1.1682073333333334e+00
    3.7220800000000009e-01
    1.1769520000000002e+00
    1.0651333333333334e-03
   -6.0870000000000052e-05
   -5.7817499999999996e-03
    5.4675766666666672e-03
    3.3152100000000003e-03
   -6.8081133333333333e-03
   -6.7992566666666672e-03
   -3.6087000000000011e-04
    2.2038200000000000e-03
    9.7170233333333314e-03
    2.6740589999999998e-02
    2.5485299999999994e-01
    7.7534333333333327e-01
   -1.8175296666666665e-01
   -1.7532196666666666e-01
   -3.8036200000000003e-01
    9.1333066666666662e-01
    2.3116966666666663e-01
   -2.4425033333333332e-01
    3.1598599999999999e-01
   -4.3350500000000003e-01
    9.2486133333333331e-01
   -4.0897399999999997e-03
    6.6132999999999958e-04
    1.1473033333333333e+00
    2.2619569999999997e-01
    2.4655866666666668e-01
   -1.3816623333333333e-01
   -5.8093299999999994e-02
    2.5810633333333333e-01
    4.2458783333333333e-01
   -7.2790833333333346e-02
    1.4203150000000000e-01
    4.7422000000000003e-01
    1.3225766666666669e-01
   -1.0564536666666664e-01
   -6.4985666666666664e-02
   -1.7041893333333336e-01
    2.4061800000000000e-01
    7.3955733333333329e-01
    7.2640733333333340e-01
    8.0279366666666671e-02
   -1.6971966666666668e-02
    1.1733739999999999e-01
   -4.6682166666666663e-02
   -5.6067333333333332e-03
    1.2447136666666666e-02
    5.5650153333333327e-03
    2.9736199999999997e-03
    1.5956976666666668e-02
    6.8956299999999998e-03
   -4.5160566666666664e-03
    1.6851220000000000e-02
    2.4137933333333333e-02
   -5.9772143333333338e-03
   -3.5832376666666663e-03
   -2.0115676666666664e-03
   -8.2676566666666678e-04
    2.4436500000000003e-01
    6.3226000000000004e-02
    2.3038040000000001e-01
    8.1209566666666677e-02
    3.1124333333333327e-03
   -1.6671400000000003e-02
    5.0521333333333307e-04
    1.2700673333333334e-02
   -6.5336933333333333e-02
   -4.1555766666666667e-02
   -3.4026266666666687e-03
    2.0804186666666669e-02
    3.0711730000000004e-01
    9.2810633333333337e-02
   -5.3061633333333330e-02
   -5.0736533333333332e-03
   -6.4237533333333333e-02
   -2.5446886666666658e-02
   -6.3985386666666672e-02
    3.2122699999999998e-01
    1.0874233333333333e-01
    3.0358466666666667e-01
    1.0233330000000002e-01
    1.6304613333333335e+00
    6.4367800000000008e-01
   -3.2829633333333330e-01
   -3.3182666666666659e-02
   -2.6097033333333330e-01
    4.7739933333333334e-01
    6.5787766666666669e-01
    1.6838970000000000e+00
    6.1633533333333335e-01
    1.5874113333333331e+00
    1.6865673333333333e+00
    3.3205200000000001e-01
    4.9719933333333333e-01
    1.3383866666666666e-01
    4.2839399999999994e-01
    5.0788666666666671e-01
    1.5062333333333330e-01
    4.8053333333333331e-01
   -1.1517373333333332e-01
    1.2173166666666668e+00
    1.4218126666666668e+00
    6.2969373333333334e-01
    5.2432966666666669e-01
    7.8803400000000001e-01
    7.5319000000000003e-01
    2.3913066666666669e-01
    2.7711699999999995e-01
    7.6573499999999994e-01
    5.1447800000000007e-03
   -1.8768199999999995e-03
    2.0066446666666668e-02
    5.0713566666666665e-01
    1.8628433333333330e-01
   -6.3498133333333331e-02
    5.6457066666666667e-02
   -9.2298466666666648e-02
    2.3904633333333331e-02
    5.9319966666666675e-02
    3.8349499999999997e-01
    1.2767426666666666e+00
   -3.1193066666666669e-01
   -2.8059866666666666e-01
    1.2859659999999999e+00
    4.2405033333333336e-01
    4.5499400000000007e-01
   -2.5025946666666665e-01
   -2.5638613333333332e-01
    1.3450156666666668e+00
    4.0599766666666665e-01
    3.3462203333333335e-01
    8.7054566666666666e-01
    3.8571903333333329e-01
    9.0147266666666681e-01
    3.9501179999999997e-02
    2.5231333333333338e-02
   -5.6710800000000006e-02
    1.1416153333333332e+00
    1.1250686666666667e+00
    4.0486533333333324e-01
    1.2965646666666666e+00
    1.1855506666666666e+00
    1.1842066666666666e+00
    1.1749800000000004e+00
    1.1307499999999999e+00
   -2.7472466666666667e-01
   -3.5885266666666672e-02
    3.6407066666666671e-01
    4.9528506666666673e-02
   -4.5634266666666666e-02
   -2.5046233333333334e-01
    6.9202299999999994e-01
    5.4378999999999994e-04
    3.0564500000000001e-03
    9.3593966666666661e-01
    3.4023433333333336e-01
    8.4410499999999988e-01
    5.3023666666666663e-02
   -7.6460333333333338e-02
    5.7562566666666669e-02
   -4.5379666666666672e-02
   -2.5197100000000010e-02
   -4.7579866666666665e-02
   -1.6190766666666662e-02
   -1.4151576666666668e-01
    8.6636566666666648e-01
    3.1054033333333336e-01
   -1.6071786666666668e-01
   -7.9253766666666670e-02
   -1.7795056666666667e-01
    2.8300066666666662e-01
    8.3791566666666661e-01
   -7.5707766666666662e-02
   -1.8633333333333332e-02
    3.2763333333333347e-03
    4.8620400000000001e-02
   -3.5257709999999998e-02
    7.5554733333333332e-03
   -4.3752266666666588e-03
    1.1291063333333333e+00
    4.1997633333333334e-01
    3.3565233333333327e-01
   -2.3945500000000000e-01
    8.1381533333333325e-02
    3.8793666666666672e-03
   -1.0452879999999998e-02
   -3.4354999999999989e-03
   -3.6476700000000001e-02
    2.3682200000000000e-01
    8.2701666666666673e-02
    7.5111766666666668e-01
    7.3430200000000001e-01
    7.2117866666666652e-01
    1.5478633333333333e-02
    1.5829599999999999e-02
   -1.6603566666666666e-02
   -6.2211566666666662e-02
    3.6245400000000005e-01
    1.1582199999999999e-01
   -1.5084706666666667e-01
    2.4105233333333334e-01
    7.7425166666666667e-01
    2.5945366666666669e-01
   -1.3063573333333334e-01
    2.2900756666666671e-02
   -1.5938543333333329e-02
    2.0328276666666666e-02
    1.9756676666666667e-02
   -1.8120799999999996e-02
   -3.9501000000000007e-03
   -3.3622066666666672e-02
   -8.4482899999999986e-02
    2.3393533333333330e-01
   -5.4268766666666669e-02
    1.3298509999999999e-01
   -4.4209933333333340e-02
   -5.5607746666666659e-02
   -1.4052480000000001e-02
    3.3048563333333331e-01
    3.1936510000000001e-01
    1.1804873333333332e-01
   -1.9478333333333330e-02
    3.8042903333333333e-01
    4.6726586666666669e-03
    1.2414845333333332e-02
   -4.8412013333333339e-03
    5.2722000000000012e-04
    2.5281666666666669e-01
    6.9003833333333331e-01
   -1.1973076666666667e-01
   -3.7003133333333334e-02
    1.3658105666666668e-02
   -6.5666699999999993e-03
   -5.4216366666666668e-03
    1.1224629999999999e-02
   -5.0334276666666664e-03
    7.5382166666666653e-02
    2.4287583333333332e-01
    2.3273999999999997e-01
    3.0719666666666687e-03
    9.3967966666666670e-03
    1.1053139999999998e-02
   -5.5309999999999991e-02
    1.5864326666666664e+00
   -3.4295966666666672e-01
    3.5322966666666672e-01
    7.5919666666666580e-03
   -1.6216800000000001e-01
   -1.8199266666666669e-01
   -1.1679900000000002e-02
    4.9550566666666662e-01
   -1.0428926666666667e-01
   -9.4250600000000004e-02
    1.5380366666666664e-01
    4.5326666666666665e-01
   -2.6860133333333338e-02
   -1.1677473333333332e-01
    1.6399466666666665e-01
    5.4956933333333335e-01
    1.0468450000000000e+00
    1.0897493333333335e+00
    3.6716100000000002e-01
    9.9004933333333334e-01
    9.7333266666666673e-01
    1.1595696666666668e+00
    1.2528079999999999e+00
    1.1856096666666665e+00
    4.1998433333333329e-01
    1.3560823333333332e+00
    5.9896340000000003e-01
    1.5508666666666666e+00
    1.5148033333333331e+00
   -4.0400833333333330e-01
    5.4994233333333342e-01
   -2.7208726666666666e-01
   -2.2446926666666664e-01
    3.4813366666666673e-01
    4.4937500000000002e-01
    1.2713003333333335e+00
    7.1463833333333326e-01
    2.6526366666666668e-01
    7.4228866666666660e-01
    2.1488046666666667e-02
    7.8034600000000008e-03
    4.9955166666666662e-01
    1.4785233333333331e-01
    4.5735399999999998e-01
    4.0395300000000001e-01
   -1.4660619999999997e-02
   -1.9106583333333335e-01
   -1.0654386666666668e-02
    4.1454599999999991e-01
    1.1514469999999999e+00
    4.5821299999999998e-01
   -1.4526506666666666e-01
    4.9213333333333331e-01
   -1.1748473333333333e-01
    1.3014120000000000e+00
    1.1589533333333335e+00
    3.8519533333333333e-01
    6.9557533333333332e-01
    5.0876933333333330e-01
   -1.6294766666666658e-03
    2.1621476666666667e-02
   -6.8708633333333336e-03
   -4.9167066666666670e-03
   -1.1647733333333332e-01
    3.6654633333333325e-01
    9.2666133333333323e-01
   -1.6582933333333336e-01
    3.0455099999999996e-01
    2.8719566666666668e-01
    1.0358149999999999e+00
    8.8536066666666668e-01
    1.1699390000000001e+00
    1.1686123333333334e+00
    3.8974466666666668e-01
   -1.6421900000000000e-01
   -2.2066666666666662e-02
    4.4762633333333340e-01
   -1.3274800000000000e-01
   -1.6808899999999996e-01
    1.1017400000000002e+00
   -1.9135876666666665e-01
    3.7819433333333335e-01
    1.0651876666666666e+00
   -1.8177766666666664e-01
    3.8548833333333327e-01
   -4.6551099999999991e-02
   -1.8137743333333334e-01
    1.0819980000000000e+00
    3.7990566666666670e-01
   -1.8665876666666667e-01
   -2.3334833333333330e-01
   -4.2023100000000001e-02
   -2.9047033333333334e-03
   -5.4233866666666677e-03
   -8.0531400000000003e-03
    6.1744599999999997e-03
    7.5814100000000002e-03
    1.1640716666666666e+00
    4.3076166666666671e-01
   -5.1313959999999992e-02
    6.0538666666666669e-03
    8.3106533333333326e-03
   -9.9317333333333327e-02
    3.5721266666666662e-01
   -2.5024166666666670e-01
    1.2048293333333333e+00
    4.8062699999999997e-01
    2.3129616666666666e-01
    1.5095100000000000e-02
   -7.3002333333333329e-03
   -3.9433299999999998e-02
    4.2533666666666669e-03
   -4.2469133333333332e-02
    1.9821666666666668e-01
   -4.6891066666666668e-02
    2.0123733333333335e-01
    6.1272833333333332e-02
    1.9820566666666664e-01
   -2.1363513333333334e-02
    4.1591666666666666e-02
   -6.5116566666666667e-02
    2.1576366666666669e-01
    6.6912333333333338e-02
    4.6518666666666673e-02
    2.2329233333333334e-01
    2.3969233333333331e-01
    2.4023700000000001e-01
    6.9023333333333325e-02
    2.1796833333333332e-01
   -1.6341233333333333e-02
   -4.3635933333333342e-02
   -1.8452900000000005e-02
    8.0021666666666661e-03
   -7.6766666666666650e-04
    3.4483266666666673e-01
    3.3839433333333330e-01
    1.1235333333333335e-01
    3.8544700000000004e-01
    3.6803666666666662e-01
    1.3148683333333334e-02
   -8.9092176666666648e-02
    4.5758933333333335e-01
    1.6316333333333333e-01
    4.7289266666666663e-01
    1.6741700000000001e-01
    8.4318033333333348e-03
    1.1053006666666665e-02
    1.9134466666666669e-01
   -8.5664246666666666e-02
   -8.7210499999999982e-02
   -3.3474079999999996e-02
    2.0600200000000002e-01
    5.7300800000000007e-01
   -9.5998799999999995e-02
    2.2171810000000000e-01
    5.6523133333333331e-01
   -1.0959789999999998e-01
    1.9104599999999997e-01
    3.0527860000000001e-01
    1.0500683333333331e-01
    5.5367666666666657e-03
    1.3540679999999999e-02
   -5.5010799999999993e-03
   -1.1914703333333332e-01
   -7.4652233333333332e-02
    2.3534699999999997e-01
    6.5150533333333327e-01
    2.6052846666666668e-01
   -1.0982759999999998e-01
   -1.4092140000000000e-01
    5.8901833333333331e-01
    2.2649813333333335e-01
   -2.6286046666666670e-02
   -4.7764799999999996e-02
    2.1709609999999999e-01
    2.1846576666666664e-01
    7.2281333333333335e-03
    3.4092700000000003e-03
   -4.1041466666666667e-03
   -3.2778766666666671e-03
   -2.1863333333333349e-04
   -5.6023299999999998e-02
   -1.6101466666666668e-02
    1.0564526666666667e-01
   -3.4346933333333336e-02
    8.2316066666666673e-02
   -3.6860799999999999e-02
    2.1078733333333335e-02
    9.0267066666666670e-03
   -1.0988233333333331e-02
   -4.2341066666666670e-02
    4.9359066666666666e-03
    2.3169893333333333e-01
    7.3724799999999993e-02
   -3.9677833333333336e-02
    2.3021403333333335e-01
    8.3008633333333345e-02
   -4.6537566666666669e-02
   -1.2734799999999999e-02
   -2.4836166666666662e-01
   -2.0343699999999998e-01
    1.4444566666666665e+00
    4.4330799999999998e-01
    1.4147733333333334e+00
    4.5854933333333331e-01
   -2.9430233333333339e-01
    6.6405866666666657e-01
    1.5678843333333334e+00
    6.4460700000000004e-01
   -3.2861333333333331e-01
   -3.6369699999999999e-01
    1.0953513333333333e+00
    1.0902793333333334e+00
   -4.3192233333333337e-02
   -2.0830823333333329e-01
    1.0751593333333334e+00
    3.6350066666666664e-01
   -2.8298233333333329e-02
   -1.6452090000000000e-01
    4.9854799999999999e-01
    1.2492563333333333e+00
   -8.4977000000000108e-03
    3.9014499999999996e-01
   -2.5488003333333337e-01
    1.2510129999999999e+00
    4.5628266666666661e-01
   -1.5820299999999998e-01
    1.0106543333333333e+00
    5.6538233333333332e-01
    2.1027633333333332e-01
    1.4459866666666665e-01
   -8.5383733333333336e-02
    1.0078090000000000e+00
   -3.1995733333333337e-01
   -3.0828433333333333e-01
    2.4716833333333341e-01
    1.0243890000000000e+00
    1.0459056666666666e+00
    2.6474199999999998e-01
   -2.1754333333333334e-01
   -5.0177333333333345e-02
    1.2747743333333333e-01
   -9.5749000000000060e-03
    1.3354070000000000e+00
    4.2953599999999997e-01
    1.2595033333333332e+00
    4.3124733333333337e-01
   -1.5091400000000002e-01
   -2.8302200000000000e-01
   -8.6375600000000011e-02
   -2.4209500000000003e-01
   -8.0272666666666801e-03
    1.2969005666666667e-02
   -2.1437490000000003e-03
   -5.7883913333333335e-03
    2.5529866666666668e-02
   -1.4179333333333333e-01
   -1.6669733333333336e-02
   -1.7890033333333333e-03
   -3.4724866666666666e-03
   -3.6773499999999998e-03
    5.4875200000000001e-03
    1.9106296666666665e-02
    8.2579433333333334e-03
    2.5384309999999999e-01
   -4.1229999999999996e-02
   -7.2343866666666659e-02
   -2.7842599999999995e-02
   -1.0626223333333333e-01
    2.5440166666666669e-01
   -1.2323856666666666e-01
    6.5390300000000001e-01
    2.0975766666666665e-01
    1.2535886666666667e+00
    1.2573920000000001e+00
    4.5886066666666664e-01
    1.3506476666666665e+00
    1.3169530000000000e+00
    1.2457826666666665e-02
    6.3288466666666654e-03
    2.7625643333333328e-02
   -3.2750476666666660e-02
   -1.0531986666666666e-01
   -3.8814766666666667e-02
    1.0999380000000001e+00
    3.9995200000000003e-01
    1.1392106666666668e+00
    1.0265160000000000e+00
    3.2631566666666662e-01
    2.5071866666666665e-01
   -9.1804833333333336e-02
    2.5974766666666665e-01
    6.7946233333333339e-01
   -1.0431443333333333e-01
   -2.7123266666666663e-02
   -1.2292116666666668e-01
    6.6394266666666668e-01
    2.2092233333333330e-01
    6.8684933333333331e-01
    2.4893699999999999e-01
    1.4710216666666666e-02
    4.9088200000000005e-02
    1.5903083333333335e-02
   -3.3154433333333337e-02
   -1.3906253333333332e-01
   -5.5627033333333332e-02
    2.4783686666666666e-02
    1.0289919999999999e-02
    4.8637933333333327e-02
   -4.8112233333333330e-02
   -1.8213489999999999e-01
   -9.6673733333333331e-02
   -2.3917666666666668e-01
   -1.2474623333333333e-01
   -1.8319300000000000e-02
    5.3020933333333331e-01
    4.9413333333333331e-01
    5.0908333333333335e-03
   -3.0637333333333322e-03
   -5.5099033333333332e-02
   -1.0730866666666667e-02
   -5.5005366666666666e-02
   -3.7386466666666666e-02
   -1.1626209999999999e-01
    3.0189656666666664e-01
    6.9059566666666669e-02
    1.1970546666666666e-01
    3.3465633333333339e-01
    3.5412346666666661e-01
    1.1481443333333334e-01
   -3.9146933333333335e-02
   -7.0801299999999998e-02
    1.6183033333333333e-02
    3.7677333333333341e-03
   -3.0569966666666667e-02
   -7.6441300000000004e-02
   -8.0570033333333332e-02
   -2.8694139999999996e-02
    1.6204430000000000e-01
    3.8068999999999997e-01
    1.1152333333333335e-01
    3.6755533333333340e-01
   -7.2672466666666670e-03
   -4.3771333333333329e-02
   -2.9281740000000001e-02
    8.1642066666666666e-03
    1.2699680000000000e-02
   -3.6774576666666663e-02
    2.7568843333333329e-02
   -8.1808066666666665e-02
   -1.7464646666666670e-02
    5.3521033333333334e-01
    5.2188233333333334e-01
    1.9113700000000000e-01
    1.1326086666666664e-01
    3.0403289999999999e-01
    3.1281763333333329e-01
    3.9404963333333337e-01
   -1.6136833333333333e-02
   -2.3082133333333334e-02
   -6.1383666666666670e-02
    1.3795070000000001e-01
   -5.4798666666666669e-02
   -5.2828933333333343e-03
   -5.4252933333333343e-03
   -4.1904066666666663e-02
   -5.8656233333333335e-02
   -7.3238566666666671e-02
    9.2543100000000000e-01
    3.1086199999999997e-01
    9.1065433333333334e-01
    2.5847833333333331e-01
    9.8951233333333333e-01
    3.5172333333333333e-01
    1.0059423333333333e+00
    2.8135500000000002e-01
   -1.7832213333333333e-01
    1.5518766666666664e-01
    4.9317800000000006e-01
    1.1102433333333324e-01
    5.2976599999999996e-01
   -1.2861500000000001e-01
    1.4834656666666668e+00
   -2.7371466666666666e-01
   -3.2507333333333333e-02
   -3.1006666666666773e-03
   -1.9411599999999998e-01
   -1.9950333333333337e-02
    3.0241666666666667e-02
    6.1076966666666666e-01
    5.7223499999999994e-01
    1.7862100000000000e-01
    2.3030833333333334e-01
    6.0481666666666667e-01
    1.5822266666666668e-01
   -1.4175499999999999e-01
    6.2416600000000000e-01
    2.1627399999999999e-01
    6.2258133333333332e-01
    3.8582000000000000e-01
    1.0901196666666666e+00
    1.0640369999999999e+00
    3.1387919999999997e-01
    3.1991533333333333e-01
    1.0260386666666665e-01
    1.2298099999999999e-02
   -2.7975266666666665e-02
    5.1810333333333338e-03
    2.2221633333333334e-02
   -1.2951799999999999e-02
   -7.0265766666666660e-02
   -6.2094833333333328e-02
    1.6059430000000000e-01
   -4.3455166666666663e-02
    3.8648133333333340e-01
    1.4246529999999999e-01
    3.7615266666666664e-01
    1.3624096666666666e-01
   -7.0740966666666669e-02
   -3.1965666666666670e-02
   -6.9385366666666670e-02
    1.2983203333333332e-01
    3.7192133333333333e-01
    8.9389053333333343e-02
    8.3471386666666661e-02
    2.1176433333333333e-01
    2.3444346666666668e-01
    8.3913766666666681e-02
    6.4088300000000001e-02
    2.1386000000000002e-01
    2.3569963333333335e-01
    3.1381633333333331e-01
    1.0959299999999998e-01
    3.6947600000000008e-01
    1.3828270000000001e-01
    1.5131970000000003e-01
   -4.1297500000000001e-02
   -2.1104436666666668e-01
    6.2722333333333338e-02
    4.5170200000000001e-02
    3.7134233333333336e-02
    4.0641566666666663e-02
   -6.4859699999999978e-02
   -2.4865136666666665e-01
   -2.6805493333333336e-01
   -8.1249733333333352e-02
   -3.6905633333333347e-02
   -2.3407459999999999e-01
    9.8060366666666662e-02
    7.4157433333333328e-02
    4.2089966666666666e-02
    1.1058973333333333e+00
    1.9938600000000000e+00
    2.1611300000000000e-01
    1.1040756666666667e+00
   -9.1401899999999994e-02
   -6.5980333333333396e-04
    2.5290033333333333e-02
   -1.6871233333333333e-02
   -3.0482966666666667e-02
    1.8097863333333335e-02
    2.1075400000000000e-01
    2.1479833333333334e-01
    3.2771000000000000e-01
    1.0232766666666666e-01
    3.4153733333333336e-01
    3.2736633333333337e-01
