        2.200000        0.000000
        2.200000        0.033234
        2.200000        0.170641
        2.200000        0.205000
        2.200000        0.410000
        2.169155        0.000000
        2.158691        0.021568
        2.200000        0.067562
        2.178912        0.044083
        2.200000        0.136281
        2.177422        0.144988
        2.200000        0.101922
        2.200000        0.376766
        2.200000        0.239359
        2.200000        0.273719
        2.175463        0.181030
        2.175463        0.228970
        2.169155        0.410000
        2.158691        0.388432
        2.139319        0.000000
        2.130994        0.024221
        2.153232        0.049260
        2.174670        0.080471
        2.150925        0.157061
        2.155090        0.119614
        2.144961        0.186856
        2.200000        0.308078
        2.200000        0.342438
        2.178912        0.365917
        2.177422        0.265012
        2.173659        0.297621
        2.150925        0.220980
        2.150925        0.252939
        2.150004        0.350418
        2.139319        0.410000
        2.125968        0.370774
        2.109484        0.000000
        2.098715        0.021590
        2.137816        0.065867
        2.118069        0.043506
        2.147806        0.088920
        2.117067        0.110560
        2.127069        0.169379
        2.127069        0.133757
        2.127069        0.205000
        2.158175        0.321080
        2.152716        0.284180
        2.127069        0.276243
        2.127069        0.240621
        2.122401        0.344133
        2.097758        0.366494
        2.109484        0.410000
        2.098715        0.388410
        2.099053        0.232037
        2.079649        0.000000
        2.099006        0.204012
        2.090718        0.046475
        2.073607        0.021590
        2.106986        0.082473
        2.093144        0.113982
        2.091679        0.137032
        2.098982        0.172189
        2.117067        0.299440
        2.097140        0.322132
        2.091679        0.272968
        2.084832        0.348526
        2.062758        0.369449
        2.073607        0.388410
        2.079649        0.410000
        2.070509        0.283170
        2.071037        0.259073
        2.070990        0.231049
        2.049813        0.000000
        2.070942        0.203024
        2.070894        0.175000
        2.038991        0.021652
        2.077448        0.065444
        2.062758        0.040551
        2.080092        0.087868
        2.069222        0.117404
        2.071037        0.150927
        2.057137        0.344556
        2.069980        0.307268
        2.034472        0.366697
        2.038991        0.388348
        2.049813        0.410000
        2.042845        0.292416
        2.043533        0.250646
        2.043530        0.222869
        2.019978        0.000000
        2.043533        0.159354
        2.043526        0.195092
        2.034472        0.043303
        2.012307        0.021652
        2.040618        0.070539
        2.046764        0.097776
        2.046228        0.130385
        2.034549        0.327126
        2.016494        0.300067
        2.012307        0.359063
        2.012307        0.388348
        2.019978        0.410000
        2.016615        0.214850
        2.023233        0.266634
        2.016618        0.242398
        1.990142        0.000000
        2.023233        0.143366
        2.016618        0.167602
        2.003379        0.195282
        1.988011        0.029286
        2.012307        0.065580
        2.019680        0.087861
        2.021457        0.115613
        1.990142        0.292857
        1.990142        0.322143
        1.990142        0.380714
        1.990142        0.351429
        1.990142        0.410000
        1.990142        0.234286
        1.990142        0.263571
        1.960307        0.000000
        1.958176        0.029286
        1.990142        0.146429
        1.990142        0.175714
        1.975225        0.205000
        1.981618        0.117143
        1.985880        0.058571
        1.990142        0.087857
        1.956045        0.058571
        1.960307        0.292857
        1.966700        0.322143
        1.962438        0.380714
        1.964569        0.351429
        1.960307        0.410000
        1.966700        0.234286
        1.941127        0.278214
        1.960307        0.263571
        1.930472        0.000000
        1.930472        0.058571
        1.930472        0.029286
        1.960307        0.146429
        1.952848        0.205000
        1.947521        0.175714
        1.960307        0.117143
        1.960307        0.087857
        1.930472        0.087857
        1.921947        0.292857
        1.936865        0.322143
        1.932603        0.380714
        1.930472        0.351429
        1.930472        0.410000
        1.943258        0.234286
        1.919816        0.263571
        1.900636        0.000000
        1.900636        0.058571
        1.900636        0.029286
        1.935799        0.146429
        1.924078        0.175714
        1.930472        0.205000
        1.912357        0.102500
        1.930472        0.117143
        1.894243        0.087857
        1.900636        0.292857
        1.900636        0.322143
        1.900636        0.380714
        1.900636        0.351429
        1.900636        0.410000
        1.870801        0.000000
        1.900636        0.234286
        1.881456        0.263571
        1.870801        0.029286
        1.870801        0.058571
        1.911292        0.146429
        1.900636        0.175714
        1.900636        0.205000
        1.892112        0.117143
        1.870801        0.087857
        1.870801        0.410000
        1.879325        0.292857
        1.870801        0.351429
        1.864408        0.322143
        1.870801        0.380714
        1.840966        0.000000
        1.870801        0.205000
        1.870801        0.234286
        1.860146        0.263571
        1.840966        0.029286
        1.840966        0.058571
        1.889981        0.146429
        1.877194        0.175714
        1.870801        0.117143
        1.853752        0.175714
        1.849490        0.117143
        1.840966        0.087857
        1.840966        0.410000
        1.840966        0.322143
        1.840966        0.292857
        1.840966        0.351429
        1.840966        0.380714
        1.811130        0.000000
        1.840966        0.205000
        1.840966        0.234286
        1.821786        0.263571
        1.811130        0.029286
        1.811130        0.058571
        1.851621        0.146429
        1.828179        0.175714
        1.821786        0.102500
        1.830310        0.131786
        1.804737        0.087857
        1.811130        0.380714
        1.811130        0.410000
        1.811130        0.292857
        1.817524        0.322143
        1.811130        0.351429
        1.791950        0.263571
        1.781295        0.029286
        1.781295        0.000000
        1.811130        0.205000
        1.811130        0.234286
        1.781295        0.058571
        1.811130        0.146429
        1.804737        0.175714
        1.802606        0.117143
        1.781295        0.087857
        1.781295        0.410000
        1.781295        0.351429
        1.781295        0.380714
        1.768508        0.234286
        1.789819        0.292857
        1.751460        0.322143
        1.781295        0.322143
        1.770639        0.263571
        1.751460        0.000000
        1.751460        0.029286
        1.751460        0.058571
        1.781295        0.205000
        1.757853        0.087857
        1.786623        0.146429
        1.781295        0.175714
        1.781295        0.117143
        1.751460        0.410000
        1.751460        0.380714
        1.751460        0.351429
        1.734411        0.336786
        1.750394        0.248929
        1.751460        0.205000
        1.733345        0.307500
        1.732280        0.263571
        1.751460        0.292857
        1.721624        0.029286
        1.721624        0.000000
        1.721624        0.058571
        1.704575        0.073214
        1.721624        0.087857
        1.751460        0.175714
        1.742935        0.117143
        1.762115        0.146429
        1.728017        0.175714
        1.729083        0.205000
        1.721624        0.410000
        1.721624        0.380714
        1.717362        0.351429
        1.715231        0.322143
        1.721624        0.234286
        1.710969        0.263571
        1.713100        0.292857
        1.691789        0.000000
        1.693920        0.029286
        1.687527        0.058571
        1.721624        0.117143
        1.699780        0.226964
        1.685396        0.087857
        1.700313        0.117143
        1.721624        0.146429
        1.704575        0.175714
        1.706706        0.205000
        1.691789        0.410000
        1.691789        0.380714
        1.691789        0.351429
        1.691789        0.322143
        1.692854        0.248929
        1.691789        0.292857
        1.655560        0.087857
        1.661953        0.058571
        1.661953        0.000000
        1.659822        0.029286
        1.676871        0.205000
        1.674740        0.234286
        1.676871        0.117143
        1.691789        0.146429
        1.653429        0.117143
        1.679002        0.175714
        1.661953        0.410000
        1.661953        0.380714
        1.666216        0.351429
        1.668347        0.322143
        1.661953        0.263571
        1.661953        0.292857
        1.632118        0.087857
        1.632118        0.058571
        1.632118        0.000000
        1.632118        0.029286
        1.649167        0.175714
        1.644905        0.234286
        1.647036        0.205000
        1.632118        0.117143
        1.651298        0.146429
        1.619331        0.234286
        1.632118        0.410000
        1.629987        0.380714
        1.627856        0.351429
        1.638511        0.322143
        1.632118        0.263571
        1.620397        0.307500
        1.640642        0.292857
        1.602283        0.000000
        1.608676        0.087857
        1.589496        0.073214
        1.606545        0.058571
        1.604414        0.029286
        1.572447        0.000000
        1.593758        0.117143
        1.625725        0.175714
        1.617200        0.205000
        1.612938        0.146429
        1.594824        0.219643
        1.607610        0.263571
        1.602283        0.380714
        1.602283        0.410000
        1.602283        0.351429
        1.602283        0.322143
        1.584168        0.307500
        1.602283        0.292857
        1.572447        0.029286
        1.572447        0.087857
        1.572447        0.058571
        1.542612        0.000000
        1.572447        0.117143
        1.591627        0.146429
        1.602283        0.175714
        1.572447        0.205000
        1.572447        0.234286
        1.583103        0.263571
        1.572447        0.410000
        1.572447        0.380714
        1.572447        0.351429
        1.566054        0.322143
        1.563923        0.292857
        1.542612        0.410000
        1.540481        0.029286
        1.542612        0.058571
        1.525563        0.073214
        1.551136        0.117143
        1.542612        0.087857
        1.512777        0.000000
        1.510646        0.029286
        1.531957        0.131786
        1.542612        0.205000
        1.553267        0.146429
        1.572447        0.175714
        1.542612        0.234286
        1.561792        0.263571
        1.542612        0.380714
        1.542612        0.351429
        1.542612        0.322143
        1.542612        0.292857
        1.512777        0.410000
        1.512777        0.380714
        1.508514        0.058571
        1.506383        0.087857
        1.512777        0.117143
        1.482941        0.000000
        1.482941        0.029286
        1.520235        0.205000
        1.512777        0.146429
        1.529825        0.175714
        1.519170        0.234286
        1.523432        0.263571
        1.517039        0.351429
        1.519170        0.322143
        1.512777        0.292857
        1.487203        0.351429
        1.482941        0.410000
        1.480810        0.380714
        1.482941        0.146429
        1.482941        0.087857
        1.482941        0.058571
        1.482941        0.117143
        1.453106        0.000000
        1.450975        0.029286
        1.497859        0.205000
        1.499990        0.175714
        1.482941        0.263571
        1.495728        0.234286
        1.470155        0.336786
        1.489335        0.322143
        1.474417        0.292857
        1.465892        0.175714
        1.453106        0.351429
        1.453106        0.380714
        1.453106        0.410000
        1.453106        0.146429
        1.459499        0.087857
        1.448844        0.058571
        1.453106        0.117143
        1.440319        0.175714
        1.423271        0.000000
        1.423271        0.058571
        1.423271        0.029286
        1.468024        0.205000
        1.458434        0.263571
        1.470155        0.234286
        1.453106        0.322143
        1.453106        0.292857
        1.438188        0.205000
        1.427533        0.351429
        1.423271        0.410000
        1.425402        0.380714
        1.428598        0.146429
        1.423271        0.117143
        1.405156        0.102500
        1.423271        0.087857
        1.416877        0.175714
        1.393435        0.000000
        1.393435        0.029286
        1.393435        0.058571
        1.433926        0.263571
        1.436057        0.234286
        1.416877        0.322143
        1.423271        0.292857
        1.414746        0.219643
        1.393435        0.205000
        1.393435        0.351429
        1.393435        0.410000
        1.393435        0.380714
        1.404091        0.146429
        1.384911        0.117143
        1.387042        0.087857
        1.393435        0.175714
        1.363600        0.000000
        1.361469        0.029286
        1.359338        0.058571
        1.357206        0.087857
        1.393435        0.322143
        1.412615        0.263571
        1.393435        0.292857
        1.393435        0.234286
        1.371059        0.205000
        1.369993        0.234286
        1.363600        0.410000
        1.367862        0.351429
        1.365731        0.380714
        1.363600        0.146429
        1.363600        0.117143
        1.350813        0.175714
        1.333764        0.029286
        1.333764        0.000000
        1.333764        0.087857
        1.333764        0.058571
        1.333764        0.117143
        1.333764        0.322143
        1.363600        0.322143
        1.372124        0.292857
        1.374255        0.263571
        1.352944        0.278214
        1.348682        0.205000
        1.346551        0.234286
        1.333764        0.410000
        1.333764        0.351429
        1.331633        0.380714
        1.327371        0.175714
        1.318847        0.205000
        1.333764        0.146429
        1.308191        0.058571
        1.303929        0.029286
        1.303929        0.000000
        1.291142        0.073214
        1.310322        0.087857
        1.303929        0.117143
        1.303929        0.322143
        1.303929        0.292857
        1.333764        0.292857
        1.333764        0.263571
        1.320978        0.234286
        1.303929        0.410000
        1.303929        0.351429
        1.303929        0.380714
        1.303929        0.175714
        1.297536        0.234286
        1.296470        0.205000
        1.293274        0.146429
        1.274094        0.058571
        1.274094        0.029286
        1.274094        0.000000
        1.274094        0.087857
        1.274094        0.117143
        1.280487        0.322143
        1.262373        0.307500
        1.282618        0.292857
        1.303929        0.263571
        1.274094        0.410000
        1.274094        0.351429
        1.274094        0.380714
        1.274094        0.175714
        1.274094        0.234286
        1.274094        0.205000
        1.254914        0.146429
        1.248521        0.058571
        1.244258        0.000000
        1.246389        0.029286
        1.244258        0.117143
        1.226144        0.102500
        1.244258        0.087857
        1.244258        0.322143
        1.244258        0.292857
        1.263438        0.263571
        1.244258        0.410000
        1.244258        0.351429
        1.244258        0.380714
        1.214423        0.000000
        1.244258        0.175714
        1.244258        0.234286
        1.244258        0.205000
        1.214423        0.205000
        1.233603        0.146429
        1.214423        0.058571
        1.214423        0.029286
        1.205899        0.117143
        1.208030        0.087857
        1.220816        0.322143
        1.222947        0.292857
        1.225078        0.263571
        1.193112        0.292857
        1.214423        0.351429
        1.214423        0.410000
        1.214423        0.380714
        1.184588        0.000000
        1.214423        0.175714
        1.214423        0.234286
        1.184588        0.205000
        1.203767        0.146429
        1.184588        0.117143
        1.184588        0.058571
        1.184588        0.029286
        1.184588        0.087857
        1.190981        0.322143
        1.172867        0.307500
        1.195243        0.263571
        1.173932        0.278214
        1.184588        0.351429
        1.184588        0.410000
        1.182456        0.380714
        1.154752        0.000000
        1.184588        0.175714
        1.171801        0.234286
        1.154752        0.205000
        1.165408        0.146429
        1.154752        0.117143
        1.159014        0.058571
        1.154752        0.029286
        1.148359        0.087857
        1.154752        0.322143
        1.154752        0.292857
        1.154752        0.263571
        1.154752        0.380714
        1.154752        0.351429
        1.154752        0.410000
        1.124917        0.000000
        1.124917        0.029286
        1.154752        0.175714
        1.137703        0.234286
        1.132376        0.205000
        1.124917        0.117143
        1.124917        0.146429
        1.124917        0.087857
        1.124917        0.058571
        1.124917        0.322143
        1.124917        0.292857
        1.114261        0.263571
        1.127048        0.380714
        1.124917        0.351429
        1.124917        0.410000
        1.095081        0.000000
        1.092950        0.029286
        1.124917        0.175714
        1.112130        0.234286
        1.109999        0.205000
        1.103606        0.117143
        1.095081        0.146429
        1.095081        0.087857
        1.090819        0.058571
        1.095081        0.322143
        1.095081        0.292857
        1.089754        0.263571
        1.095081        0.351429
        1.095081        0.380714
        1.095081        0.410000
        1.065246        0.000000
        1.065246        0.029286
        1.060984        0.058571
        1.082295        0.175714
        1.080164        0.205000
        1.078033        0.234286
        1.065246        0.146429
        1.065246        0.117143
        1.058853        0.087857
        1.071639        0.322143
        1.065246        0.292857
        1.065246        0.263571
        1.067377        0.380714
        1.052460        0.336786
        1.069508        0.351429
        1.065246        0.410000
        1.035411        0.029286
        1.035411        0.000000
        1.035411        0.087857
        1.035411        0.058571
        1.048197        0.234286
        1.052460        0.175714
        1.050328        0.205000
        1.020493        0.205000
        1.035411        0.146429
        1.017296        0.102500
        1.035411        0.117143
        1.035411        0.263571
        1.035411        0.322143
        1.035411        0.292857
        1.037542        0.380714
        1.031149        0.351429
        1.035411        0.410000
        1.007706        0.029286
        1.005575        0.000000
        0.999182        0.087857
        1.005575        0.058571
        1.022624        0.234286
        1.018362        0.175714
        0.998117        0.205000
        1.005575        0.146429
        0.997051        0.117143
        0.975740        0.117143
        1.005575        0.263571
        1.005575        0.292857
        1.005575        0.351429
        1.005575        0.322143
        1.005575        0.410000
        1.005575        0.380714
        0.975740        0.000000
        0.975740        0.029286
        0.975740        0.087857
        0.975740        0.058571
        0.988527        0.234286
        0.992789        0.175714
        0.975740        0.205000
        0.975740        0.146429
        0.954429        0.117143
        0.975740        0.263571
        0.975740        0.292857
        0.975740        0.322143
        0.980002        0.351429
        0.975740        0.380714
        0.975740        0.410000
        0.945905        0.000000
        0.945905        0.029286
        0.952298        0.087857
        0.941642        0.058571
        0.962953        0.234286
        0.953364        0.205000
        0.958691        0.175714
        0.945905        0.146429
        0.930987        0.117143
        0.945905        0.322143
        0.945905        0.263571
        0.945905        0.292857
        0.945905        0.351429
        0.945905        0.380714
        0.945905        0.410000
        0.916069        0.000000
        0.916069        0.029286
        0.916069        0.058571
        0.916069        0.087857
        0.928856        0.234286
        0.930987        0.205000
        0.933118        0.175714
        0.916069        0.146429
        0.907545        0.117143
        0.922463        0.322143
        0.921397        0.263571
        0.924594        0.292857
        0.899021        0.234286
        0.920331        0.351429
        0.902217        0.366071
        0.918200        0.380714
        0.916069        0.410000
        0.886234        0.000000
        0.886234        0.029286
        0.886234        0.058571
        0.886234        0.087857
        0.901152        0.205000
        0.903283        0.175714
        0.886234        0.146429
        0.886234        0.117143
        0.871316        0.205000
        0.856399        0.000000
        0.892627        0.322143
        0.896889        0.263571
        0.886234        0.292857
        0.873447        0.234286
        0.881972        0.351429
        0.884103        0.380714
        0.886234        0.410000
        0.860661        0.058571
        0.856399        0.029286
        0.856399        0.117143
        0.862792        0.087857
        0.843612        0.073214
        0.869185        0.175714
        0.856399        0.146429
        0.841481        0.205000
        0.826563        0.029286
        0.826563        0.000000
        0.856399        0.322143
        0.856399        0.292857
        0.856399        0.263571
        0.839350        0.234286
        0.856399        0.380714
        0.856399        0.351429
        0.856399        0.410000
        0.826563        0.117143
        0.826563        0.058571
        0.826563        0.087857
        0.826563        0.146429
        0.826563        0.175714
        0.811646        0.205000
        0.796728        0.175714
        0.798859        0.029286
        0.796728        0.000000
        0.792466        0.058571
        0.832956        0.322143
        0.826563        0.292857
        0.826563        0.263571
        0.796728        0.234286
        0.828694        0.380714
        0.822301        0.351429
        0.826563        0.410000
        0.805252        0.117143
        0.796728        0.087857
        0.796728        0.146429
        0.781810        0.205000
        0.766892        0.175714
        0.766892        0.000000
        0.766892        0.029286
        0.762630        0.058571
        0.760499        0.087857
        0.796728        0.322143
        0.796728        0.292857
        0.796728        0.263571
        0.773286        0.234286
        0.796728        0.351429
        0.796728        0.380714
        0.796728        0.410000
        0.766892        0.117143
        0.766892        0.146429
        0.751975        0.205000
        0.743450        0.175714
        0.737057        0.087857
        0.737057        0.117143
        0.737057        0.000000
        0.737057        0.029286
        0.737057        0.058571
        0.773286        0.322143
        0.766892        0.292857
        0.766892        0.263571
        0.749844        0.234286
        0.750909        0.336786
        0.771155        0.351429
        0.769024        0.380714
        0.766892        0.410000
        0.737057        0.146429
        0.720008        0.175714
        0.722139        0.205000
        0.707222        0.000000
        0.713615        0.087857
        0.707222        0.117143
        0.709353        0.029286
        0.694435        0.073214
        0.711484        0.058571
        0.730664        0.322143
        0.737057        0.263571
        0.737057        0.292857
        0.724271        0.234286
        0.699763        0.219643
        0.732795        0.351429
        0.739188        0.380714
        0.737057        0.410000
        0.696566        0.146429
        0.694435        0.175714
        0.677386        0.205000
        0.677386        0.117143
        0.677386        0.000000
        0.677386        0.029286
        0.677386        0.087857
        0.677386        0.058571
        0.707222        0.292857
        0.707222        0.322143
        0.707222        0.351429
        0.688042        0.278214
        0.707222        0.263571
        0.677386        0.234286
        0.707222        0.410000
        0.707222        0.380714
        0.672059        0.146429
        0.655010        0.205000
        0.660338        0.175714
        0.656075        0.117143
        0.647551        0.000000
        0.645420        0.029286
        0.653944        0.087857
        0.643289        0.058571
        0.635830        0.102500
        0.681649        0.351429
        0.668862        0.292857
        0.683780        0.322143
        0.666731        0.263571
        0.647551        0.292857
        0.632633        0.205000
        0.647551        0.234286
        0.677386        0.410000
        0.677386        0.380714
        0.647551        0.146429
        0.634764        0.175714
        0.617716        0.117143
        0.617716        0.000000
        0.617716        0.058571
        0.617716        0.029286
        0.617716        0.087857
        0.664600        0.336786
        0.647551        0.351429
        0.647551        0.322143
        0.617716        0.292857
        0.628371        0.263571
        0.602798        0.205000
        0.617716        0.234286
        0.647551        0.410000
        0.647551        0.380714
        0.617716        0.146429
        0.600667        0.175714
        0.596405        0.117143
        0.587880        0.000000
        0.590011        0.029286
        0.587880        0.087857
        0.592142        0.058571
        0.621978        0.351429
        0.617716        0.322143
        0.587880        0.292857
        0.607060        0.263571
        0.580421        0.205000
        0.558045        0.205000
        0.587880        0.234286
        0.617716        0.410000
        0.615585        0.380714
        0.577225        0.146429
        0.558045        0.175714
        0.558045        0.087857
        0.558045        0.117143
        0.558045        0.000000
        0.558045        0.029286
        0.558045        0.058571
        0.587880        0.322143
        0.587880        0.351429
        0.566569        0.292857
        0.568700        0.263571
        0.528210        0.205000
        0.558045        0.234286
        0.587880        0.380714
        0.587880        0.410000
        0.528210        0.117143
        0.547389        0.146429
        0.505833        0.205000
        0.528210        0.175714
        0.483456        0.205000
        0.506899        0.117143
        0.528210        0.087857
        0.528210        0.000000
        0.528210        0.029286
        0.528210        0.058571
        0.564438        0.322143
        0.558045        0.351429
        0.540996        0.300179
        0.547389        0.278214
        0.528210        0.263571
        0.515423        0.234286
        0.491981        0.234286
        0.468539        0.234286
        0.558045        0.380714
        0.558045        0.410000
        0.509030        0.146429
        0.485588        0.175714
        0.459778        0.194462
        0.487719        0.131786
        0.486653        0.102500
        0.504767        0.087857
        0.494112        0.058571
        0.498374        0.000000
        0.496243        0.029286
        0.444828        0.217528
        0.534603        0.322143
        0.515423        0.336786
        0.532472        0.351429
        0.519685        0.292857
        0.498374        0.263571
        0.468539        0.263571
        0.441074        0.258673
        0.439815        0.237196
        0.528210        0.380714
        0.528210        0.410000
        0.468539        0.146429
        0.437362        0.184486
        0.452549        0.165948
        0.417850        0.174081
        0.400565        0.170385
        0.468539        0.117143
        0.468539        0.087857
        0.468539        0.058571
        0.468539        0.029286
        0.468539        0.000000
        0.447345        0.047614
        0.422957        0.202070
        0.418408        0.220948
        0.402891        0.187888
        0.498374        0.380714
        0.498374        0.322143
        0.498374        0.351429
        0.498374        0.292857
        0.468539        0.292857
        0.442333        0.280151
        0.421433        0.257940
        0.413859        0.239825
        0.412952        0.277929
        0.498374        0.410000
        0.470670        0.380714
        0.439298        0.137538
        0.433764        0.159393
        0.398240        0.152882
        0.384413        0.174829
        0.439298        0.115382
        0.438480        0.076727
        0.447339        0.019401
        0.438745        0.000000
        0.427642        0.037428
        0.396544        0.215420
        0.379245        0.198442
        0.472801        0.351429
        0.474932        0.322143
        0.442333        0.301084
        0.446903        0.322018
        0.418365        0.295315
        0.390370        0.242205
        0.403097        0.259019
        0.395810        0.288027
        0.448882        0.368468
        0.468539        0.410000
        0.447339        0.389629
        0.412952        0.129527
        0.392434        0.132106
        0.365604        0.194030
        0.376668        0.156175
        0.364716        0.175945
        0.414112        0.105023
        0.415300        0.079911
        0.407294        0.059978
        0.419426        0.020471
        0.410000        0.000000
        0.399287        0.040045
        0.340210        0.196674
        0.328410        0.189742
        0.352872        0.204114
        0.366492        0.212115
        0.379876        0.226455
        0.450425        0.347307
        0.421267        0.321903
        0.396554        0.309113
        0.386088        0.260021
        0.369197        0.244350
        0.381806        0.277837
        0.379868        0.297418
        0.427642        0.370701
        0.438745        0.410000
        0.419363        0.389306
        0.303127        0.188451
        0.293757        0.183499
        0.389193        0.112366
        0.372174        0.135762
        0.346831        0.176957
        0.315882        0.178710
        0.330614        0.177876
        0.351727        0.151728
        0.391647        0.082872
        0.385017        0.056932
        0.392824        0.019512
        0.383464        0.000000
        0.376941        0.037557
        0.285037        0.189846
        0.313222        0.193786
        0.335341        0.207732
        0.321658        0.205807
        0.346345        0.218315
        0.358100        0.229573
        0.350067        0.246288
        0.285037        0.200802
        0.297195        0.204405
        0.411410        0.345261
        0.390786        0.329668
        0.376653        0.321704
        0.366799        0.265463
        0.364401        0.286577
        0.360005        0.302040
        0.401552        0.368619
        0.410000        0.410000
        0.392824        0.389430
        0.274660        0.186663
        0.285037        0.178890
        0.294519        0.171247
        0.304769        0.174828
        0.379187        0.100057
        0.361694        0.101942
        0.367778        0.115792
        0.348444        0.132179
        0.334305        0.157938
        0.318557        0.163553
        0.337333        0.141555
        0.369748        0.073111
        0.362800        0.056476
        0.368614        0.020163
        0.357899        0.000000
        0.354876        0.038818
        0.276135        0.196288
        0.267927        0.190739
        0.349524        0.262389
        0.310645        0.208392
        0.322725        0.220004
        0.340049        0.232013
        0.332808        0.248036
        0.277373        0.205003
        0.285037        0.211757
        0.295054        0.213974
        0.385017        0.350222
        0.369523        0.336092
        0.355610        0.317503
        0.350354        0.280707
        0.348439        0.294592
        0.342250        0.306973
        0.337016        0.275133
        0.376941        0.370408
        0.383464        0.410000
        0.369505        0.390019
        0.261480        0.187835
        0.267927        0.181003
        0.276951        0.175335
        0.285037        0.167935
        0.290611        0.156968
        0.304034        0.160131
        0.355610        0.088092
        0.348439        0.109912
        0.335828        0.121453
        0.310106        0.147756
        0.321318        0.147904
        0.324090        0.132195
        0.349375        0.072538
        0.342184        0.056052
        0.345013        0.021551
        0.332335        0.000000
        0.332492        0.039743
        0.255519        0.194152
        0.261480        0.196148
        0.267927        0.200475
        0.326066        0.262583
        0.308079        0.222935
        0.319938        0.234972
        0.317218        0.249615
        0.270149        0.208963
        0.275319        0.217240
        0.283390        0.221781
        0.297689        0.226087
        0.362800        0.350586
        0.348684        0.336567
        0.336163        0.321571
        0.325533        0.303676
        0.330491        0.289555
        0.319323        0.277130
        0.356535        0.371453
        0.357899        0.410000
        0.344184        0.388909
        0.249384        0.192178
        0.254591        0.185949
        0.260227        0.179205
        0.268650        0.172626
        0.272913        0.164026
        0.280045        0.155492
        0.287767        0.146253
        0.299436        0.147616
        0.336995        0.087351
        0.325533        0.101066
        0.314941        0.113739
        0.313637        0.126970
        0.308975        0.137508
        0.330458        0.071974
        0.322280        0.059571
        0.320810        0.021400
        0.306771        0.000000
        0.311280        0.042526
        0.250000        0.200000
        0.255519        0.206141
        0.261480        0.212773
        0.308975        0.265617
        0.300388        0.238489
        0.303119        0.251044
        0.267927        0.219946
        0.274911        0.227716
        0.285037        0.233668
        0.344484        0.354203
        0.332190        0.340866
        0.321574        0.326552
        0.311717        0.313262
        0.313857        0.294858
        0.296122        0.266653
        0.305165        0.278037
        0.334058        0.370604
        0.332335        0.410000
        0.320811        0.387348
        0.247553        0.184549
        0.252484        0.177853
        0.256527        0.169539
        0.261614        0.161033
        0.269818        0.154316
        0.276569        0.145148
        0.283893        0.135204
        0.294823        0.130847
        0.319605        0.086712
        0.309603        0.100293
        0.303970        0.120456
        0.311033        0.073308
        0.300682        0.058774
        0.297799        0.023081
        0.281207        0.000000
        0.288348        0.042473
        0.249384        0.207822
        0.254922        0.213734
        0.260227        0.221470
        0.294651        0.256555
        0.290611        0.245184
        0.266318        0.229138
        0.273130        0.235833
        0.281934        0.242574
        0.323472        0.353112
        0.309338        0.335322
        0.302558        0.300913
        0.299548        0.320268
        0.286373        0.261942
        0.295987        0.284781
        0.288261        0.273722
        0.309073        0.368109
        0.306771        0.410000
        0.296302        0.387062
        0.244550        0.177300
        0.248970        0.170387
        0.253769        0.162880
        0.256720        0.152722
        0.264683        0.145809
        0.277617        0.125578
        0.266893        0.132175
        0.286876        0.118782
        0.301585        0.088086
        0.294637        0.105803
        0.293718        0.077995
        0.280410        0.060773
        0.274468        0.024196
        0.255642        0.000000
        0.268412        0.045944
        0.247553        0.215451
        0.252818        0.221757
        0.257124        0.229152
        0.278563        0.252589
        0.262456        0.236784
        0.271350        0.243950
        0.298927        0.349837
        0.289672        0.333172
        0.288582        0.295458
        0.283910        0.314815
        0.271993        0.259701
        0.278805        0.268885
        0.281449        0.283671
        0.286810        0.366264
        0.281207        0.410000
        0.273291        0.387617
        0.240451        0.170611
        0.243486        0.162803
        0.246835        0.154187
        0.251465        0.146171
        0.258270        0.137525
        0.270991        0.117857
        0.259108        0.122613
        0.276607        0.103475
        0.286071        0.093441
        0.273215        0.077360
        0.260607        0.063427
        0.250801        0.022843
        0.230078        0.000000
        0.243435        0.046303
        0.244550        0.222700
        0.249262        0.229052
        0.253105        0.236835
        0.265664        0.251168
        0.259783        0.243238
        0.261311        0.261468
        0.282170        0.349838
        0.275355        0.333173
        0.276608        0.300461
        0.269133        0.317959
        0.269933        0.287340
        0.267721        0.271325
        0.266114        0.367321
        0.255642        0.410000
        0.250801        0.385687
        0.235355        0.164645
        0.237656        0.156384
        0.242230        0.148796
        0.246210        0.139620
        0.246240        0.125559
        0.264085        0.109810
        0.249775        0.112866
        0.266700        0.092381
        0.255089        0.080419
        0.242546        0.061797
        0.226498        0.024226
        0.204514        0.000000
        0.223318        0.045747
        0.178950        0.000000
        0.240451        0.229389
        0.244321        0.236996
        0.248554        0.245317
        0.253188        0.254427
        0.254162        0.269223
        0.000000        0.000000
        0.153385        0.000000
        0.262080        0.347417
        0.256860        0.330335
        0.248379        0.317168
        0.263458        0.304079
        0.258270        0.291392
        0.253532        0.279805
        0.246450        0.363833
        0.227928        0.386127
        0.230078        0.410000
        0.000000        0.410000
        0.229389        0.159549
        0.231989        0.151544
        0.234882        0.142637
        0.238103        0.132718
        0.236589        0.118547
        0.241099        0.106563
        0.250136        0.095667
        0.233800        0.082848
        0.223778        0.065659
        0.203788        0.024126
        0.205519        0.045746
        0.179850        0.024518
        0.158398        0.024520
        0.235355        0.235355
        0.239440        0.242711
        0.241653        0.250757
        0.245255        0.259566
        0.245572        0.267697
        0.025564        0.000000
        0.000000        0.025625
        0.127821        0.000000
        0.102257        0.000000
        0.051128        0.000000
        0.076693        0.000000
        0.134110        0.023448
        0.239665        0.345421
        0.239038        0.326607
        0.243967        0.288149
        0.235890        0.310795
        0.243550        0.303512
        0.240452        0.276649
        0.225996        0.364669
        0.203851        0.386486
        0.204514        0.410000
        0.178950        0.410000
        0.153385        0.410000
        0.000000        0.384375
        0.051128        0.410000
        0.025564        0.410000
        0.076693        0.410000
        0.127821        0.410000
        0.102257        0.410000
        0.000000        0.051250
        0.000000        0.358750
        0.222700        0.155450
        0.224352        0.147651
        0.228239        0.129308
        0.226191        0.138973
        0.227975        0.115116
        0.220124        0.125794
        0.229774        0.098120
        0.218208        0.097531
        0.217983        0.081852
        0.206312        0.081852
        0.202570        0.064606
        0.185343        0.045560
        0.162851        0.046303
        0.141628        0.043376
        0.229389        0.240451
        0.231760        0.248210
        0.234377        0.256772
        0.237265        0.266221
        0.034086        0.017083
        0.017043        0.034167
        0.110698        0.022276
        0.085214        0.017083
        0.061354        0.030750
        0.118351        0.042473
        0.221230        0.346148
        0.222705        0.328119
        0.221307        0.312594
        0.230520        0.283827
        0.233060        0.296583
        0.228239        0.272373
        0.219902        0.274384
        0.203254        0.365352
        0.205829        0.346149
        0.184823        0.365354
        0.182043        0.386488
        0.157965        0.386129
        0.133610        0.387062
        0.019173        0.371562
        0.057520        0.390781
        0.038346        0.384375
        0.085214        0.392917
        0.110698        0.386371
        0.019173        0.057656
        0.000000        0.076875
        0.000000        0.333125
        0.019173        0.352344
        0.215451        0.152447
        0.216263        0.143985
        0.217176        0.134471
        0.212009        0.122280
        0.219362        0.111685
        0.206643        0.096941
        0.194152        0.082349
        0.181361        0.065659
        0.181993        0.082847
        0.163686        0.066952
        0.147491        0.061797
        0.127487        0.058891
        0.222700        0.244550
        0.224352        0.252851
        0.228332        0.260477
        0.040903        0.046125
        0.081604        0.034915
        0.100564        0.038814
        0.070828        0.050311
        0.106621        0.061000
        0.034086        0.068333
        0.206181        0.329044
        0.206497        0.313693
        0.220051        0.298641
        0.218923        0.286116
        0.211564        0.276394
        0.219711        0.264772
        0.189560        0.329354
        0.184209        0.346148
        0.162081        0.364671
        0.141628        0.363832
        0.119889        0.366264
        0.051128        0.358750
        0.068171        0.375833
        0.095292        0.370815
        0.017043        0.085417
        0.000000        0.102500
        0.000000        0.307500
        0.017043        0.324583
        0.034086        0.341667
        0.207822        0.150616
        0.209057        0.142255
        0.207432        0.132855
        0.199025        0.132855
        0.200849        0.121781
        0.201207        0.109893
        0.192498        0.096545
        0.182554        0.098120
        0.170321        0.082848
        0.168778        0.100052
        0.152761        0.078352
        0.134373        0.074965
        0.117083        0.074002
        0.215451        0.247553
        0.217467        0.255703
        0.213523        0.261010
        0.060052        0.065708
        0.084190        0.063268
        0.096058        0.076640
        0.043178        0.090073
        0.194402        0.313144
        0.201420        0.300318
        0.207036        0.287514
        0.200759        0.276906
        0.207471        0.266409
        0.182307        0.312595
        0.178594        0.323891
        0.174575        0.336118
        0.162893        0.344226
        0.127487        0.347418
        0.147491        0.344226
        0.104455        0.350836
        0.053810        0.337098
        0.074288        0.349880
        0.021585        0.111714
        0.000000        0.128125
        0.000000        0.281875
        0.000000        0.256250
        0.022276        0.297739
        0.043868        0.319381
        0.200000        0.150000
        0.198832        0.141674
        0.190618        0.132855
        0.189690        0.122280
        0.183052        0.111685
        0.191444        0.142255
        0.153478        0.095668
        0.170906        0.113885
        0.157154        0.109373
        0.106876        0.088828
        0.140609        0.089521
        0.122971        0.086312
        0.207822        0.249384
        0.207656        0.257443
        0.070856        0.083438
        0.096858        0.103379
        0.084443        0.093858
        0.057844        0.103122
        0.041156        0.120069
        0.189954        0.276394
        0.182788        0.298641
        0.195003        0.287983
        0.197769        0.266959
        0.200226        0.258027
        0.190776        0.266409
        0.167725        0.310794
        0.165440        0.326606
        0.147926        0.330336
        0.114314        0.334550
        0.131571        0.327941
        0.090101        0.328483
        0.073010        0.317473
        0.023448        0.134369
        0.000000        0.153750
        0.000000        0.230625
        0.000000        0.205000
        0.000000        0.179375
        0.058618        0.298268
        0.023448        0.274162
        0.022845        0.251319
        0.042473        0.288889
        0.192178        0.150616
        0.182549        0.134987
        0.178686        0.123767
        0.182819        0.143985
        0.142412        0.105971
        0.168980        0.129308
        0.160453        0.121674
        0.147094        0.118326
        0.117107        0.100624
        0.128552        0.101483
        0.108715        0.113096
        0.200000        0.250000
        0.073073        0.110713
        0.087022        0.117666
        0.058890        0.127640
        0.044522        0.139981
        0.181616        0.274384
        0.169779        0.296582
        0.177151        0.286117
        0.160660        0.292012
        0.191515        0.257443
        0.181246        0.264772
        0.155362        0.300873
        0.151830        0.314868
        0.137262        0.312008
        0.104032        0.309632
        0.118018        0.314356
        0.089884        0.300225
        0.075467        0.290640
        0.024520        0.158704
        0.024520        0.228184
        0.024226        0.205454
        0.024126        0.182692
        0.060773        0.280870
        0.043378        0.246888
        0.045942        0.268894
        0.184549        0.152447
        0.174480        0.137119
        0.175973        0.146821
        0.132482        0.116063
        0.162071        0.134464
        0.151325        0.129494
        0.138986        0.126607
        0.118005        0.121288
        0.104438        0.125407
        0.192178        0.249384
        0.077360        0.131699
        0.092381        0.137369
        0.063428        0.145015
        0.047215        0.160903
        0.173279        0.272373
        0.151381        0.288149
        0.165555        0.283827
        0.184268        0.255703
        0.174766        0.262087
        0.142412        0.297593
        0.108041        0.293273
        0.122829        0.302754
        0.090913        0.287187
        0.077360        0.273602
        0.046302        0.180947
        0.045746        0.223699
        0.045747        0.205857
        0.060603        0.240031
        0.063428        0.261010
        0.177300        0.155450
        0.164031        0.144191
        0.167483        0.152248
        0.125434        0.131990
        0.136483        0.137160
        0.155162        0.139620
        0.147303        0.138327
        0.112621        0.136246
        0.102691        0.146338
        0.164807        0.274733
        0.184549        0.247553
        0.093210        0.157611
        0.080420        0.149540
        0.066954        0.163893
        0.164107        0.266222
        0.143117        0.280025
        0.156017        0.276649
        0.176101        0.252851
        0.166492        0.256772
        0.130278        0.290178
        0.103601        0.278267
        0.117959        0.282650
        0.082987        0.258427
        0.092381        0.267020
        0.064871        0.206215
        0.064606        0.188258
        0.073993        0.179114
        0.064870        0.220804
        0.076839        0.235686
        0.088234        0.246984
        0.170611        0.159549
        0.158639        0.148796
        0.161790        0.157110
        0.122771        0.143169
        0.134099        0.147211
        0.147391        0.147409
        0.114664        0.151449
        0.106563        0.161835
        0.177300        0.244550
        0.098120        0.173573
        0.082848        0.170488
        0.155162        0.261900
        0.134854        0.271900
        0.146936        0.271590
        0.167483        0.248210
        0.158639        0.252167
        0.123242        0.271417
        0.111323        0.266407
        0.098723        0.253981
        0.081852        0.206533
        0.081518        0.190584
        0.082848        0.222379
        0.093210        0.236133
        0.164645        0.164645
        0.157110        0.161801
        0.148796        0.158663
        0.125486        0.156069
        0.139620        0.155199
        0.118547        0.165627
        0.111686        0.176314
        0.128096        0.261094
        0.170611        0.240451
        0.096941        0.187616
        0.146869        0.258300
        0.138335        0.259388
        0.161790        0.243347
        0.152916        0.246227
        0.109373        0.245895
        0.118326        0.255651
        0.096941        0.206816
        0.098120        0.220858
        0.106563        0.233251
        0.159549        0.170611
        0.151544        0.168479
        0.142638        0.166107
        0.132719        0.163466
        0.126205        0.172870
        0.123767        0.183576
        0.110344        0.188755
        0.129494        0.250758
        0.164645        0.235355
        0.109893        0.201337
        0.139620        0.246321
        0.147193        0.240286
        0.157110        0.238657
        0.121674        0.241849
        0.110344        0.213919
        0.114445        0.222292
        0.118547        0.230664
        0.155450        0.177300
        0.146821        0.175993
        0.138973        0.172088
        0.134471        0.183939
        0.128164        0.190776
        0.121781        0.196120
        0.132719        0.238216
        0.159549        0.229389
        0.122280        0.207291
        0.142638        0.234953
        0.151544        0.232023
        0.129308        0.228342
        0.123767        0.218306
        0.152447        0.184549
        0.143985        0.184262
        0.142255        0.191468
        0.132313        0.197568
        0.138973        0.228972
        0.155450        0.222700
        0.132856        0.207489
        0.147651        0.225668
        0.136288        0.219775
        0.150616        0.192178
        0.141674        0.198855
        0.152447        0.215451
        0.142255        0.209087
        0.144799        0.217498
        0.150000        0.200000
        0.150616        0.207822
