537 960 112
1.32786370815 0 1
1.95573786992 0 1
1.4024330372 0.534719460676 0
0.699989546382 0 1
2.58361203168 0 1
2.15859077141 0.475878135279 0
0 0 8
5 0 3
4.45505260153 0 1
3.21148619345 0 1
3.83936035522 0 1
1.6923906763 0.997862500602 0
0.752030144215 0.703654316444 0
2.91263948093 0.437686500082 0
2.61425967572 0.878508513215 0
0 0.898985800699 8
4.69046249864 0.50126846973 0
5 0.367149759355 3
4.30919671646 0.40480809743 0
3.56178553175 0.40480809743 0
3.97955268061 0.577697225919 0
2.00212787464 1.52066745425 0
1.1803417608 1.57118180587 0
3.49507540976 0.990200111168 0
3.03552927173 1.25074352115 0
2.5454077465 1.37876300316 0
0 1.89004524771 8
4.3555599771 0.733304375069 0
5 0.683574879678 3
4.69491510717 0.873743404982 0
3.9373725559 0.992790465702 0
0 2.89276017926 8
1.62414354423 2.27793729564 0
2.29934439091 2.02233864229 0
0.617858360166 2.20097045479 0
3.42606046929 1.59581797765 0
3.89409933788 1.41864093199 0
2.89672637814 1.79619847452 0
4.30854409776 1.26175202593 0
5 1 4
4.7094595383 1.16825048408 0
0.780232689139 3.44364621485 0
0 3.89547511081 8
5.34126984532 1 4
4.49739689613 1.4926419761 0
2.10528404275 2.67631557135 0
1.47892354753 3.03903781952 0
2.66691218751 2.35107951877 0
3.61992871167 2.07595598565 0
4.20969186929 1.77464496929 0
3.16931348403 2.4272727323 0
5.35237575635 1.35321666473 0
4.9680799646 1.35321666473 0
1.02180274485 4.06832926773 0
0 4.89819004236 8
5.68148148855 1 4
4.63695555053 1.98390982531 0
4.93199583789 1.75251219631 0
2.66691218751 2.81896389957 0
2.29936352773 3.64711249261 0
1.80073910933 4.13585469186 0
4.11386678192 2.28504955283 0
3.66115748664 2.89983985517 0
3.17524511849 3.09245404191 0
5.67924261808 1.3520719389 0
5.36493045032 1.75251219631 0
1.25483651017 4.67093802353 0
0.65583707267 5.25806591451 0
0 5.90090497391 8
6 1 5
5.08341186036 2.202574874 0
4.613305478 2.49647166487 0
6 0 5
6 0.518571430062 5
6 0.286785714697 5
6 0.750384618146 5
2.90874823267 3.71830288341 0
2.46202007352 4.45593699902 0
2.01640344785 5.08025899304 0
4.1379052048 2.93792146392 0
3.83886769958 3.34836183474 0
3.51752137907 3.78942197216 0
6.08341127642 1.30035270546 0
5.67671041161 1.75027482794 0
6.07544118173 1.63943778923 0
5.6738548462 2.19932788489 0
1.15405781488 5.8864435613 0
0.72296890125 6.60875035739 0
0 6.90361990546 8
6.30938921153 0.900662840717 0
5.11863429762 2.71038721801 0
4.78671109563 3.04900474059 0
6.53376483022 0 2
6.27354468431 0.573579081403 0
0 7.90633483701 8
3.37952600175 4.51356500109 0
2.81242021994 5.50809583627 0
1.86028964432 5.78556692813 0
4.42586974653 3.41712373487 0
4.12629452546 3.8605410609 0
4.05082605225 4.39775243113 0
6.59874303695 1.16659451431 0
6.39178971983 1.58585982591 0
6.12071987253 2.02321889486 0
5.67063182934 2.70616207943 0
5.93919999892 2.45628578491 0
1.68870624498 6.56076542573 0
0.91199655357 7.5781141483 0
6.6555568433 0.789517031321 0
5.15842920463 3.28412314857 0
7.16095761317 0 2
6.66909095707 0.423673187311 0
0.810334450389 8.52347106954 0
0 8.90904976856 8
0 10 8
6.47345733314 1.99812458688 0
3.74794315337 5.28096764328 0
2.65298591242 6.51285298449 0
3.64293448407 5.95447408264 0
4.735067385 3.93166002671 0
4.66900451357 4.66269071136 0
6.89210325935 1.08844676389 0
6.73551558399 1.52764513905 0
6.40442669802 2.45628578491 0
6.22951824612 2.94539105095 0
5.89568939423 3.49845487624 0
2.29486096678 7.38210233662 0
1.91000918291 8.31622414367 0
7.04303762414 0.665106621725 0
5.43344766966 3.93166002671 0
7.41969098283 0.423673187311 0
7.81215070461 0 2
1.32101488597 10 7
6.81143067853 2.02291487765 0
8.46334379605 0 2
4.59441383425 5.48808761871 0
3.69546430716 7.01452491015 0
4.510145335 6.42057574812 0
5.45643291199 4.66269071136 0
7.40957662222 0.958662187176 0
7.25339696673 1.42497304634 0
7.22458024065 1.83511144885 0
6.89650468612 2.57793729666 0
6.79739822894 3.02810602591 0
6.69384858822 3.49845487624 0
6.36849062552 4.12331745459 0
3.18245584628 7.88721933997 0
2.74909963278 10 7
3.22733819599 9.06073157262 0
7.94101367327 0.709826984638 0
7.19398112706 2.27061813955 0
8.51916479926 0.585190621284 0
9.11453688749 0 2
5.3759769419 6.42057574812 0
5.80676007625 5.62849693944 0
4.41516370179 7.47161247951 0
6.45180683253 4.82950363432 0
7.84529894017 1.30762612988 0
7.66361093304 1.99378311121 0
7.47130506623 2.72003946753 0
7.3468917062 3.37582058448 0
6.867379845 4.12331745459 0
4.30778100184 8.65987522263 0
4.18667466339 10 7
8.54060905663 1.03894469658 0
9.1705349825 0.680879743007 0
9.76572997893 0 2
10.4169230704 0 2
11.7193092533 0 2
11.0681161618 0 2
6.54607249475 5.62849693944 0
9.77738965282 0.680879743007 0
6.65241213576 6.52982938944 0
5.64035509121 7.46734119949 0
5.63278793509 8.65731125805 0
7.06349557737 4.82950363432 0
8.36307033744 1.72230204774 0
8.19932258334 2.28803551084 0
8.14166655218 2.88576626348 0
7.9664852265 3.46984898296 0
7.78532862457 4.07385394776 0
5.62424969399 10 7
9.23115746605 1.41798646927 0
10.3842438724 0.680889454839 0
11.0889805714 0.680879743007 0
11.6958349139 0.680889454839 0
12.3026899121 0.680879743007 0
12.3705023447 0 2
7.28538487226 5.62849693944 0
10.3488660458 1.41800728619 0
9.79001224766 1.41798646927 0
6.77258970288 7.54845142742 0
7.53569487998 6.52982938944 0
6.90843093852 8.69983830415 0
7.87174225028 4.92221868171 0
8.97828292006 2.21501724675 0
8.92510855098 3.07944883367 0
8.86752607568 4.01553997073 0
7.06182472459 10 7
9.80366040375 2.21498298898 0
11.1115680385 1.41798646927 0
11.6704220825 1.41800728619 0
12.2292776017 1.41798646927 0
13.0074261604 0.680879743007 0
12.9919785699 1.41798646927 0
13.0216954361 0 2
7.96677104939 5.86348970827 0
10.4174122777 2.01036096226 0
14.324081619 0 2
13.6728885276 0 2
7.81857751107 7.54845142742 0
8.73750116186 6.12929496414 0
8.66431439544 7.31905886141 0
8.58510449024 8.60673724218 0
8.8051663626 5.02929306173 0
9.81846307946 3.0794004794 0
9.83449288815 4.01547440562 0
8.49939975519 10 7
10.4901260328 2.63872869233 0
11.1359906729 2.21498298898 0
12.1499005464 2.21498298898 0
12.9752758993 2.21498298898 0
13.5508315894 1.41800728619 0
13.6142800111 0.680889454839 0
14.319017038 0.680889454839 0
15 0 9
11.1624793458 3.0794004794 0
9.61852354893 6.12796042732 0
9.71648675549 7.31909217669 0
9.93697478579 10 7
9.9131161905 8.60675527258 0
10.1755429992 5.02929306173 0
10.8014556028 4.01547440562 0
12.0638086405 3.0794004794 0
12.9571602186 3.0794004794 0
13.6414408904 2.21500011786 0
14.3135341968 1.41800728619 0
15.0487629744 0.709512149179 0
15.7244744842 0 9
11.5808696911 4.01553997073 0
11.0037529366 6.12796042732 0
11.466977769 7.31905886141 0
11.3745498164 10 7
11.3318560695 8.60675527258 0
11.5459195949 5.02929306173 0
12.937542892 4.01547440562 0
13.8505118376 3.0794004794 0
14.3076059225 2.21501724675 0
15.1010902832 1.47088571076 0
15.7217376397 0.735717703808 0
16.4758316072 0 9
12.2355149335 4.51245305781 0
14.525995106 3.12297259236 0
12.6411268438 6.12796042732 0
12.6937298949 7.31909217669 0
12.812124847 10 7
12.8413231437 8.60675527258 0
12.9162980345 5.02920626991 0
14.2942133064 4.01553997073 0
13.9629788249 5.02920626991 0
15.1573152739 2.28897165767 0
15.7188233935 1.51912257636 0
16.5236402326 0.736630083282 0
16.3559099309 1.52077407951 0
17.2281704804 0 9
15.2826206473 4.11219257173 0
15.2177005757 3.16759112446 0
14.0263562314 6.12796042732 0
13.3731043296 6.71185181962 0
13.6560293321 7.98886783839 0
14.2496998776 10 7
14.3510820645 8.6487779181 0
14.8209751554 5.12145551818 0
16.2898811533 2.35811125381 0
17.2196843095 0.821341761687 0
17.2105790369 1.7026062889 0
18.0233742073 0.7366165195 0
17.9805093535 0 9
16.219396448 3.25195543072 0
15.7050692678 5.2165107892 0
16.1443093588 4.20416476643 0
15.701047586 6.29762178547 0
14.4455203679 7.39010414843 0
15.6872749082 10 7
15.5944088042 8.6487779181 0
17.2007981569 2.64926172714 0
18.0690055565 1.52077407951 0
18.7188503674 0.821356841662 0
18.7328482266 0 9
17.1902848326 3.66680587471 0
16.8145812255 5.21941569235 0
17.0070861233 4.42388156142 0
19.4851870998 0 9
18.1697456913 3.25195543072 0
16.8847336386 6.30031618364 0
15.6967495062 7.45302694287 0
17.1248499388 10 7
17.1398562483 8.54759509587 0
18.6876696913 2.65095879804 0
18.7038312859 1.70263878461 0
19.4172136462 0.736630083282 0
19.344853164 1.52080260033 0
18.2251562404 4.20416476643 0
17.9047783165 4.95928825201 0
17.568731356 5.7513416952 0
20.2200290693 0.736630083282 0
20.2375259729 0 9
18.9501967327 3.72051009184 0
18.3471380773 6.30037666746 0
17.3426054896 7.45511383932 0
18.5624249694 10 7
18.6835742078 8.68710174895 0
19.6065856792 2.35811125381 0
19.6526019365 3.25195543072 0
20.2014029233 1.52080260033 0
19.0035591507 5.21941569235 0
21.0364282718 0.83250372981 0
21 0 10
19.7016229198 4.20416476643 0
20.8276837159 1.72316271274 0
20.0878770594 6.30031618364 0
18.7972573869 7.45511383932 0
20 10 7
20.1437009556 8.56299007038 0
20.7321195777 2.67880397214 0
20.6301635379 3.69836436976 0
20.1135512908 5.21941569235 0
21.9707525521 1.74436671496 0
21.8720395676 0.843282469868 0
21.7796587101 0 10
21.6871092019 2.70546319634 0
21.2097627513 4.79375507803 0
21.5318361889 7.2444997353 0
20.0604476501 7.45511383932 0
21.2610284381 5.96534178636 0
21.4375750306 10 7
21.486230615 8.57766890999 0
21.6521059569 3.72870019845 0
22.4579185661 2.70561026708 0
22.595454373 0.843430319189 0
22.6229411518 1.7432812436 0
22.5696910686 0 10
22.3083174269 4.8257681032 0
24.1500803246 0 10
23.3598856966 0 10
24.9402749526 0 10
22.8317104586 8.5778917494 0
22.7909922719 7.24487448087 0
22.7528494007 5.99616828793 0
22.8751500612 10 7
22.6836017041 3.72916329301 0
23.2287279714 2.70575733781 0
23.2753155877 1.7446637249 0
23.3190008004 0.843446710467 0
23.1259398285 4.82625598956 0
24.1637985056 0.843446710467 0
25.0085962517 0.843446710467 0
25.7304695806 0 10
24.3127250918 10 7
23.5834902465 7.90063392036 0
24.4019694611 8.5778917494 0
24.4856229187 7.24487448087 0
23.9312242288 5.99616828793 0
23.7152150587 3.72916329301 0
24.1940880289 2.70575733781 0
24.1784563644 1.7446637249 0
24.2285768336 4.82625598956 0
25.0815971001 1.7446637249 0
25.7321421464 0.843430319189 0
26.5206642086 0 10
26.5769387861 0.843430319189 0
25.7503001224 10 7
25.859856218 8.57786589216 0
25.2848734029 6.61041460476 0
25.9625487998 7.24482588074 0
25.3312137978 4.82625598956 0
24.7062513555 3.72916329301 0
24.964961729 2.7058139287 0
25.735835429 2.70587051958 0
25.7339265828 1.7432812436 0
27.3108588366 0 10
26.6369778222 1.7432812436 0
27.3004859922 0.843430319189 0
27.187875153 10 7
27.0040501514 7.24487448087 0
27.2053647462 8.5778917494 0
26.058746174 5.99610005924 0
25.7378647101 3.72916329301 0
26.1488667691 4.82625598956 0
26.5643540142 2.45845664568 0
26.4881101106 3.20928209248 0
28.0240317229 0.843446710467 0
28.1010534646 0 10
27.2894192983 1.7432812436 0
28.5508752824 8.5778917494 0
28.6254501836 10 7
28.6986821095 7.24482588074 0
27.5535026095 5.99610005924 0
26.8398515553 5.40173927127 0
27.2649961722 3.72916329301 0
27.6603302189 4.82625598956 0
27.2775810261 2.70587051958 0
28.8688294281 0.843446710467 0
28.1924705377 1.7432812436 0
28.8912480926 0 10
30.1211353095 8.57786589216 0
29.3984380731 7.90059630238 0
30.0630252142 10 7
28.7318729709 5.99610005924 0
29.4420941914 6.6103910423 0
28.2429484187 2.70587051958 0
28.2966095268 3.72916329301 0
28.762967183 4.82625598956 0
28.8448752564 1.7446637249 0
29.49735349 1.7432812436 0
29.7136265186 0.843430319189 0
29.6814427206 0 10
31.5790190339 8.5778917494 0
30.1756049583 7.24482588074 0
31.5006002448 10 7
30.2266294064 5.99610005924 0
29.8656074254 4.82634077345 0
29.2876458236 3.72916329301 0
29.3957047867 2.70587051958 0
30.4003482614 1.7446637249 0
30.5584231993 0.843430319189 0
30.4716373487 0 10
31.6525251024 7.24487448087 0
32.8121530216 8.57786589216 0
31.0886207829 5.99616828793 0
32.9381752754 10 7
30.9682498807 4.82634077345 0
29.9927118644 3.99815632449 0
30.1137832479 3.20928209248 0
30.7500613674 2.70587051958 0
31.3034559687 1.7432812436 0
31.2819704053 0.843430319189 0
31.2618319767 0 10
33.1294506147 7.24482588074 0
32.4469458558 6.61041460476 0
34.4947885317 8.5778917494 0
31.7953870499 5.40177234067 0
34.375750306 10 7
30.8553543844 3.72916329301 0
31.8463906812 3.72916329301 0
32.4797046021 4.82625598956 0
31.9028177354 2.70587051958 0
32.1267685202 0.843446710467 0
32.2066297328 1.7446637249 0
32.0520266047 0 10
33.2161422365 5.99610005924 0
34.3886610757 7.24482588074 0
35.4542178972 9.02720030539 0
35.5171581893 8.00444909977 0
35.8133253366 10 7
32.8780040358 3.72916329301 0
33.2973575735 4.82625598956 0
32.868185128 2.70587051958 0
32.850314251 0.843430319189 0
32.8422212327 0 10
32.8589486842 1.7432812436 0
34.710892935 5.99616828793 0
33.9927196912 5.40177234067 0
35.5771082207 7.03028942601 0
36.7726920049 9.06594899815 0
36.4770072126 8.10462353062 0
37.2509003672 10 7
33.9096173904 3.72916329301 0
33.8335525206 2.70587051958 0
34.808813934 4.82634077345 0
33.7619999235 1.7432812436 0
33.5738603506 0.843446710467 0
33.6324158607 0 10
35.921320619 6.13818001993 0
35.7188899831 5.11844050662 0
36.831441908 6.96282493646 0
38.2779821719 8.84958798937 0
37.6658938897 7.75515690842 0
38.678985114 10 7
34.9006536872 3.72916329301 0
34.9863088885 2.70587051958 0
34.4144349251 1.7446637249 0
35.5266754567 4.15016022013 0
34.4186580558 0.843446710467 0
34.4226104887 0 10
37.1643886223 5.89024924709 0
36.9287520451 5.0272264085 0
36.7032372045 4.20127441054 0
38.3421759869 6.42220348392 0
38.5011667055 7.38308515761 0
39.189550237 8.88409498835 0
39.1896655086 7.82843136818 0
40 10 7
35.7956428358 3.23842352977 0
35.0668829168 1.7432812436 0
35.7224779518 2.31703028718 0
35.1422053437 0.843430319189 0
35.2128051167 0 10
38.1042545066 5.30568708275 0
37.8798043205 4.25238884683 0
36.8545202937 2.89941368196 0
37.668093681 3.25887443475 0
39.2770071265 6.62771756493 0
39.1952352647 5.65272664852 0
40 8.91477427537 6
40 7.91778385063 6
40 6.9207934259 6
35.6986248733 1.42979675339 0
36.4368798495 1.93968816701 0
35.7526995742 0.555640385538 0
36.0029997447 0 10
38.7354039184 4.76470477624 0
38.5635598568 3.78216502097 0
37.468297861 2.32127378399 0
38.5183626306 2.71354176031 0
40 5.92380300116 6
40 4.92681257642 6
36.3081810719 1.12732236611 0
37.1298191726 1.57368241816 0
36.6073196294 0.594163001603 0
36.7931943727 0 10
39.3394267087 4.24697378347 0
39.247315434 3.31194123608 0
37.7815448826 1.2111871482 0
38.3040847483 1.85154050808 0
39.2983493482 2.29112670085 0
40 3.92982215169 6
37.2780420922 0.594163001603 0
37.5833890007 0 10
40 2.93283172695 6
38.3281983252 0.596634150573 0
39.1314243499 1.24006337462 0
40 1.93584130221 6
38.3735836287 0 10
39.1637782567 0 10
40 0.942210720048 6
40 0 6
133 115 114 0
113 114 95 0
133 114 113 0
79 87 67 0
108 88 107 0
113 108 128 0
113 95 108 0
89 69 88 0
133 128 148 0
133 113 128 0
108 89 88 0
147 156 163 0
108 107 127 0
127 137 147 0
7 4 13 0
4 1 3 0
13 16 7 0
3 13 4 0
3 12 13 0
6 2 5 0
16 13 23 0
1 2 3 0
25 24 36 0
34 22 26 0
14 24 25 0
11 20 10 0
37 39 50 0
49 37 50 0
36 24 37 0
15 14 25 0
31 39 37 0
23 27 16 0
14 10 20 0
47 42 35 0
23 33 35 0
46 60 47 0
17 8 18 0
17 29 30 0
38 36 49 0
11 21 20 0
28 39 31 0
19 28 21 0
11 19 21 0
9 17 19 0
30 39 28 0
17 30 28 0
29 40 30 0
41 30 40 0
17 9 8 0
29 17 18 0
28 19 17 0
9 19 11 0
53 58 45 0
44 52 40 0
65 56 70 0
53 52 66 0
44 56 52 0
22 33 23 0
38 48 34 0
51 59 48 0
48 59 46 0
38 51 48 0
45 50 39 0
72 57 71 0
92 72 91 0
110 92 91 0
99 80 92 0
62 57 72 0
110 99 92 0
49 50 62 0
36 37 49 0
45 58 57 0
41 45 39 0
72 71 91 0
45 57 50 0
58 71 57 0
62 50 57 0
60 61 47 0
22 34 33 0
12 22 23 0
12 15 22 0
13 12 23 0
34 26 38 0
6 15 12 0
6 14 15 0
31 37 24 0
21 31 24 0
21 28 31 0
49 51 38 0
66 58 53 0
86 66 84 0
71 58 66 0
91 71 86 0
100 99 120 0
106 105 86 0
117 121 136 0
117 101 121 0
97 117 119 0
97 78 96 0
100 120 101 0
82 100 101 0
59 64 77 0
80 63 62 0
77 64 82 0
96 77 82 0
60 59 77 0
59 51 64 0
120 121 101 0
81 64 63 0
110 130 120 0
35 27 23 0
33 47 35 0
34 48 46 0
3 6 12 0
14 5 10 0
24 14 20 0
21 24 20 0
36 38 25 0
6 5 14 0
26 22 15 0
25 26 15 0
25 38 26 0
3 2 6 0
46 47 33 0
34 46 33 0
59 60 46 0
32 27 35 0
126 125 145 0
162 146 145 0
130 110 126 0
54 67 55 0
42 54 43 0
42 47 54 0
54 47 61 0
32 42 43 0
32 35 42 0
146 126 145 0
157 146 162 0
157 139 146 0
136 121 139 0
110 105 126 0
149 164 148 0
67 54 61 0
80 62 72 0
100 81 99 0
63 51 49 0
81 63 80 0
99 81 80 0
82 64 81 0
64 51 63 0
130 139 120 0
136 119 117 0
155 154 136 0
157 155 139 0
171 173 155 0
78 79 61 0
138 119 136 0
138 156 137 0
68 69 55 0
127 147 128 0
98 79 97 0
87 98 107 0
87 79 98 0
88 87 107 0
68 67 87 0
97 119 118 0
87 69 68 0
54 55 43 0
137 119 138 0
147 137 156 0
118 119 137 0
118 98 97 0
127 107 118 0
137 127 118 0
128 108 127 0
88 69 87 0
96 101 117 0
97 96 117 0
78 77 96 0
60 78 61 0
60 77 78 0
68 55 67 0
53 40 52 0
86 84 104 0
105 91 86 0
125 105 106 0
125 126 105 0
71 66 86 0
99 110 120 0
82 81 100 0
80 72 92 0
41 40 53 0
45 41 53 0
39 30 41 0
52 65 66 0
65 70 83 0
163 182 164 0
122 109 129 0
151 143 134 0
142 151 134 0
123 142 134 0
141 159 142 0
159 160 151 0
102 83 90 0
102 123 103 0
109 102 90 0
122 123 102 0
70 76 90 0
150 132 135 0
152 150 135 0
153 152 135 0
166 183 165 0
129 111 131 0
106 104 124 0
94 90 76 0
75 94 74 0
112 109 94 0
175 182 163 0
156 175 163 0
174 192 175 0
229 228 241 0
214 229 231 0
230 214 231 0
194 192 211 0
211 192 193 0
212 213 193 0
214 194 211 0
156 138 154 0
149 147 163 0
149 128 147 0
164 149 163 0
148 128 149 0
108 95 89 0
155 136 139 0
107 98 118 0
61 79 67 0
78 97 79 0
101 96 82 0
157 162 176 0
162 145 161 0
207 212 193 0
176 195 189 0
215 212 207 0
217 215 198 0
232 228 215 0
146 130 126 0
175 156 174 0
110 91 105 0
139 121 120 0
49 62 63 0
103 123 116 0
83 103 85 0
83 102 103 0
179 180 160 0
143 144 124 0
73 93 75 0
93 112 94 0
112 93 111 0
109 112 129 0
109 90 94 0
112 111 129 0
94 75 93 0
111 132 131 0
166 152 153 0
191 183 172 0
183 200 196 0
166 153 167 0
184 167 168 0
191 172 190 0
200 216 196 0
201 220 208 0
208 220 219 0
106 124 125 0
190 208 191 0
124 144 125 0
180 181 161 0
197 180 179 0
198 181 180 0
181 176 162 0
160 180 161 0
198 215 195 0
166 167 172 0
182 175 194 0
195 207 189 0
213 212 228 0
193 189 207 0
214 211 213 0
192 173 193 0
195 176 181 0
198 195 181 0
215 207 195 0
213 211 193 0
229 213 228 0
229 214 213 0
146 139 130 0
171 157 176 0
171 155 157 0
173 171 189 0
154 138 136 0
173 154 155 0
173 174 154 0
174 173 192 0
174 156 154 0
162 161 181 0
140 131 150 0
197 196 216 0
170 185 168 0
170 169 186 0
104 106 86 0
85 104 84 0
65 83 85 0
66 65 84 0
52 56 65 0
122 102 109 0
84 65 85 0
70 90 83 0
122 129 140 0
76 74 94 0
140 150 158 0
141 140 158 0
159 141 158 0
123 122 141 0
129 131 140 0
208 200 191 0
201 208 190 0
219 200 208 0
227 219 220 0
216 200 219 0
227 233 219 0
221 234 220 0
233 217 216 0
240 233 227 0
240 245 233 0
217 197 216 0
199 214 218 0
150 131 132 0
165 177 158 0
166 165 152 0
183 177 165 0
183 196 177 0
178 196 197 0
178 177 196 0
160 178 179 0
160 143 151 0
165 150 152 0
134 116 123 0
142 159 151 0
143 124 134 0
161 144 160 0
124 116 134 0
158 150 165 0
172 183 166 0
191 200 183 0
144 161 145 0
125 144 145 0
143 160 144 0
141 122 140 0
141 142 123 0
177 159 158 0
178 160 159 0
116 104 103 0
104 116 124 0
104 85 103 0
180 197 198 0
159 177 178 0
178 197 179 0
244 243 230 0
229 242 231 0
269 254 268 0
283 269 268 0
255 254 269 0
244 255 257 0
242 254 255 0
176 189 171 0
189 193 173 0
194 175 192 0
199 194 214 0
199 182 194 0
185 184 168 0
204 188 206 0
184 185 201 0
172 184 190 0
172 167 184 0
169 188 187 0
202 220 201 0
222 221 203 0
223 222 205 0
259 253 266 0
222 236 235 0
253 267 266 0
248 253 247 0
248 261 253 0
252 246 258 0
184 201 190 0
233 245 232 0
220 234 227 0
234 235 246 0
186 187 203 0
185 186 202 0
185 170 186 0
187 204 205 0
169 187 186 0
204 206 224 0
214 230 218 0
241 242 229 0
232 245 241 0
212 215 228 0
233 216 219 0
215 217 232 0
198 197 217 0
242 244 231 0
254 242 241 0
270 283 272 0
255 270 257 0
255 269 270 0
244 230 231 0
224 223 204 0
209 225 210 0
225 238 237 0
224 225 237 0
209 226 225 0
243 244 257 0
203 202 186 0
204 187 188 0
210 224 206 0
205 203 187 0
223 205 204 0
223 237 236 0
237 249 248 0
226 238 225 0
226 239 238 0
217 233 232 0
202 221 220 0
185 202 201 0
203 221 202 0
203 205 222 0
257 256 243 0
242 255 244 0
270 272 257 0
491 493 479 0
477 491 479 0
453 466 465 0
492 477 490 0
503 492 490 0
506 505 491 0
479 467 477 0
491 492 506 0
493 491 505 0
477 492 491 0
464 454 452 0
465 455 453 0
478 465 466 0
467 455 465 0
455 443 453 0
492 507 506 0
489 503 490 0
504 516 503 0
490 478 489 0
454 466 453 0
462 464 452 0
474 486 476 0
477 478 490 0
474 464 462 0
477 465 478 0
454 441 452 0
466 454 464 0
453 441 454 0
443 441 453 0
443 431 441 0
439 451 452 0
467 465 477 0
507 492 503 0
439 441 429 0
537 536 535 0
532 531 535 0
533 532 536 0
526 525 532 0
532 533 526 0
536 532 535 0
533 530 526 0
531 528 529 0
535 531 534 0
532 525 531 0
527 522 523 0
531 529 534 0
519 518 520 0
515 514 525 0
475 487 474 0
480 483 470 0
494 501 488 0
481 494 480 0
487 500 499 0
494 488 483 0
501 502 488 0
481 496 494 0
514 515 502 0
524 514 519 0
499 512 504 0
487 488 500 0
474 487 486 0
475 488 487 0
513 523 522 0
502 513 500 0
502 515 513 0
486 487 499 0
530 527 523 0
527 517 522 0
521 528 520 0
517 504 512 0
504 517 516 0
507 503 516 0
459 461 449 0
485 484 473 0
471 461 472 0
511 520 510 0
469 458 471 0
509 508 518 0
514 509 519 0
501 494 496 0
482 495 481 0
471 482 469 0
471 472 484 0
509 518 519 0
497 508 495 0
497 510 508 0
468 457 456 0
462 452 451 0
513 515 523 0
488 502 500 0
501 514 502 0
476 486 489 0
464 476 466 0
464 474 476 0
466 476 478 0
470 475 462 0
483 480 494 0
504 503 489 0
439 428 440 0
523 526 530 0
475 474 462 0
483 475 470 0
483 488 475 0
499 489 486 0
512 499 500 0
513 512 500 0
522 517 512 0
504 489 499 0
489 478 476 0
515 526 523 0
515 525 526 0
522 512 513 0
481 480 469 0
496 509 501 0
495 496 481 0
495 508 496 0
480 468 469 0
496 508 509 0
470 468 480 0
524 531 525 0
481 469 482 0
528 531 524 0
519 520 528 0
525 514 524 0
495 482 484 0
521 529 528 0
520 511 521 0
524 519 528 0
510 498 511 0
518 510 520 0
497 485 498 0
518 508 510 0
484 472 473 0
495 484 497 0
482 471 484 0
441 431 429 0
416 426 425 0
450 448 437 0
461 458 449 0
498 510 497 0
446 457 451 0
445 446 432 0
445 456 446 0
446 456 457 0
447 445 444 0
447 456 445 0
458 469 456 0
429 428 439 0
420 418 429 0
420 406 418 0
497 484 485 0
414 411 404 0
425 424 415 0
433 444 432 0
435 434 424 0
435 444 434 0
398 409 397 0
387 398 385 0
387 389 399 0
411 423 412 0
422 433 432 0
412 423 413 0
424 434 423 0
449 458 447 0
410 419 407 0
421 410 409 0
421 419 410 0
413 422 409 0
430 428 419 0
432 430 421 0
442 446 451 0
432 442 430 0
432 446 442 0
445 432 444 0
430 419 421 0
397 385 398 0
406 420 408 0
419 428 418 0
409 410 397 0
422 413 423 0
421 422 432 0
421 409 422 0
429 431 420 0
428 429 418 0
439 452 441 0
473 472 460 0
448 459 449 0
406 407 419 0
418 406 419 0
408 396 406 0
463 457 470 0
451 463 462 0
451 457 463 0
430 442 440 0
458 461 471 0
468 456 469 0
501 509 514 0
470 457 468 0
462 463 470 0
440 428 430 0
451 440 442 0
451 439 440 0
447 435 436 0
456 447 458 0
444 435 447 0
433 422 423 0
434 433 423 0
434 444 433 0
403 416 415 0
404 403 414 0
392 393 403 0
425 426 436 0
414 403 415 0
417 427 416 0
448 450 460 0
459 448 460 0
472 459 460 0
472 461 459 0
449 436 448 0
406 396 395 0
436 449 447 0
425 436 435 0
424 425 435 0
415 416 425 0
437 448 436 0
426 437 436 0
427 426 416 0
427 438 426 0
438 450 437 0
384 386 395 0
438 437 426 0
417 416 403 0
373 386 384 0
376 389 387 0
355 367 363 0
377 388 376 0
378 388 377 0
391 402 400 0
388 391 400 0
390 382 394 0
379 390 391 0
379 380 390 0
399 398 387 0
401 399 389 0
401 398 399 0
412 401 400 0
413 409 401 0
375 362 374 0
402 404 411 0
402 391 390 0
412 400 411 0
400 401 389 0
382 371 383 0
393 392 381 0
393 405 403 0
403 405 417 0
365 352 353 0
380 379 368 0
414 424 411 0
392 403 404 0
415 424 414 0
387 385 375 0
351 355 343 0
365 364 352 0
377 367 364 0
362 375 373 0
392 383 381 0
366 365 353 0
371 380 369 0
402 394 404 0
369 380 368 0
383 392 394 0
360 362 361 0
360 348 362 0
347 360 361 0
347 348 360 0
337 347 350 0
337 333 347 0
333 349 348 0
383 371 381 0
404 394 392 0
371 370 381 0
394 382 383 0
369 370 371 0
357 346 358 0
366 357 368 0
366 354 356 0
358 370 369 0
361 372 359 0
361 373 372 0
350 347 359 0
362 373 361 0
359 347 361 0
375 385 373 0
374 387 375 0
363 374 362 0
363 376 374 0
379 378 368 0
382 390 380 0
371 382 380 0
394 402 390 0
355 363 349 0
351 364 355 0
338 351 343 0
338 331 339 0
367 376 363 0
364 367 355 0
377 376 367 0
378 377 365 0
366 378 365 0
379 388 378 0
388 389 376 0
385 386 373 0
423 411 424 0
409 398 401 0
391 388 379 0
400 389 388 0
411 400 402 0
412 413 401 0
387 374 376 0
373 384 372 0
397 386 385 0
395 396 384 0
397 395 386 0
407 406 395 0
397 407 395 0
397 410 407 0
369 357 358 0
368 357 369 0
337 350 336 0
366 353 354 0
346 357 356 0
368 378 366 0
322 324 312 0
356 354 345 0
346 356 344 0
357 366 356 0
339 341 352 0
340 329 342 0
353 340 354 0
328 329 340 0
354 342 345 0
344 356 345 0
341 328 340 0
353 341 340 0
353 352 341 0
311 312 323 0
329 330 342 0
354 340 342 0
328 320 317 0
298 311 297 0
282 283 268 0
310 296 295 0
285 283 296 0
298 285 296 0
312 298 310 0
297 285 298 0
284 271 272 0
275 276 264 0
265 275 263 0
277 287 275 0
289 277 278 0
288 300 287 0
302 300 288 0
315 302 301 0
315 313 302 0
299 286 287 0
313 299 300 0
328 341 339 0
321 333 334 0
309 310 295 0
355 349 343 0
349 363 348 0
317 320 315 0
330 317 318 0
329 328 317 0
343 335 332 0
329 317 330 0
318 317 306 0
362 348 363 0
324 334 337 0
336 324 337 0
323 312 324 0
296 310 298 0
267 274 279 0
281 266 279 0
248 249 261 0
322 334 324 0
310 322 312 0
309 321 322 0
291 305 295 0
314 299 313 0
326 314 325 0
331 338 325 0
320 331 325 0
338 332 326 0
339 351 338 0
328 339 331 0
352 351 339 0
343 349 335 0
352 364 351 0
364 365 377 0
332 327 326 0
305 309 295 0
292 304 291 0
304 309 305 0
292 303 304 0
319 327 316 0
337 334 333 0
348 347 333 0
336 323 324 0
322 310 309 0
293 301 289 0
293 307 306 0
308 294 299 0
319 308 314 0
303 294 308 0
304 303 316 0
309 304 316 0
305 291 304 0
290 294 303 0
333 321 335 0
334 322 321 0
301 302 288 0
335 349 333 0
314 313 325 0
331 320 328 0
327 319 326 0
335 327 332 0
321 309 316 0
313 315 325 0
288 277 289 0
301 288 289 0
287 276 275 0
288 287 277 0
300 299 287 0
269 283 270 0
258 268 254 0
280 281 291 0
268 273 282 0
266 267 279 0
273 266 280 0
282 273 280 0
260 259 273 0
259 246 247 0
234 240 227 0
222 235 221 0
258 260 268 0
245 258 254 0
246 260 258 0
234 246 240 0
235 247 246 0
221 235 234 0
236 248 247 0
235 236 247 0
222 223 236 0
241 245 254 0
241 228 232 0
294 290 286 0
314 308 299 0
308 316 303 0
326 319 314 0
327 321 316 0
279 274 286 0
292 281 290 0
303 292 290 0
291 281 292 0
267 253 261 0
276 287 286 0
338 326 325 0
343 332 338 0
335 321 327 0
315 320 325 0
300 302 313 0
301 293 306 0
306 307 318 0
315 306 317 0
315 301 306 0
312 311 298 0
272 285 284 0
257 272 271 0
283 285 272 0
274 262 264 0
290 279 286 0
280 291 282 0
266 281 280 0
259 247 253 0
273 259 266 0
260 246 259 0
261 274 267 0
279 290 281 0
299 294 286 0
316 308 319 0
295 282 291 0
261 249 262 0
252 245 240 0
246 252 240 0
258 245 252 0
225 224 210 0
285 297 284 0
275 264 263 0
278 277 265 0
282 296 283 0
260 273 268 0
295 296 282 0
263 264 250 0
265 263 251 0
265 277 275 0
257 271 256 0
237 248 236 0
224 237 223 0
261 262 274 0
238 249 237 0
238 250 249 0
239 250 238 0
264 276 274 0
251 263 250 0
276 286 274 0
250 262 249 0
251 250 239 0
264 262 250 0
115 114 8
114 95 8
95 89 8
89 69 8
69 55 8
55 43 8
43 32 8
32 27 8
27 16 8
16 7 8
493 479 7
479 467 7
467 455 7
455 443 7
443 431 7
431 420 7
420 408 7
408 396 7
396 384 7
384 372 7
372 359 7
359 350 7
350 336 7
336 323 7
323 311 7
311 297 7
297 284 7
284 271 7
271 256 7
256 243 7
243 230 7
230 218 7
218 199 7
199 182 7
182 164 7
164 148 7
148 133 7
133 115 7
537 536 6
536 533 6
533 530 6
530 527 6
527 517 6
517 516 6
516 507 6
507 506 6
506 505 6
505 493 6
70 76 5
76 74 5
74 75 5
75 73 5
40 44 4
44 56 4
56 70 4
8 18 3
18 29 3
29 40 3
318 330 10
330 342 10
342 345 10
345 344 10
344 346 10
346 358 10
358 370 10
370 381 10
381 393 10
393 405 10
405 417 10
417 427 10
427 438 10
438 450 10
450 460 10
460 473 10
473 485 10
485 498 10
498 511 10
511 521 10
521 529 10
529 534 10
534 535 10
535 537 10
226 239 9
239 251 9
251 265 9
265 278 9
278 289 9
289 293 9
293 307 9
307 318 9
73 93 2
93 111 2
111 132 2
132 135 2
135 153 2
153 167 2
167 168 2
168 170 2
170 169 2
169 188 2
188 206 2
206 210 2
210 209 2
209 226 2
7 4 1
4 1 1
1 2 1
2 5 1
5 10 1
10 11 1
11 9 1
9 8 1
