        1.327864        0.000000
        1.955738        0.000000
        1.402433        0.534719
        0.699990        0.000000
        2.583612        0.000000
        2.158591        0.475878
        0.000000        0.000000
        5.000000        0.000000
        4.455053        0.000000
        3.211486        0.000000
        3.839360        0.000000
        1.692391        0.997863
        0.752030        0.703654
        2.912639        0.437687
        2.614260        0.878509
        0.000000        0.898986
        4.690462        0.501268
        5.000000        0.367150
        4.309197        0.404808
        3.561786        0.404808
        3.979553        0.577697
        2.002128        1.520667
        1.180342        1.571182
        3.495075        0.990200
        3.035529        1.250744
        2.545408        1.378763
        0.000000        1.890045
        4.355560        0.733304
        5.000000        0.683575
        4.694915        0.873743
        3.937373        0.992790
        0.000000        2.892760
        1.624144        2.277937
        2.299344        2.022339
        0.617858        2.200970
        3.426060        1.595818
        3.894099        1.418641
        2.896726        1.796198
        4.308544        1.261752
        5.000000        1.000000
        4.709460        1.168250
        0.780233        3.443646
        0.000000        3.895475
        5.341270        1.000000
        4.497397        1.492642
        2.105284        2.676316
        1.478924        3.039038
        2.666912        2.351080
        3.619929        2.075956
        4.209692        1.774645
        3.169313        2.427273
        5.352376        1.353217
        4.968080        1.353217
        1.021803        4.068329
        0.000000        4.898190
        5.681481        1.000000
        4.636956        1.983910
        4.931996        1.752512
        2.666912        2.818964
        2.299364        3.647112
        1.800739        4.135855
        4.113867        2.285050
        3.661157        2.899840
        3.175245        3.092454
        5.679243        1.352072
        5.364930        1.752512
        1.254837        4.670938
        0.655837        5.258066
        0.000000        5.900905
        6.000000        1.000000
        5.083412        2.202575
        4.613305        2.496472
        6.000000        0.000000
        6.000000        0.518571
        6.000000        0.286786
        6.000000        0.750385
        2.908748        3.718303
        2.462020        4.455937
        2.016403        5.080259
        4.137905        2.937921
        3.838868        3.348362
        3.517521        3.789422
        6.083411        1.300353
        5.676710        1.750275
        6.075441        1.639438
        5.673855        2.199328
        1.154058        5.886444
        0.722969        6.608750
        0.000000        6.903620
        6.309389        0.900663
        5.118634        2.710387
        4.786711        3.049005
        6.533765        0.000000
        6.273545        0.573579
        0.000000        7.906335
        3.379526        4.513565
        2.812420        5.508096
        1.860290        5.785567
        4.425870        3.417124
        4.126295        3.860541
        4.050826        4.397752
        6.598743        1.166595
        6.391790        1.585860
        6.120720        2.023219
        5.670632        2.706162
        5.939200        2.456286
        1.688706        6.560765
        0.911997        7.578114
        6.655557        0.789517
        5.158429        3.284123
        7.160958        0.000000
        6.669091        0.423673
        0.810334        8.523471
        0.000000        8.909050
        0.000000       10.000000
        6.473457        1.998125
        3.747943        5.280968
        2.652986        6.512853
        3.642934        5.954474
        4.735067        3.931660
        4.669005        4.662691
        6.892103        1.088447
        6.735516        1.527645
        6.404427        2.456286
        6.229518        2.945391
        5.895689        3.498455
        2.294861        7.382102
        1.910009        8.316224
        7.043038        0.665107
        5.433448        3.931660
        7.419691        0.423673
        7.812151        0.000000
        1.321015       10.000000
        6.811431        2.022915
        8.463344        0.000000
        4.594414        5.488088
        3.695464        7.014525
        4.510145        6.420576
        5.456433        4.662691
        7.409577        0.958662
        7.253397        1.424973
        7.224580        1.835111
        6.896505        2.577937
        6.797398        3.028106
        6.693849        3.498455
        6.368491        4.123317
        3.182456        7.887219
        2.749100       10.000000
        3.227338        9.060732
        7.941014        0.709827
        7.193981        2.270618
        8.519165        0.585191
        9.114537        0.000000
        5.375977        6.420576
        5.806760        5.628497
        4.415164        7.471612
        6.451807        4.829504
        7.845299        1.307626
        7.663611        1.993783
        7.471305        2.720039
        7.346892        3.375821
        6.867380        4.123317
        4.307781        8.659875
        4.186675       10.000000
        8.540609        1.038945
        9.170535        0.680880
        9.765730        0.000000
       10.416923        0.000000
       11.719309        0.000000
       11.068116        0.000000
        6.546072        5.628497
        9.777390        0.680880
        6.652412        6.529829
        5.640355        7.467341
        5.632788        8.657311
        7.063496        4.829504
        8.363070        1.722302
        8.199323        2.288036
        8.141667        2.885766
        7.966485        3.469849
        7.785329        4.073854
        5.624250       10.000000
        9.231157        1.417986
       10.384244        0.680889
       11.088981        0.680880
       11.695835        0.680889
       12.302690        0.680880
       12.370502        0.000000
        7.285385        5.628497
       10.348866        1.418007
        9.790012        1.417986
        6.772590        7.548451
        7.535695        6.529829
        6.908431        8.699838
        7.871742        4.922219
        8.978283        2.215017
        8.925109        3.079449
        8.867526        4.015540
        7.061825       10.000000
        9.803660        2.214983
       11.111568        1.417986
       11.670422        1.418007
       12.229278        1.417986
       13.007426        0.680880
       12.991979        1.417986
       13.021695        0.000000
        7.966771        5.863490
       10.417412        2.010361
       14.324082        0.000000
       13.672889        0.000000
        7.818578        7.548451
        8.737501        6.129295
        8.664314        7.319059
        8.585104        8.606737
        8.805166        5.029293
        9.818463        3.079400
        9.834493        4.015474
        8.499400       10.000000
       10.490126        2.638729
       11.135991        2.214983
       12.149901        2.214983
       12.975276        2.214983
       13.550832        1.418007
       13.614280        0.680889
       14.319017        0.680889
       15.000000        0.000000
       11.162479        3.079400
        9.618524        6.127960
        9.716487        7.319092
        9.936975       10.000000
        9.913116        8.606755
       10.175543        5.029293
       10.801456        4.015474
       12.063809        3.079400
       12.957160        3.079400
       13.641441        2.215000
       14.313534        1.418007
       15.048763        0.709512
       15.724474        0.000000
       11.580870        4.015540
       11.003753        6.127960
       11.466978        7.319059
       11.374550       10.000000
       11.331856        8.606755
       11.545920        5.029293
       12.937543        4.015474
       13.850512        3.079400
       14.307606        2.215017
       15.101090        1.470886
       15.721738        0.735718
       16.475832        0.000000
       12.235515        4.512453
       14.525995        3.122973
       12.641127        6.127960
       12.693730        7.319092
       12.812125       10.000000
       12.841323        8.606755
       12.916298        5.029206
       14.294213        4.015540
       13.962979        5.029206
       15.157315        2.288972
       15.718823        1.519123
       16.523640        0.736630
       16.355910        1.520774
       17.228170        0.000000
       15.282621        4.112193
       15.217701        3.167591
       14.026356        6.127960
       13.373104        6.711852
       13.656029        7.988868
       14.249700       10.000000
       14.351082        8.648778
       14.820975        5.121456
       16.289881        2.358111
       17.219684        0.821342
       17.210579        1.702606
       18.023374        0.736617
       17.980509        0.000000
       16.219396        3.251955
       15.705069        5.216511
       16.144309        4.204165
       15.701048        6.297622
       14.445520        7.390104
       15.687275       10.000000
       15.594409        8.648778
       17.200798        2.649262
       18.069006        1.520774
       18.718850        0.821357
       18.732848        0.000000
       17.190285        3.666806
       16.814581        5.219416
       17.007086        4.423882
       19.485187        0.000000
       18.169746        3.251955
       16.884734        6.300316
       15.696750        7.453027
       17.124850       10.000000
       17.139856        8.547595
       18.687670        2.650959
       18.703831        1.702639
       19.417214        0.736630
       19.344853        1.520803
       18.225156        4.204165
       17.904778        4.959288
       17.568731        5.751342
       20.220029        0.736630
       20.237526        0.000000
       18.950197        3.720510
       18.347138        6.300377
       17.342605        7.455114
       18.562425       10.000000
       18.683574        8.687102
       19.606586        2.358111
       19.652602        3.251955
       20.201403        1.520803
       19.003559        5.219416
       21.036428        0.832504
       21.000000        0.000000
       19.701623        4.204165
       20.827684        1.723163
       20.087877        6.300316
       18.797257        7.455114
       20.000000       10.000000
       20.143701        8.562990
       20.732120        2.678804
       20.630164        3.698364
       20.113551        5.219416
       21.970753        1.744367
       21.872040        0.843282
       21.779659        0.000000
       21.687109        2.705463
       21.209763        4.793755
       21.531836        7.244500
       20.060448        7.455114
       21.261028        5.965342
       21.437575       10.000000
       21.486231        8.577669
       21.652106        3.728700
       22.457919        2.705610
       22.595454        0.843430
       22.622941        1.743281
       22.569691        0.000000
       22.308317        4.825768
       24.150080        0.000000
       23.359886        0.000000
       24.940275        0.000000
       22.831710        8.577892
       22.790992        7.244874
       22.752849        5.996168
       22.875150       10.000000
       22.683602        3.729163
       23.228728        2.705757
       23.275316        1.744664
       23.319001        0.843447
       23.125940        4.826256
       24.163799        0.843447
       25.008596        0.843447
       25.730470        0.000000
       24.312725       10.000000
       23.583490        7.900634
       24.401969        8.577892
       24.485623        7.244874
       23.931224        5.996168
       23.715215        3.729163
       24.194088        2.705757
       24.178456        1.744664
       24.228577        4.826256
       25.081597        1.744664
       25.732142        0.843430
       26.520664        0.000000
       26.576939        0.843430
       25.750300       10.000000
       25.859856        8.577866
       25.284873        6.610415
       25.962549        7.244826
       25.331214        4.826256
       24.706251        3.729163
       24.964962        2.705814
       25.735835        2.705871
       25.733927        1.743281
       27.310859        0.000000
       26.636978        1.743281
       27.300486        0.843430
       27.187875       10.000000
       27.004050        7.244874
       27.205365        8.577892
       26.058746        5.996100
       25.737865        3.729163
       26.148867        4.826256
       26.564354        2.458457
       26.488110        3.209282
       28.024032        0.843447
       28.101053        0.000000
       27.289419        1.743281
       28.550875        8.577892
       28.625450       10.000000
       28.698682        7.244826
       27.553503        5.996100
       26.839852        5.401739
       27.264996        3.729163
       27.660330        4.826256
       27.277581        2.705871
       28.868829        0.843447
       28.192471        1.743281
       28.891248        0.000000
       30.121135        8.577866
       29.398438        7.900596
       30.063025       10.000000
       28.731873        5.996100
       29.442094        6.610391
       28.242948        2.705871
       28.296610        3.729163
       28.762967        4.826256
       28.844875        1.744664
       29.497353        1.743281
       29.713627        0.843430
       29.681443        0.000000
       31.579019        8.577892
       30.175605        7.244826
       31.500600       10.000000
       30.226629        5.996100
       29.865607        4.826341
       29.287646        3.729163
       29.395705        2.705871
       30.400348        1.744664
       30.558423        0.843430
       30.471637        0.000000
       31.652525        7.244874
       32.812153        8.577866
       31.088621        5.996168
       32.938175       10.000000
       30.968250        4.826341
       29.992712        3.998156
       30.113783        3.209282
       30.750061        2.705871
       31.303456        1.743281
       31.281970        0.843430
       31.261832        0.000000
       33.129451        7.244826
       32.446946        6.610415
       34.494789        8.577892
       31.795387        5.401772
       34.375750       10.000000
       30.855354        3.729163
       31.846391        3.729163
       32.479705        4.826256
       31.902818        2.705871
       32.126769        0.843447
       32.206630        1.744664
       32.052027        0.000000
       33.216142        5.996100
       34.388661        7.244826
       35.454218        9.027200
       35.517158        8.004449
       35.813325       10.000000
       32.878004        3.729163
       33.297358        4.826256
       32.868185        2.705871
       32.850314        0.843430
       32.842221        0.000000
       32.858949        1.743281
       34.710893        5.996168
       33.992720        5.401772
       35.577108        7.030289
       36.772692        9.065949
       36.477007        8.104624
       37.250900       10.000000
       33.909617        3.729163
       33.833553        2.705871
       34.808814        4.826341
       33.762000        1.743281
       33.573860        0.843447
       33.632416        0.000000
       35.921321        6.138180
       35.718890        5.118441
       36.831442        6.962825
       38.277982        8.849588
       37.665894        7.755157
       38.678985       10.000000
       34.900654        3.729163
       34.986309        2.705871
       34.414435        1.744664
       35.526675        4.150160
       34.418658        0.843447
       34.422610        0.000000
       37.164389        5.890249
       36.928752        5.027226
       36.703237        4.201274
       38.342176        6.422203
       38.501167        7.383085
       39.189550        8.884095
       39.189666        7.828431
       40.000000       10.000000
       35.795643        3.238424
       35.066883        1.743281
       35.722478        2.317030
       35.142205        0.843430
       35.212805        0.000000
       38.104255        5.305687
       37.879804        4.252389
       36.854520        2.899414
       37.668094        3.258874
       39.277007        6.627718
       39.195235        5.652727
       40.000000        8.914774
       40.000000        7.917784
       40.000000        6.920793
       35.698625        1.429797
       36.436880        1.939688
       35.752700        0.555640
       36.003000        0.000000
       38.735404        4.764705
       38.563560        3.782165
       37.468298        2.321274
       38.518363        2.713542
       40.000000        5.923803
       40.000000        4.926813
       36.308181        1.127322
       37.129819        1.573682
       36.607320        0.594163
       36.793194        0.000000
       39.339427        4.246974
       39.247315        3.311941
       37.781545        1.211187
       38.304085        1.851541
       39.298349        2.291127
       40.000000        3.929822
       37.278042        0.594163
       37.583389        0.000000
       40.000000        2.932832
       38.328198        0.596634
       39.131424        1.240063
       40.000000        1.935841
       38.373584        0.000000
       39.163778        0.000000
       40.000000        0.942211
       40.000000        0.000000
