     0.00000         0.00000         0.00000         0.00000    
     0.00000        0.312500E-01     0.00000         0.00000    
     0.00000        0.625000E-01     0.00000         0.00000    
     0.00000        0.937500E-01     0.00000         0.00000    
     0.00000        0.125000         0.00000         0.00000    
     0.00000        0.156250         0.00000         0.00000    
     0.00000        0.187500         0.00000         0.00000    
     0.00000        0.218750         0.00000         0.00000    
     0.00000        0.250000         0.00000         0.00000    
     0.00000        0.281250         0.00000         0.00000    
     0.00000        0.312500         0.00000         0.00000    
     0.00000        0.343750         0.00000         0.00000    
     0.00000        0.375000         0.00000         0.00000    
     0.00000        0.406250         0.00000         0.00000    
     0.00000        0.437500         0.00000         0.00000    
     0.00000        0.468750         0.00000         0.00000    
     0.00000        0.500000         0.00000         0.00000    
     0.00000        0.531250         0.00000         0.00000    
     0.00000        0.562500         0.00000         0.00000    
     0.00000        0.593750         0.00000         0.00000    
     0.00000        0.625000         0.00000         0.00000    
     0.00000        0.656250         0.00000         0.00000    
     0.00000        0.687500         0.00000         0.00000    
     0.00000        0.718750         0.00000         0.00000    
     0.00000        0.750000         0.00000         0.00000    
     0.00000        0.781250         0.00000         0.00000    
     0.00000        0.812500         0.00000         0.00000    
     0.00000        0.843750         0.00000         0.00000    
     0.00000        0.875000         0.00000         0.00000    
     0.00000        0.906250         0.00000         0.00000    
     0.00000        0.937500         0.00000         0.00000    
     0.00000        0.968750         0.00000         0.00000    
     0.00000         1.00000         0.00000         0.00000    
    0.312500E-01     0.00000         0.00000         0.00000    
    0.312500E-01    0.312500E-01   -0.582845E-03    0.577987E-03
    0.312500E-01    0.625000E-01   -0.735139E-03    0.162490E-02
    0.312500E-01    0.937500E-01   -0.126901E-02    0.382090E-02
    0.312500E-01    0.125000       -0.113429E-02    0.549371E-02
    0.312500E-01    0.156250       -0.161857E-02    0.892121E-02
    0.312500E-01    0.187500       -0.126538E-02    0.104131E-01
    0.312500E-01    0.218750       -0.166349E-02    0.147027E-01
    0.312500E-01    0.250000       -0.118214E-02    0.154114E-01
    0.312500E-01    0.281250       -0.145667E-02    0.201712E-01
    0.312500E-01    0.312500       -0.944048E-03    0.197310E-01
    0.312500E-01    0.343750       -0.106031E-02    0.245600E-01
    0.312500E-01    0.375000       -0.604977E-03    0.228450E-01
    0.312500E-01    0.406250       -0.545140E-03    0.273457E-01
    0.312500E-01    0.437500       -0.210868E-03    0.244474E-01
    0.312500E-01    0.468750        0.191443E-04    0.282511E-01
    0.312500E-01    0.500000        0.184009E-03    0.244281E-01
    0.312500E-01    0.531250        0.558578E-03    0.272601E-01
    0.312500E-01    0.562500        0.529219E-03    0.228956E-01
    0.312500E-01    0.593750        0.100575E-02    0.246049E-01
    0.312500E-01    0.625000        0.818782E-03    0.200996E-01
    0.312500E-01    0.656250        0.131973E-02    0.206438E-01
    0.312500E-01    0.687500        0.103094E-02    0.163256E-01
    0.312500E-01    0.718750        0.146883E-02    0.158401E-01
    0.312500E-01    0.750000        0.111864E-02    0.119751E-01
    0.312500E-01    0.781250        0.143524E-02    0.107784E-01
    0.312500E-01    0.812500        0.105604E-02    0.758840E-02
    0.312500E-01    0.843750        0.121831E-02    0.609882E-02
    0.312500E-01    0.875000        0.837375E-03    0.376553E-02
    0.312500E-01    0.906250        0.829729E-03    0.243453E-02
    0.312500E-01    0.937500        0.496135E-03    0.107589E-02
    0.312500E-01    0.968750        0.318984E-03    0.318984E-03
    0.312500E-01     1.00000         0.00000         0.00000    
    0.625000E-01     0.00000         0.00000         0.00000    
    0.625000E-01    0.312500E-01   -0.162004E-02    0.742897E-03
    0.625000E-01    0.625000E-01    0.475072E-02   -0.453012E-02
    0.625000E-01    0.937500E-01   -0.378959E-02    0.592669E-02
    0.625000E-01    0.125000        0.703841E-02   -0.121749E-01
    0.625000E-01    0.156250       -0.486354E-02    0.141651E-01
    0.625000E-01    0.187500        0.806758E-02   -0.226646E-01
    0.625000E-01    0.218750       -0.496695E-02    0.234379E-01
    0.625000E-01    0.250000        0.777970E-02   -0.340298E-01
    0.625000E-01    0.281250       -0.430364E-02    0.321222E-01
    0.625000E-01    0.312500        0.635524E-02   -0.445466E-01
    0.625000E-01    0.343750       -0.309776E-02    0.390090E-01
    0.625000E-01    0.375000        0.404356E-02   -0.526526E-01
    0.625000E-01    0.406250       -0.157269E-02    0.433205E-01
    0.625000E-01    0.437500        0.132628E-02   -0.571241E-01
    0.625000E-01    0.468750        0.616624E-04    0.446861E-01
    0.625000E-01    0.500000       -0.168094E-02   -0.574308E-01
    0.625000E-01    0.531250        0.157769E-02    0.431180E-01
    0.625000E-01    0.562500       -0.493810E-02   -0.531731E-01
    0.625000E-01    0.593750        0.282849E-02    0.389871E-01
    0.625000E-01    0.625000       -0.715230E-02   -0.446155E-01
    0.625000E-01    0.656250        0.377203E-02    0.328368E-01
    0.625000E-01    0.687500       -0.767306E-02   -0.338083E-01
    0.625000E-01    0.718750        0.430377E-02    0.253197E-01
    0.625000E-01    0.750000       -0.708426E-02   -0.230313E-01
    0.625000E-01    0.781250        0.430701E-02    0.172985E-01
    0.625000E-01    0.812500       -0.584732E-02   -0.135947E-01
    0.625000E-01    0.843750        0.373684E-02    0.979641E-02
    0.625000E-01    0.875000       -0.417058E-02   -0.621209E-02
    0.625000E-01    0.906250        0.263114E-02    0.386332E-02
    0.625000E-01    0.937500       -0.160423E-02   -0.160270E-02
    0.625000E-01    0.968750        0.105045E-02    0.456552E-03
    0.625000E-01     1.00000         0.00000         0.00000    
    0.937500E-01     0.00000         0.00000         0.00000    
    0.937500E-01    0.312500E-01   -0.380035E-02    0.126525E-02
    0.937500E-01    0.625000E-01   -0.585638E-02    0.378465E-02
    0.937500E-01    0.937500E-01   -0.901027E-02    0.899515E-02
    0.937500E-01    0.125000       -0.916046E-02    0.130344E-01
    0.937500E-01    0.156250       -0.115881E-01    0.212860E-01
    0.937500E-01    0.187500       -0.102643E-01    0.248834E-01
    0.937500E-01    0.218750       -0.119082E-01    0.352525E-01
    0.937500E-01    0.250000       -0.961715E-02    0.369954E-01
    0.937500E-01    0.281250       -0.104013E-01    0.484805E-01
    0.937500E-01    0.312500       -0.766721E-02    0.475242E-01
    0.937500E-01    0.343750       -0.755430E-02    0.591035E-01
    0.937500E-01    0.375000       -0.487092E-02    0.551516E-01
    0.937500E-01    0.406250       -0.388633E-02    0.658580E-01
    0.937500E-01    0.437500       -0.164878E-02    0.591051E-01
    0.937500E-01    0.468750        0.929728E-04    0.681015E-01
    0.937500E-01    0.500000        0.158969E-02    0.591137E-01
    0.937500E-01    0.531250        0.387028E-02    0.657765E-01
    0.937500E-01    0.562500        0.444728E-02    0.553800E-01
    0.937500E-01    0.593750        0.701287E-02    0.593732E-01
    0.937500E-01    0.625000        0.675835E-02    0.484963E-01
    0.937500E-01    0.656250        0.926511E-02    0.497818E-01
    0.937500E-01    0.687500        0.837810E-02    0.392493E-01
    0.937500E-01    0.718750        0.104061E-01    0.381590E-01
    0.937500E-01    0.750000        0.901510E-02    0.286563E-01
    0.937500E-01    0.781250        0.102634E-01    0.259096E-01
    0.937500E-01    0.812500        0.846837E-02    0.180252E-01
    0.937500E-01    0.843750        0.879206E-02    0.145841E-01
    0.937500E-01    0.875000        0.670473E-02    0.880969E-02
    0.937500E-01    0.906250        0.607047E-02    0.572784E-02
    0.937500E-01    0.937500        0.388790E-02    0.240304E-02
    0.937500E-01    0.968750        0.230352E-02    0.727019E-03
    0.937500E-01     1.00000         0.00000         0.00000    
    0.125000         0.00000         0.00000         0.00000    
    0.125000        0.312500E-01   -0.551623E-02    0.115939E-02
    0.125000        0.625000E-01    0.123242E-01   -0.696124E-02
    0.125000        0.937500E-01   -0.131834E-01    0.931569E-02
    0.125000        0.125000        0.193224E-01   -0.195038E-01
    0.125000        0.156250       -0.168965E-01    0.223249E-01
    0.125000        0.187500        0.227599E-01   -0.364466E-01
    0.125000        0.218750       -0.172162E-01    0.370006E-01
    0.125000        0.250000        0.224045E-01   -0.543378E-01
    0.125000        0.281250       -0.148697E-01    0.507822E-01
    0.125000        0.312500        0.188778E-01   -0.704965E-01
    0.125000        0.343750       -0.106413E-01    0.617283E-01
    0.125000        0.375000        0.127773E-01   -0.829996E-01
    0.125000        0.406250       -0.533869E-02    0.685576E-01
    0.125000        0.437500        0.492895E-02   -0.903491E-01
    0.125000        0.468750        0.286408E-03    0.706830E-01
    0.125000        0.500000       -0.381499E-02   -0.913648E-01
    0.125000        0.531250        0.552436E-02    0.681445E-01
    0.125000        0.562500       -0.130698E-01   -0.855427E-01
    0.125000        0.593750        0.983226E-02    0.614995E-01
    0.125000        0.625000       -0.200933E-01   -0.732479E-01
    0.125000        0.656250        0.130080E-01    0.516668E-01
    0.125000        0.687500       -0.223428E-01   -0.567458E-01
    0.125000        0.718750        0.147826E-01    0.397528E-01
    0.125000        0.750000       -0.208955E-01   -0.394874E-01
    0.125000        0.781250        0.147800E-01    0.270992E-01
    0.125000        0.812500       -0.174240E-01   -0.239829E-01
    0.125000        0.843750        0.128146E-01    0.152859E-01
    0.125000        0.875000       -0.126497E-01   -0.116513E-01
    0.125000        0.906250        0.896135E-02    0.596270E-02
    0.125000        0.937500       -0.599782E-02   -0.368658E-02
    0.125000        0.968750        0.343309E-02    0.689422E-03
    0.125000         1.00000         0.00000         0.00000    
    0.156250         0.00000         0.00000         0.00000    
    0.156250        0.312500E-01   -0.880349E-02    0.159716E-02
    0.156250        0.625000E-01   -0.139689E-01    0.480312E-02
    0.156250        0.937500E-01   -0.212343E-01    0.114164E-01
    0.156250        0.125000       -0.219335E-01    0.165770E-01
    0.156250        0.156250       -0.273924E-01    0.271197E-01
    0.156250        0.187500       -0.246652E-01    0.317786E-01
    0.156250        0.218750       -0.281851E-01    0.450316E-01
    0.156250        0.250000       -0.232075E-01    0.474346E-01
    0.156250        0.281250       -0.246371E-01    0.620502E-01
    0.156250        0.312500       -0.185762E-01    0.611636E-01
    0.156250        0.343750       -0.178964E-01    0.757619E-01
    0.156250        0.375000       -0.118269E-01    0.712226E-01
    0.156250        0.406250       -0.920767E-02    0.845116E-01
    0.156250        0.437500       -0.401974E-02    0.765149E-01
    0.156250        0.468750        0.186879E-03    0.874513E-01
    0.156250        0.500000        0.384339E-02    0.766346E-01
    0.156250        0.531250        0.910902E-02    0.845125E-01
    0.156250        0.562500        0.108442E-01    0.718089E-01
    0.156250        0.593750        0.165548E-01    0.763024E-01
    0.156250        0.625000        0.164400E-01    0.627862E-01
    0.156250        0.656250        0.218817E-01    0.639683E-01
    0.156250        0.687500        0.202590E-01    0.506891E-01
    0.156250        0.718750        0.245917E-01    0.490302E-01
    0.156250        0.750000        0.217107E-01    0.369189E-01
    0.156250        0.781250        0.242841E-01    0.332928E-01
    0.156250        0.812500        0.203394E-01    0.231658E-01
    0.156250        0.843750        0.208272E-01    0.187396E-01
    0.156250        0.875000        0.160664E-01    0.112834E-01
    0.156250        0.906250        0.143821E-01    0.735834E-02
    0.156250        0.937500        0.920863E-02    0.304849E-02
    0.156250        0.968750        0.537611E-02    0.946314E-03
    0.156250         1.00000         0.00000         0.00000    
    0.187500         0.00000         0.00000         0.00000    
    0.187500        0.312500E-01   -0.104974E-01    0.130358E-02
    0.187500        0.625000E-01    0.230626E-01   -0.840231E-02
    0.187500        0.937500E-01   -0.252553E-01    0.104478E-01
    0.187500        0.125000        0.365428E-01   -0.239068E-01
    0.187500        0.156250       -0.323923E-01    0.250641E-01
    0.187500        0.187500        0.426906E-01   -0.440773E-01
    0.187500        0.218750       -0.330349E-01    0.416036E-01
    0.187500        0.250000        0.414516E-01   -0.647499E-01
    0.187500        0.281250       -0.285780E-01    0.571909E-01
    0.187500        0.312500        0.343307E-01   -0.827343E-01
    0.187500        0.343750       -0.204937E-01    0.696469E-01
    0.187500        0.375000        0.230238E-01   -0.956855E-01
    0.187500        0.406250       -0.103023E-01    0.775230E-01
    0.187500        0.437500        0.886901E-02   -0.102399    
    0.187500        0.468750        0.514695E-03    0.801014E-01
    0.187500        0.500000       -0.693006E-02   -0.102191    
    0.187500        0.531250        0.106174E-01    0.773688E-01
    0.187500        0.562500       -0.230883E-01   -0.949380E-01
    0.187500        0.593750        0.189707E-01    0.698898E-01
    0.187500        0.625000       -0.357958E-01   -0.815563E-01
    0.187500        0.656250        0.250543E-01    0.586886E-01
    0.187500        0.687500       -0.408071E-01   -0.639369E-01
    0.187500        0.718750        0.283886E-01    0.451098E-01
    0.187500        0.750000       -0.388602E-01   -0.450048E-01
    0.187500        0.781250        0.283436E-01    0.307286E-01
    0.187500        0.812500       -0.327565E-01   -0.275500E-01
    0.187500        0.843750        0.245627E-01    0.173258E-01
    0.187500        0.875000       -0.239566E-01   -0.134800E-01
    0.187500        0.906250        0.171477E-01    0.675570E-02
    0.187500        0.937500       -0.120405E-01   -0.434450E-02
    0.187500        0.968750        0.649171E-02    0.784560E-03
    0.187500         1.00000         0.00000         0.00000    
    0.218750         0.00000         0.00000         0.00000    
    0.218750        0.312500E-01   -0.144066E-01    0.161883E-02
    0.218750        0.625000E-01   -0.230805E-01    0.489172E-02
    0.218750        0.937500E-01   -0.349820E-01    0.115871E-01
    0.218750        0.125000       -0.363411E-01    0.169037E-01
    0.218750        0.156250       -0.452231E-01    0.275837E-01
    0.218750        0.187500       -0.410101E-01    0.325068E-01
    0.218750        0.218750       -0.465854E-01    0.458863E-01
    0.218750        0.250000       -0.387185E-01    0.486428E-01
    0.218750        0.281250       -0.407607E-01    0.633065E-01
    0.218750        0.312500       -0.311125E-01    0.628319E-01
    0.218750        0.343750       -0.296531E-01    0.773696E-01
    0.218750        0.375000       -0.199160E-01    0.732795E-01
    0.218750        0.406250       -0.153085E-01    0.863916E-01
    0.218750        0.437500       -0.687502E-02    0.788534E-01
    0.218750        0.468750        0.210939E-03    0.894915E-01
    0.218750        0.500000        0.632004E-02    0.790920E-01
    0.218750        0.531250        0.149694E-01    0.865686E-01
    0.218750        0.562500        0.181593E-01    0.741648E-01
    0.218750        0.593750        0.273338E-01    0.782064E-01
    0.218750        0.625000        0.275949E-01    0.647916E-01
    0.218750        0.656250        0.361726E-01    0.655627E-01
    0.218750        0.687500        0.338973E-01    0.521931E-01
    0.218750        0.718750        0.406582E-01    0.502339E-01
    0.218750        0.750000        0.362054E-01    0.379245E-01
    0.218750        0.781250        0.401634E-01    0.340986E-01
    0.218750        0.812500        0.338425E-01    0.237516E-01
    0.218750        0.843750        0.344610E-01    0.191897E-01
    0.218750        0.875000        0.266899E-01    0.115498E-01
    0.218750        0.906250        0.237987E-01    0.753683E-02
    0.218750        0.937500        0.152257E-01    0.311260E-02
    0.218750        0.968750        0.885654E-02    0.975131E-03
    0.218750         1.00000         0.00000         0.00000    
    0.250000         0.00000         0.00000         0.00000    
    0.250000        0.312500E-01   -0.156091E-01    0.123526E-02
    0.250000        0.625000E-01    0.348890E-01   -0.806195E-02
    0.250000        0.937500E-01   -0.375913E-01    0.983759E-02
    0.250000        0.125000        0.554191E-01   -0.233380E-01
    0.250000        0.156250       -0.482362E-01    0.235630E-01
    0.250000        0.187500        0.637718E-01   -0.428900E-01
    0.250000        0.218750       -0.492494E-01    0.391234E-01
    0.250000        0.250000        0.610981E-01   -0.626396E-01
    0.250000        0.281250       -0.426722E-01    0.538200E-01
    0.250000        0.312500        0.498473E-01   -0.797346E-01
    0.250000        0.343750       -0.306960E-01    0.655931E-01
    0.250000        0.375000        0.324811E-01   -0.918552E-01
    0.250000        0.406250       -0.155710E-01    0.731100E-01
    0.250000        0.437500        0.113388E-01   -0.973883E-01
    0.250000        0.468750        0.538325E-03    0.757181E-01
    0.250000        0.500000       -0.115253E-01   -0.957793E-01
    0.250000        0.531250        0.156857E-01    0.733412E-01
    0.250000        0.562500       -0.338085E-01   -0.877722E-01
    0.250000        0.593750        0.283375E-01    0.663988E-01
    0.250000        0.625000       -0.511263E-01   -0.750862E-01
    0.250000        0.656250        0.375375E-01    0.557944E-01
    0.250000        0.687500       -0.587493E-01   -0.593887E-01
    0.250000        0.718750        0.424983E-01    0.428539E-01
    0.250000        0.750000       -0.568060E-01   -0.424419E-01
    0.250000        0.781250        0.423808E-01    0.291550E-01
    0.250000        0.812500       -0.484401E-01   -0.263750E-01
    0.250000        0.843750        0.367023E-01    0.164160E-01
    0.250000        0.875000       -0.356871E-01   -0.131230E-01
    0.250000        0.906250        0.255962E-01    0.638964E-02
    0.250000        0.937500       -0.184404E-01   -0.434932E-02
    0.250000        0.968750        0.963779E-02    0.742025E-03
    0.250000         1.00000         0.00000         0.00000    
    0.281250         0.00000         0.00000         0.00000    
    0.281250        0.312500E-01   -0.196746E-01    0.139428E-02
    0.281250        0.625000E-01   -0.316775E-01    0.427538E-02
    0.281250        0.937500E-01   -0.478926E-01    0.100367E-01
    0.281250        0.125000       -0.499591E-01    0.147831E-01
    0.281250        0.156250       -0.620109E-01    0.239243E-01
    0.281250        0.187500       -0.565287E-01    0.284681E-01
    0.281250        0.218750       -0.639385E-01    0.398556E-01
    0.281250        0.250000       -0.534792E-01    0.426509E-01
    0.281250        0.281250       -0.559734E-01    0.550428E-01
    0.281250        0.312500       -0.430392E-01    0.551313E-01
    0.281250        0.343750       -0.407596E-01    0.673078E-01
    0.281250        0.375000       -0.276234E-01    0.642980E-01
    0.281250        0.406250       -0.211205E-01    0.751893E-01
    0.281250        0.437500       -0.964264E-02    0.691739E-01
    0.281250        0.468750        0.140510E-03    0.779416E-01
    0.281250        0.500000        0.861882E-02    0.693837E-01
    0.281250        0.531250        0.204123E-01    0.754603E-01
    0.281250        0.562500        0.251183E-01    0.650476E-01
    0.281250        0.593750        0.374760E-01    0.682129E-01
    0.281250        0.625000        0.382823E-01    0.567615E-01
    0.281250        0.656250        0.496863E-01    0.571873E-01
    0.281250        0.687500        0.469423E-01    0.456205E-01
    0.281250        0.718750        0.558593E-01    0.437939E-01
    0.281250        0.750000        0.499956E-01    0.330625E-01
    0.281250        0.781250        0.551751E-01    0.297053E-01
    0.281250        0.812500        0.466325E-01    0.206623E-01
    0.281250        0.843750        0.473388E-01    0.167072E-01
    0.281250        0.875000        0.367250E-01    0.100293E-01
    0.281250        0.906250        0.326868E-01    0.656078E-02
    0.281250        0.937500        0.208938E-01    0.269517E-02
    0.281250        0.968750        0.121359E-01    0.853624E-03
    0.281250         1.00000         0.00000         0.00000    
    0.312500         0.00000         0.00000         0.00000    
    0.312500        0.312500E-01   -0.201002E-01    0.995348E-03
    0.312500        0.625000E-01    0.454257E-01   -0.628413E-02
    0.312500        0.937500E-01   -0.483217E-01    0.789366E-02
    0.312500        0.125000        0.724548E-01   -0.185942E-01
    0.312500        0.156250       -0.619977E-01    0.188511E-01
    0.312500        0.187500        0.823026E-01   -0.344242E-01
    0.312500        0.218750       -0.633682E-01    0.312842E-01
    0.312500        0.250000        0.779724E-01   -0.502125E-01
    0.312500        0.281250       -0.549872E-01    0.430762E-01
    0.312500        0.312500        0.631146E-01   -0.635114E-01
    0.312500        0.343750       -0.396595E-01    0.525906E-01
    0.312500        0.375000        0.404188E-01   -0.726900E-01
    0.312500        0.406250       -0.202961E-01    0.587463E-01
    0.312500        0.437500        0.127393E-01   -0.765601E-01
    0.312500        0.468750        0.372663E-03    0.610020E-01
    0.312500        0.500000       -0.164764E-01   -0.746290E-01
    0.312500        0.531250        0.199475E-01    0.592486E-01
    0.312500        0.562500       -0.435594E-01   -0.678319E-01
    0.312500        0.593750        0.364739E-01    0.537515E-01
    0.312500        0.625000       -0.639216E-01   -0.579899E-01
    0.312500        0.656250        0.485326E-01    0.451966E-01
    0.312500        0.687500       -0.733538E-01   -0.463885E-01
    0.312500        0.718750        0.549702E-01    0.346828E-01
    0.312500        0.750000       -0.717343E-01   -0.337990E-01
    0.312500        0.781250        0.547684E-01    0.235523E-01
    0.312500        0.812500       -0.618963E-01   -0.214411E-01
    0.312500        0.843750        0.473864E-01    0.132316E-01
    0.312500        0.875000       -0.459896E-01   -0.109110E-01
    0.312500        0.906250        0.330086E-01    0.513504E-02
    0.312500        0.937500       -0.242515E-01   -0.374463E-02
    0.312500        0.968750        0.123821E-01    0.595810E-03
    0.312500         1.00000         0.00000         0.00000    
    0.343750         0.00000         0.00000         0.00000    
    0.343750        0.312500E-01   -0.239009E-01    0.995067E-03
    0.343750        0.625000E-01   -0.386240E-01    0.314965E-02
    0.343750        0.937500E-01   -0.582154E-01    0.726884E-02
    0.343750        0.125000       -0.609611E-01    0.108816E-01
    0.343750        0.156250       -0.754572E-01    0.173474E-01
    0.343750        0.187500       -0.690883E-01    0.209462E-01
    0.343750        0.218750       -0.778623E-01    0.289247E-01
    0.343750        0.250000       -0.654416E-01    0.313690E-01
    0.343750        0.281250       -0.681988E-01    0.399864E-01
    0.343750        0.312500       -0.526982E-01    0.405457E-01
    0.343750        0.343750       -0.497022E-01    0.489394E-01
    0.343750        0.375000       -0.338362E-01    0.472662E-01
    0.343750        0.406250       -0.258324E-01    0.547081E-01
    0.343750        0.437500       -0.118448E-01    0.507898E-01
    0.343750        0.468750        0.212104E-04    0.567446E-01
    0.343750        0.500000        0.105179E-01    0.508556E-01
    0.343750        0.531250        0.247313E-01    0.549618E-01
    0.343750        0.562500        0.308011E-01    0.475749E-01
    0.343750        0.593750        0.456089E-01    0.496914E-01
    0.343750        0.625000        0.469960E-01    0.414026E-01
    0.343750        0.656250        0.605685E-01    0.416460E-01
    0.343750        0.687500        0.575385E-01    0.331651E-01
    0.343750        0.718750        0.681068E-01    0.318624E-01
    0.343750        0.750000        0.611275E-01    0.239542E-01
    0.343750        0.781250        0.672504E-01    0.215862E-01
    0.343750        0.812500        0.569007E-01    0.149304E-01
    0.343750        0.843750        0.576785E-01    0.121292E-01
    0.343750        0.875000        0.447569E-01    0.723174E-02
    0.343750        0.906250        0.398131E-01    0.476150E-02
    0.343750        0.937500        0.254166E-01    0.193587E-02
    0.343750        0.968750        0.147563E-01    0.624371E-03
    0.343750         1.00000         0.00000         0.00000    
    0.375000         0.00000         0.00000         0.00000    
    0.375000        0.312500E-01   -0.234036E-01    0.636815E-03
    0.375000        0.625000E-01    0.528428E-01   -0.349581E-02
    0.375000        0.937500E-01   -0.561086E-01    0.505269E-02
    0.375000        0.125000        0.848216E-01   -0.109455E-01
    0.375000        0.156250       -0.719476E-01    0.120096E-01
    0.375000        0.187500        0.956746E-01   -0.207540E-01
    0.375000        0.218750       -0.735998E-01    0.198947E-01
    0.375000        0.250000        0.897898E-01   -0.305706E-01
    0.375000        0.281250       -0.639866E-01    0.274244E-01
    0.375000        0.312500        0.719825E-01   -0.383592E-01
    0.375000        0.343750       -0.463062E-01    0.336044E-01
    0.375000        0.375000        0.454543E-01   -0.431732E-01
    0.375000        0.406250       -0.239045E-01    0.377147E-01
    0.375000        0.437500        0.132979E-01   -0.447891E-01
    0.375000        0.468750        0.914889E-04    0.393342E-01
    0.375000        0.500000       -0.201730E-01   -0.432979E-01
    0.375000        0.531250        0.229572E-01    0.383255E-01
    0.375000        0.562500       -0.502448E-01   -0.394238E-01
    0.375000        0.593750        0.424148E-01    0.348223E-01
    0.375000        0.625000       -0.722662E-01   -0.342280E-01
    0.375000        0.656250        0.566579E-01    0.292656E-01
    0.375000        0.687500       -0.828099E-01   -0.281925E-01
    0.375000        0.718750        0.642094E-01    0.224052E-01
    0.375000        0.750000       -0.817858E-01   -0.212824E-01
    0.375000        0.781250        0.639176E-01    0.151627E-01
    0.375000        0.812500       -0.714115E-01   -0.139632E-01
    0.375000        0.843750        0.552425E-01    0.848460E-02
    0.375000        0.875000       -0.535275E-01   -0.735783E-02
    0.375000        0.906250        0.384309E-01    0.327505E-02
    0.375000        0.937500       -0.286969E-01   -0.266238E-02
    0.375000        0.968750        0.143702E-01    0.378849E-03
    0.375000         1.00000         0.00000         0.00000    
    0.406250         0.00000         0.00000         0.00000    
    0.406250        0.312500E-01   -0.266130E-01    0.497441E-03
    0.406250        0.625000E-01   -0.431439E-01    0.170693E-02
    0.406250        0.937500E-01   -0.648022E-01    0.377790E-02
    0.406250        0.125000       -0.681067E-01    0.585927E-02
    0.406250        0.156250       -0.840367E-01    0.903382E-02
    0.406250        0.187500       -0.772246E-01    0.112491E-01
    0.406250        0.218750       -0.867547E-01    0.150646E-01
    0.406250        0.250000       -0.731767E-01    0.167823E-01
    0.406250        0.281250       -0.760397E-01    0.208415E-01
    0.406250        0.312500       -0.589417E-01    0.216294E-01
    0.406250        0.343750       -0.554716E-01    0.255433E-01
    0.406250        0.375000       -0.378221E-01    0.251534E-01
    0.406250        0.406250       -0.288993E-01    0.285897E-01
    0.406250        0.437500       -0.131900E-01    0.269356E-01
    0.406250        0.468750       -0.885737E-04    0.296758E-01
    0.406250        0.500000        0.118552E-01    0.268373E-01
    0.406250        0.531250        0.274909E-01    0.287474E-01
    0.406250        0.562500        0.345828E-01    0.249506E-01
    0.406250        0.593750        0.508394E-01    0.259767E-01
    0.406250        0.625000        0.527081E-01    0.215571E-01
    0.406250        0.656250        0.675797E-01    0.217386E-01
    0.406250        0.687500        0.644072E-01    0.171335E-01
    0.406250        0.718750        0.759855E-01    0.165933E-01
    0.406250        0.750000        0.682631E-01    0.122877E-01
    0.406250        0.781250        0.749899E-01    0.112147E-01
    0.406250        0.812500        0.634262E-01    0.761929E-02
    0.406250        0.843750        0.642837E-01    0.629125E-02
    0.406250        0.875000        0.498405E-01    0.367496E-02
    0.406250        0.906250        0.443552E-01    0.246863E-02
    0.406250        0.937500        0.282663E-01    0.974507E-03
    0.406250        0.968750        0.164157E-01    0.329517E-03
    0.406250         1.00000         0.00000         0.00000    
    0.437500         0.00000         0.00000         0.00000    
    0.437500        0.312500E-01   -0.251645E-01    0.217116E-03
    0.437500        0.625000E-01    0.560413E-01   -0.267447E-03
    0.437500        0.937500E-01   -0.601546E-01    0.174778E-02
    0.437500        0.125000        0.906236E-01   -0.195735E-02
    0.437500        0.156250       -0.770736E-01    0.408989E-02
    0.437500        0.187500        0.102161       -0.443033E-02
    0.437500        0.218750       -0.788814E-01    0.672839E-02
    0.437500        0.250000        0.954035E-01   -0.717115E-02
    0.437500        0.281250       -0.687192E-01    0.929333E-02
    0.437500        0.312500        0.756526E-01   -0.901197E-02
    0.437500        0.343750       -0.499249E-01    0.115159E-01
    0.437500        0.375000        0.470950E-01   -0.951846E-02
    0.437500        0.406250       -0.259882E-01    0.131221E-01
    0.437500        0.437500        0.131135E-01   -0.919066E-02
    0.437500        0.468750       -0.219980E-03    0.138760E-01
    0.437500        0.500000       -0.218100E-01   -0.859661E-02
    0.437500        0.531250        0.244635E-01    0.136451E-01
    0.437500        0.562500       -0.527034E-01   -0.817528E-02
    0.437500        0.593750        0.455733E-01    0.124311E-01
    0.437500        0.625000       -0.751135E-01   -0.808758E-02
    0.437500        0.656250        0.610440E-01    0.104023E-01
    0.437500        0.687500       -0.862911E-01   -0.791234E-02
    0.437500        0.718750        0.691899E-01    0.788735E-02
    0.437500        0.750000       -0.861291E-01   -0.696147E-02
    0.437500        0.781250        0.688081E-01    0.527177E-02
    0.437500        0.812500       -0.760780E-01   -0.514269E-02
    0.437500        0.843750        0.594024E-01    0.290682E-02
    0.437500        0.875000       -0.574889E-01   -0.303224E-02
    0.437500        0.906250        0.412687E-01    0.109770E-02
    0.437500        0.937500       -0.312547E-01   -0.128159E-02
    0.437500        0.968750        0.153859E-01    0.124727E-03
    0.437500         1.00000         0.00000         0.00000    
    0.468750         0.00000         0.00000         0.00000    
    0.468750        0.312500E-01   -0.275651E-01   -0.307818E-04
    0.468750        0.625000E-01   -0.448095E-01    0.123745E-03
    0.468750        0.937500E-01   -0.670649E-01    0.153128E-04
    0.468750        0.125000       -0.707174E-01    0.343310E-03
    0.468750        0.156250       -0.869722E-01    0.646859E-04
    0.468750        0.187500       -0.801565E-01    0.615391E-03
    0.468750        0.218750       -0.897903E-01    0.100325E-03
    0.468750        0.250000       -0.759082E-01    0.801438E-03
    0.468750        0.281250       -0.787462E-01    0.138120E-03
    0.468750        0.312500       -0.611169E-01    0.886172E-03
    0.468750        0.343750       -0.574986E-01    0.193539E-03
    0.468750        0.375000       -0.391616E-01    0.885663E-03
    0.468750        0.406250       -0.300001E-01    0.248810E-03
    0.468750        0.437500       -0.135432E-01    0.779456E-03
    0.468750        0.468750       -0.149688E-03    0.284872E-03
    0.468750        0.500000        0.124857E-01    0.570250E-03
    0.468750        0.531250        0.284518E-01    0.286286E-03
    0.468750        0.562500        0.360759E-01    0.294360E-03
    0.468750        0.593750        0.526855E-01    0.240902E-03
    0.468750        0.625000        0.548374E-01    0.827378E-05
    0.468750        0.656250        0.700528E-01    0.155175E-03
    0.468750        0.687500        0.668522E-01   -0.207035E-03
    0.468750        0.718750        0.787361E-01    0.651843E-04
    0.468750        0.750000        0.706975E-01   -0.285153E-03
    0.468750        0.781250        0.776565E-01    0.854049E-05
    0.468750        0.812500        0.655870E-01   -0.238604E-03
    0.468750        0.843750        0.665363E-01   -0.791484E-05
    0.468750        0.875000        0.515023E-01   -0.141541E-03
    0.468750        0.906250        0.458932E-01   -0.380846E-05
    0.468750        0.937500        0.291806E-01   -0.549215E-04
    0.468750        0.968750        0.169632E-01    0.972177E-05
    0.468750         1.00000         0.00000         0.00000    
    0.500000         0.00000         0.00000         0.00000    
    0.500000        0.312500E-01   -0.252370E-01   -0.209478E-03
    0.500000        0.625000E-01    0.547910E-01    0.277316E-02
    0.500000        0.937500E-01   -0.601621E-01   -0.162122E-02
    0.500000        0.125000        0.893276E-01    0.666153E-02
    0.500000        0.156250       -0.770219E-01   -0.395598E-02
    0.500000        0.187500        0.101067        0.115045E-01
    0.500000        0.218750       -0.788401E-01   -0.661672E-02
    0.500000        0.250000        0.945599E-01    0.159045E-01
    0.500000        0.281250       -0.687951E-01   -0.910013E-02
    0.500000        0.312500        0.744948E-01    0.195899E-01
    0.500000        0.343750       -0.501575E-01   -0.109861E-01
    0.500000        0.375000        0.458765E-01    0.225580E-01
    0.500000        0.406250       -0.262946E-01   -0.120539E-01
    0.500000        0.437500        0.125161E-01    0.241745E-01
    0.500000        0.468750       -0.470740E-03   -0.122843E-01
    0.500000        0.500000       -0.213172E-01    0.237770E-01
    0.500000        0.531250        0.243772E-01   -0.117672E-01
    0.500000        0.562500       -0.510064E-01    0.211975E-01
    0.500000        0.593750        0.456907E-01   -0.106310E-01
    0.500000        0.625000       -0.726477E-01    0.169034E-01
    0.500000        0.656250        0.612977E-01   -0.900149E-02
    0.500000        0.687500       -0.840155E-01    0.119465E-01
    0.500000        0.718750        0.694571E-01   -0.701094E-02
    0.500000        0.750000       -0.847838E-01    0.742962E-02
    0.500000        0.781250        0.690073E-01   -0.485081E-02
    0.500000        0.812500       -0.756466E-01    0.392052E-02
    0.500000        0.843750        0.595123E-01   -0.278661E-02
    0.500000        0.875000       -0.575495E-01    0.150182E-02
    0.500000        0.906250        0.412891E-01   -0.111760E-02
    0.500000        0.937500       -0.316770E-01    0.210347E-03
    0.500000        0.968750        0.153511E-01   -0.133499E-03
    0.500000         1.00000         0.00000         0.00000    
    0.531250         0.00000         0.00000         0.00000    
    0.531250        0.312500E-01   -0.267191E-01   -0.531711E-03
    0.531250        0.625000E-01   -0.435242E-01   -0.143055E-02
    0.531250        0.937500E-01   -0.649236E-01   -0.361024E-02
    0.531250        0.125000       -0.686418E-01   -0.505904E-02
    0.531250        0.156250       -0.841684E-01   -0.858222E-02
    0.531250        0.187500       -0.777395E-01   -0.978069E-02
    0.531250        0.218750       -0.868705E-01   -0.143145E-01
    0.531250        0.250000       -0.735096E-01   -0.147656E-01
    0.531250        0.281250       -0.761955E-01   -0.197965E-01
    0.531250        0.312500       -0.590993E-01   -0.192618E-01
    0.531250        0.343750       -0.556639E-01   -0.242273E-01
    0.531250        0.375000       -0.377805E-01   -0.226486E-01
    0.531250        0.406250       -0.290622E-01   -0.270656E-01
    0.531250        0.437500       -0.129217E-01   -0.245382E-01
    0.531250        0.468750       -0.156698E-03   -0.280404E-01
    0.531250        0.500000        0.123109E-01   -0.247800E-01
    0.531250        0.531250        0.275586E-01   -0.271293E-01
    0.531250        0.562500        0.351403E-01   -0.234120E-01
    0.531250        0.593750        0.510465E-01   -0.245243E-01
    0.531250        0.625000        0.532376E-01   -0.206274E-01
    0.531250        0.656250        0.678606E-01   -0.205840E-01
    0.531250        0.687500        0.647480E-01   -0.167522E-01
    0.531250        0.718750        0.762351E-01   -0.157921E-01
    0.531250        0.750000        0.683450E-01   -0.122488E-01
    0.531250        0.781250        0.751510E-01   -0.107298E-01
    0.531250        0.812500        0.633334E-01   -0.770498E-02
    0.531250        0.843750        0.643647E-01   -0.604015E-02
    0.531250        0.875000        0.497114E-01   -0.376632E-02
    0.531250        0.906250        0.443824E-01   -0.237068E-02
    0.531250        0.937500        0.281449E-01   -0.103142E-02
    0.531250        0.968750        0.163880E-01   -0.297783E-03
    0.531250         1.00000         0.00000         0.00000    
    0.562500         0.00000         0.00000         0.00000    
    0.562500        0.312500E-01   -0.236710E-01   -0.595691E-03
    0.562500        0.625000E-01    0.496422E-01    0.513254E-02
    0.562500        0.937500E-01   -0.562868E-01   -0.469201E-02
    0.562500        0.125000        0.817426E-01    0.135524E-01
    0.562500        0.156250       -0.720164E-01   -0.112746E-01
    0.562500        0.187500        0.929571E-01    0.244336E-01
    0.562500        0.218750       -0.737182E-01   -0.187322E-01
    0.562500        0.250000        0.875807E-01    0.350134E-01
    0.562500        0.281250       -0.643829E-01   -0.257770E-01
    0.562500        0.312500        0.691635E-01    0.436073E-01
    0.562500        0.343750       -0.470529E-01   -0.314094E-01
    0.562500        0.375000        0.425429E-01    0.494592E-01
    0.562500        0.406250       -0.247882E-01   -0.349627E-01
    0.562500        0.437500        0.118216E-01    0.520261E-01
    0.562500        0.468750       -0.590595E-03   -0.361433E-01
    0.562500        0.500000       -0.190044E-01    0.508700E-01
    0.562500        0.531250        0.227722E-01   -0.349661E-01
    0.562500        0.562500       -0.459688E-01    0.461035E-01
    0.562500        0.593750        0.428395E-01   -0.316717E-01
    0.562500        0.625000       -0.658748E-01    0.385497E-01
    0.562500        0.656250        0.575085E-01   -0.266764E-01
    0.562500        0.687500       -0.768517E-01    0.295286E-01
    0.562500        0.718750        0.651337E-01   -0.205573E-01
    0.562500        0.750000       -0.782945E-01    0.203873E-01
    0.562500        0.781250        0.646598E-01   -0.140392E-01
    0.562500        0.812500       -0.703927E-01    0.121794E-01
    0.562500        0.843750        0.557106E-01   -0.794444E-02
    0.562500        0.875000       -0.538522E-01    0.568624E-02
    0.562500        0.906250        0.385997E-01   -0.311788E-02
    0.562500        0.937500       -0.299925E-01    0.162308E-02
    0.562500        0.968750        0.143155E-01   -0.365877E-03
    0.562500         1.00000         0.00000         0.00000    
    0.593750         0.00000         0.00000         0.00000    
    0.593750        0.312500E-01   -0.242246E-01   -0.956583E-03
    0.593750        0.625000E-01   -0.395079E-01   -0.279231E-02
    0.593750        0.937500E-01   -0.587627E-01   -0.673092E-02
    0.593750        0.125000       -0.622349E-01   -0.976584E-02
    0.593750        0.156250       -0.761401E-01   -0.160225E-01
    0.593750        0.187500       -0.704088E-01   -0.188190E-01
    0.593750        0.218750       -0.785486E-01   -0.266937E-01
    0.593750        0.250000       -0.664541E-01   -0.282411E-01
    0.593750        0.281250       -0.688777E-01   -0.368775E-01
    0.593750        0.312500       -0.533056E-01   -0.366017E-01
    0.593750        0.343750       -0.503174E-01   -0.451170E-01
    0.593750        0.375000       -0.339690E-01   -0.428030E-01
    0.593750        0.406250       -0.262694E-01   -0.504078E-01
    0.593750        0.437500       -0.114743E-01   -0.461404E-01
    0.593750        0.468750       -0.124825E-03   -0.522300E-01
    0.593750        0.500000        0.113281E-01   -0.463379E-01
    0.593750        0.531250        0.249542E-01   -0.505242E-01
    0.593750        0.562500        0.319250E-01   -0.435019E-01
    0.593750        0.593750        0.462067E-01   -0.456370E-01
    0.593750        0.625000        0.482079E-01   -0.380565E-01
    0.593750        0.656250        0.614070E-01   -0.382474E-01
    0.593750        0.687500        0.585143E-01   -0.306915E-01
    0.593750        0.718750        0.689596E-01   -0.292886E-01
    0.593750        0.750000        0.616837E-01   -0.223153E-01
    0.593750        0.781250        0.679554E-01   -0.198673E-01
    0.593750        0.812500        0.571205E-01   -0.139869E-01
    0.593750        0.843750        0.581859E-01   -0.111732E-01
    0.593750        0.875000        0.448242E-01   -0.681718E-02
    0.593750        0.906250        0.401133E-01   -0.438433E-02
    0.593750        0.937500        0.253615E-01   -0.185221E-02
    0.593750        0.968750        0.148022E-01   -0.560464E-03
    0.593750         1.00000         0.00000         0.00000    
    0.625000         0.00000         0.00000         0.00000    
    0.625000        0.312500E-01   -0.206936E-01   -0.902177E-03
    0.625000        0.625000E-01    0.416774E-01    0.656040E-02
    0.625000        0.937500E-01   -0.490912E-01   -0.714495E-02
    0.625000        0.125000        0.695241E-01    0.179885E-01
    0.625000        0.156250       -0.627843E-01   -0.171090E-01
    0.625000        0.187500        0.795001E-01    0.329463E-01
    0.625000        0.218750       -0.642730E-01   -0.283806E-01
    0.625000        0.250000        0.755268E-01    0.479112E-01
    0.625000        0.281250       -0.561544E-01   -0.390376E-01
    0.625000        0.312500        0.601687E-01    0.603622E-01
    0.625000        0.343750       -0.410841E-01   -0.476245E-01
    0.625000        0.375000        0.373764E-01    0.687608E-01
    0.625000        0.406250       -0.216952E-01   -0.531438E-01
    0.625000        0.437500        0.109511E-01    0.723752E-01
    0.625000        0.468750       -0.570875E-03   -0.550815E-01
    0.625000        0.500000       -0.154963E-01    0.709705E-01
    0.625000        0.531250        0.198646E-01   -0.533771E-01
    0.625000        0.562500       -0.386639E-01    0.649024E-01
    0.625000        0.593750        0.374247E-01   -0.483580E-01
    0.625000        0.625000       -0.559805E-01    0.551646E-01
    0.625000        0.656250        0.502427E-01   -0.406812E-01
    0.625000        0.687500       -0.658458E-01    0.431855E-01
    0.625000        0.718750        0.568789E-01   -0.312815E-01
    0.625000        0.750000       -0.675527E-01    0.305285E-01
    0.625000        0.781250        0.564255E-01   -0.213042E-01
    0.625000        0.812500       -0.610839E-01    0.186923E-01
    0.625000        0.843750        0.485714E-01   -0.120131E-01
    0.625000        0.875000       -0.469814E-01    0.903286E-02
    0.625000        0.906250        0.336087E-01   -0.468904E-02
    0.625000        0.937500       -0.264870E-01    0.278918E-02
    0.625000        0.968750        0.124386E-01   -0.547262E-03
    0.625000         1.00000         0.00000         0.00000    
    0.656250         0.00000         0.00000         0.00000    
    0.656250        0.312500E-01   -0.203990E-01   -0.126381E-02
    0.656250        0.625000E-01   -0.332758E-01   -0.380901E-02
    0.656250        0.937500E-01   -0.493819E-01   -0.902207E-02
    0.656250        0.125000       -0.523291E-01   -0.132491E-01
    0.656250        0.156250       -0.639427E-01   -0.214754E-01
    0.656250        0.187500       -0.591322E-01   -0.254822E-01
    0.656250        0.218750       -0.659335E-01   -0.357386E-01
    0.656250        0.250000       -0.557106E-01   -0.381278E-01
    0.656250        0.281250       -0.577937E-01   -0.493204E-01
    0.656250        0.312500       -0.445814E-01   -0.492415E-01
    0.656250        0.343750       -0.422093E-01   -0.602931E-01
    0.656250        0.375000       -0.283128E-01   -0.573938E-01
    0.656250        0.406250       -0.220271E-01   -0.673321E-01
    0.656250        0.437500       -0.944750E-02   -0.616903E-01
    0.656250        0.468750       -0.831394E-04   -0.697453E-01
    0.656250        0.500000        0.964284E-02   -0.617873E-01
    0.656250        0.531250        0.209709E-01   -0.674484E-01
    0.656250        0.562500        0.268634E-01   -0.578492E-01
    0.656250        0.593750        0.388127E-01   -0.609012E-01
    0.656250        0.625000        0.404544E-01   -0.504736E-01
    0.656250        0.656250        0.515683E-01   -0.510153E-01
    0.656250        0.687500        0.490354E-01   -0.406112E-01
    0.656250        0.718750        0.578976E-01   -0.390460E-01
    0.656250        0.750000        0.516513E-01   -0.294791E-01
    0.656250        0.781250        0.570415E-01   -0.264754E-01
    0.656250        0.812500        0.478125E-01   -0.184601E-01
    0.656250        0.843750        0.488315E-01   -0.148858E-01
    0.656250        0.875000        0.375139E-01   -0.898980E-02
    0.656250        0.906250        0.336602E-01   -0.584039E-02
    0.656250        0.937500        0.212120E-01   -0.243493E-02
    0.656250        0.968750        0.124204E-01   -0.751470E-03
    0.656250         1.00000         0.00000         0.00000    
    0.687500         0.00000         0.00000         0.00000    
    0.687500        0.312500E-01   -0.166854E-01   -0.109659E-02
    0.687500        0.625000E-01    0.321849E-01    0.705361E-02
    0.687500        0.937500E-01   -0.394886E-01   -0.871295E-02
    0.687500        0.125000        0.546088E-01    0.198766E-01
    0.687500        0.156250       -0.504902E-01   -0.208279E-01
    0.687500        0.187500        0.627987E-01    0.368340E-01
    0.687500        0.218750       -0.516945E-01   -0.345239E-01
    0.687500        0.250000        0.601318E-01    0.541237E-01
    0.687500        0.281250       -0.451702E-01   -0.474730E-01
    0.687500        0.312500        0.483957E-01    0.688853E-01
    0.687500        0.343750       -0.330544E-01   -0.579215E-01
    0.687500        0.375000        0.305227E-01    0.791155E-01
    0.687500        0.406250       -0.174605E-01   -0.646699E-01
    0.687500        0.437500        0.954921E-02    0.837641E-01
    0.687500        0.468750       -0.456365E-03   -0.670742E-01
    0.687500        0.500000       -0.115424E-01    0.825773E-01
    0.687500        0.531250        0.160050E-01   -0.650266E-01
    0.687500        0.562500       -0.300945E-01    0.760121E-01
    0.687500        0.593750        0.301488E-01   -0.589085E-01
    0.687500        0.625000       -0.440807E-01    0.651433E-01
    0.687500        0.656250        0.404603E-01   -0.495285E-01
    0.687500        0.687500       -0.522083E-01    0.514832E-01
    0.687500        0.718750        0.457786E-01   -0.380460E-01
    0.687500        0.750000       -0.538527E-01    0.367661E-01
    0.687500        0.781250        0.453794E-01   -0.258739E-01
    0.687500        0.812500       -0.489439E-01    0.227735E-01
    0.687500        0.843750        0.390256E-01   -0.145605E-01
    0.687500        0.875000       -0.378730E-01    0.111970E-01
    0.687500        0.906250        0.269692E-01   -0.566550E-02
    0.687500        0.937500       -0.216447E-01    0.358680E-02
    0.687500        0.968750        0.996748E-02   -0.658580E-03
    0.687500         1.00000         0.00000         0.00000    
    0.718750         0.00000         0.00000         0.00000    
    0.718750        0.312500E-01   -0.157060E-01   -0.141975E-02
    0.718750        0.625000E-01   -0.255996E-01   -0.435505E-02
    0.718750        0.937500E-01   -0.379302E-01   -0.102206E-01
    0.718750        0.125000       -0.401645E-01   -0.150860E-01
    0.718750        0.156250       -0.490799E-01   -0.243157E-01
    0.718750        0.187500       -0.453314E-01   -0.289649E-01
    0.718750        0.218750       -0.505876E-01   -0.404228E-01
    0.718750        0.250000       -0.426429E-01   -0.432498E-01
    0.718750        0.281250       -0.443297E-01   -0.557339E-01
    0.718750        0.312500       -0.340574E-01   -0.557257E-01
    0.718750        0.343750       -0.323696E-01   -0.680858E-01
    0.718750        0.375000       -0.215674E-01   -0.648021E-01
    0.718750        0.406250       -0.168868E-01   -0.759989E-01
    0.718750        0.437500       -0.712507E-02   -0.695130E-01
    0.718750        0.468750       -0.519397E-04   -0.787000E-01
    0.718750        0.500000        0.746591E-02   -0.695042E-01
    0.718750        0.531250        0.161027E-01   -0.760942E-01
    0.718750        0.562500        0.206165E-01   -0.649806E-01
    0.718750        0.593750        0.297934E-01   -0.686977E-01
    0.718750        0.625000        0.309893E-01   -0.566285E-01
    0.718750        0.656250        0.395791E-01   -0.575378E-01
    0.718750        0.687500        0.375337E-01   -0.455231E-01
    0.718750        0.718750        0.444298E-01   -0.440322E-01
    0.718750        0.750000        0.395220E-01   -0.330264E-01
    0.718750        0.781250        0.437658E-01   -0.298526E-01
    0.718750        0.812500        0.365785E-01   -0.206747E-01
    0.718750        0.843750        0.374620E-01   -0.167833E-01
    0.718750        0.875000        0.286945E-01   -0.100632E-01
    0.718750        0.906250        0.258233E-01   -0.658467E-02
    0.718750        0.937500        0.162147E-01   -0.271987E-02
    0.718750        0.968750        0.953732E-02   -0.850658E-03
    0.718750         1.00000         0.00000         0.00000    
    0.750000         0.00000         0.00000         0.00000    
    0.750000        0.312500E-01   -0.121466E-01   -0.115643E-02
    0.750000        0.625000E-01    0.224003E-01    0.671864E-02
    0.750000        0.937500E-01   -0.286621E-01   -0.920790E-02
    0.750000        0.125000        0.388743E-01    0.194266E-01
    0.750000        0.156250       -0.366392E-01   -0.219879E-01
    0.750000        0.187500        0.449501E-01    0.364027E-01
    0.750000        0.218750       -0.375185E-01   -0.364337E-01
    0.750000        0.250000        0.433451E-01    0.539460E-01
    0.750000        0.281250       -0.327813E-01   -0.500915E-01
    0.750000        0.312500        0.352150E-01    0.692143E-01
    0.750000        0.343750       -0.239786E-01   -0.611121E-01
    0.750000        0.375000        0.225689E-01    0.800803E-01
    0.750000        0.406250       -0.126489E-01   -0.682342E-01
    0.750000        0.437500        0.754214E-02    0.853074E-01
    0.750000        0.468750       -0.296889E-03   -0.707757E-01
    0.750000        0.500000       -0.769037E-02    0.845337E-01
    0.750000        0.531250        0.116568E-01   -0.686130E-01
    0.750000        0.562500       -0.211679E-01    0.781926E-01
    0.750000        0.593750        0.219194E-01   -0.621427E-01
    0.750000        0.625000       -0.314058E-01    0.673543E-01
    0.750000        0.656250        0.293882E-01   -0.522216E-01
    0.750000        0.687500       -0.374556E-01    0.535311E-01
    0.750000        0.718750        0.332224E-01   -0.400831E-01
    0.750000        0.750000       -0.388439E-01    0.384804E-01
    0.750000        0.781250        0.329033E-01   -0.272289E-01
    0.750000        0.812500       -0.354978E-01    0.240364E-01
    0.750000        0.843750        0.282686E-01   -0.152999E-01
    0.750000        0.875000       -0.276779E-01    0.119716E-01
    0.750000        0.906250        0.195127E-01   -0.593979E-02
    0.750000        0.937500       -0.160782E-01    0.393516E-02
    0.750000        0.968750        0.720994E-02   -0.687977E-03
    0.750000         1.00000         0.00000         0.00000    
    0.781250         0.00000         0.00000         0.00000    
    0.781250        0.312500E-01   -0.107209E-01   -0.140211E-02
    0.781250        0.625000E-01   -0.174382E-01   -0.434980E-02
    0.781250        0.937500E-01   -0.258106E-01   -0.101530E-01
    0.781250        0.125000       -0.272704E-01   -0.150128E-01
    0.781250        0.156250       -0.333755E-01   -0.241398E-01
    0.781250        0.187500       -0.307416E-01   -0.287756E-01
    0.781250        0.218750       -0.343915E-01   -0.400952E-01
    0.781250        0.250000       -0.288828E-01   -0.428996E-01
    0.781250        0.281250       -0.301343E-01   -0.552448E-01
    0.781250        0.312500       -0.230371E-01   -0.551884E-01
    0.781250        0.343750       -0.220046E-01   -0.674560E-01
    0.781250        0.375000       -0.145610E-01   -0.640834E-01
    0.781250        0.406250       -0.114799E-01   -0.752733E-01
    0.781250        0.437500       -0.477858E-02   -0.686573E-01
    0.781250        0.468750       -0.340705E-04   -0.779359E-01
    0.781250        0.500000        0.509469E-02   -0.685836E-01
    0.781250        0.531250        0.109511E-01   -0.753497E-01
    0.781250        0.562500        0.139912E-01   -0.640765E-01
    0.781250        0.593750        0.202612E-01   -0.680230E-01
    0.781250        0.625000        0.210101E-01   -0.558156E-01
    0.781250        0.656250        0.269142E-01   -0.569714E-01
    0.781250        0.687500        0.254402E-01   -0.448576E-01
    0.781250        0.718750        0.302096E-01   -0.435978E-01
    0.781250        0.750000        0.267862E-01   -0.325383E-01
    0.781250        0.781250        0.297551E-01   -0.295578E-01
    0.781250        0.812500        0.247896E-01   -0.203656E-01
    0.781250        0.843750        0.254684E-01   -0.166182E-01
    0.781250        0.875000        0.194412E-01   -0.990798E-02
    0.781250        0.906250        0.175602E-01   -0.652141E-02
    0.781250        0.937500        0.109789E-01   -0.267283E-02
    0.781250        0.968750        0.650278E-02   -0.845596E-03
    0.781250         1.00000         0.00000         0.00000    
    0.812500         0.00000         0.00000         0.00000    
    0.812500        0.312500E-01   -0.764718E-02   -0.107115E-02
    0.812500        0.625000E-01    0.134227E-01    0.568729E-02
    0.812500        0.937500E-01   -0.179558E-01   -0.853957E-02
    0.812500        0.125000        0.240719E-01    0.168827E-01
    0.812500        0.156250       -0.229423E-01   -0.203776E-01
    0.812500        0.187500        0.279866E-01    0.319845E-01
    0.812500        0.218750       -0.234925E-01   -0.337603E-01
    0.812500        0.250000        0.271780E-01    0.477300E-01
    0.812500        0.281250       -0.205188E-01   -0.464136E-01
    0.812500        0.312500        0.222762E-01    0.616043E-01
    0.812500        0.343750       -0.149934E-01   -0.566187E-01
    0.812500        0.375000        0.145158E-01    0.716732E-01
    0.812500        0.406250       -0.788475E-02   -0.632048E-01
    0.812500        0.437500        0.519347E-02    0.767426E-01
    0.812500        0.468750       -0.142385E-03   -0.655412E-01
    0.812500        0.500000       -0.434540E-02    0.763984E-01
    0.812500        0.531250        0.734034E-02   -0.635154E-01
    0.812500        0.562500       -0.128535E-01    0.709748E-01
    0.812500        0.593750        0.137536E-01   -0.574978E-01
    0.812500        0.625000       -0.193794E-01    0.614072E-01
    0.812500        0.656250        0.184093E-01   -0.482879E-01
    0.812500        0.687500       -0.233122E-01    0.490428E-01
    0.812500        0.718750        0.207858E-01   -0.370349E-01
    0.812500        0.750000       -0.243370E-01    0.354611E-01
    0.812500        0.781250        0.205648E-01   -0.251345E-01
    0.812500        0.812500       -0.223957E-01    0.223245E-01
    0.812500        0.843750        0.176503E-01   -0.141064E-01
    0.812500        0.875000       -0.176490E-01    0.112535E-01
    0.812500        0.906250        0.121706E-01   -0.546763E-02
    0.812500        0.937500       -0.104780E-01    0.378535E-02
    0.812500        0.968750        0.450612E-02   -0.631240E-03
    0.812500         1.00000         0.00000         0.00000    
    0.843750         0.00000         0.00000         0.00000    
    0.843750        0.312500E-01   -0.608140E-02   -0.120173E-02
    0.843750        0.625000E-01   -0.984626E-02   -0.376384E-02
    0.843750        0.937500E-01   -0.145612E-01   -0.875174E-02
    0.843750        0.125000       -0.153130E-01   -0.129444E-01
    0.843750        0.156250       -0.188168E-01   -0.207988E-01
    0.843750        0.187500       -0.172400E-01   -0.247709E-01
    0.843750        0.218750       -0.193874E-01   -0.345244E-01
    0.843750        0.250000       -0.161797E-01   -0.368845E-01
    0.843750        0.281250       -0.169897E-01   -0.475489E-01
    0.843750        0.312500       -0.128946E-01   -0.474038E-01
    0.843750        0.343750       -0.124102E-01   -0.580448E-01
    0.843750        0.375000       -0.814234E-02   -0.550014E-01
    0.843750        0.406250       -0.647842E-02   -0.647638E-01
    0.843750        0.437500       -0.266219E-02   -0.588940E-01
    0.843750        0.468750       -0.250220E-04   -0.670525E-01
    0.843750        0.500000        0.286774E-02   -0.588106E-01
    0.843750        0.531250        0.617043E-02   -0.648283E-01
    0.843750        0.562500        0.785286E-02   -0.549374E-01
    0.843750        0.593750        0.114218E-01   -0.585266E-01
    0.843750        0.625000        0.117893E-01   -0.478536E-01
    0.843750        0.656250        0.151742E-01   -0.490197E-01
    0.843750        0.687500        0.142765E-01   -0.384600E-01
    0.843750        0.718750        0.170323E-01   -0.375146E-01
    0.843750        0.750000        0.150334E-01   -0.278976E-01
    0.843750        0.781250        0.167763E-01   -0.254363E-01
    0.843750        0.812500        0.139119E-01   -0.174577E-01
    0.843750        0.843750        0.143613E-01   -0.143043E-01
    0.843750        0.875000        0.109051E-01   -0.848826E-02
    0.843750        0.906250        0.990911E-02   -0.561747E-02
    0.843750        0.937500        0.615553E-02   -0.228470E-02
    0.843750        0.968750        0.369403E-02   -0.731660E-03
    0.843750         1.00000         0.00000         0.00000    
    0.875000         0.00000         0.00000         0.00000    
    0.875000        0.312500E-01   -0.377670E-02   -0.839505E-03
    0.875000        0.625000E-01    0.617496E-02    0.411803E-02
    0.875000        0.937500E-01   -0.876000E-02   -0.671131E-02
    0.875000        0.125000        0.118481E-01    0.125594E-01
    0.875000        0.156250       -0.111718E-01   -0.160078E-01
    0.875000        0.187500        0.138797E-01    0.239931E-01
    0.875000        0.218750       -0.114329E-01   -0.265186E-01
    0.875000        0.250000        0.136166E-01    0.359873E-01
    0.875000        0.281250       -0.997584E-02   -0.364534E-01
    0.875000        0.312500        0.112821E-01    0.466538E-01
    0.875000        0.343750       -0.727602E-02   -0.444570E-01
    0.875000        0.375000        0.750275E-02    0.545185E-01
    0.875000        0.406250       -0.380693E-02   -0.496069E-01
    0.875000        0.437500        0.291433E-02    0.586445E-01
    0.875000        0.468750       -0.352252E-04   -0.514109E-01
    0.875000        0.500000       -0.183115E-02    0.586585E-01
    0.875000        0.531250        0.360226E-02   -0.497881E-01
    0.875000        0.562500       -0.610874E-02    0.547586E-01
    0.875000        0.593750        0.671244E-02   -0.450379E-01
    0.875000        0.625000       -0.943417E-02    0.476197E-01
    0.875000        0.656250        0.896321E-02   -0.377945E-01
    0.875000        0.687500       -0.114936E-01    0.382510E-01
    0.875000        0.718750        0.101044E-01   -0.289636E-01
    0.875000        0.750000       -0.121187E-01    0.278564E-01
    0.875000        0.781250        0.998481E-02   -0.196399E-01
    0.875000        0.812500       -0.112724E-01    0.177176E-01
    0.875000        0.843750        0.856013E-02   -0.110117E-01
    0.875000        0.875000       -0.903587E-02    0.907762E-02
    0.875000        0.906250        0.589693E-02   -0.426298E-02
    0.875000        0.937500       -0.554392E-02    0.314606E-02
    0.875000        0.968750        0.220049E-02   -0.490069E-03
    0.875000         1.00000         0.00000         0.00000    
    0.906250         0.00000         0.00000         0.00000    
    0.906250        0.312500E-01   -0.243203E-02   -0.824653E-03
    0.906250        0.625000E-01   -0.387337E-02   -0.264289E-02
    0.906250        0.937500E-01   -0.572969E-02   -0.607260E-02
    0.906250        0.125000       -0.594384E-02   -0.900044E-02
    0.906250        0.156250       -0.739704E-02   -0.144162E-01
    0.906250        0.187500       -0.667850E-02   -0.171673E-01
    0.906250        0.218750       -0.762245E-02   -0.239131E-01
    0.906250        0.250000       -0.625752E-02   -0.255187E-01
    0.906250        0.281250       -0.668328E-02   -0.329225E-01
    0.906250        0.312500       -0.498277E-02   -0.327647E-01
    0.906250        0.343750       -0.488672E-02   -0.401852E-01
    0.906250        0.375000       -0.314373E-02   -0.379980E-01
    0.906250        0.406250       -0.255665E-02   -0.448384E-01
    0.906250        0.437500       -0.102337E-02   -0.406809E-01
    0.906250        0.468750       -0.191530E-04   -0.464279E-01
    0.906250        0.500000        0.111749E-02   -0.406260E-01
    0.906250        0.531250        0.241901E-02   -0.448943E-01
    0.906250        0.562500        0.304984E-02   -0.379577E-01
    0.906250        0.593750        0.448724E-02   -0.405366E-01
    0.906250        0.625000        0.457809E-02   -0.330706E-01
    0.906250        0.656250        0.596622E-02   -0.339577E-01
    0.906250        0.687500        0.554495E-02   -0.265828E-01
    0.906250        0.718750        0.669988E-02   -0.259934E-01
    0.906250        0.750000        0.583924E-02   -0.192815E-01
    0.906250        0.781250        0.660193E-02   -0.176309E-01
    0.906250        0.812500        0.540221E-02   -0.120615E-01
    0.906250        0.843750        0.565556E-02   -0.992246E-02
    0.906250        0.875000        0.423099E-02   -0.586002E-02
    0.906250        0.906250        0.391173E-02   -0.390630E-02
    0.906250        0.937500        0.239067E-02   -0.157319E-02
    0.906250        0.968750        0.148843E-02   -0.514725E-03
    0.906250         1.00000         0.00000         0.00000    
    0.937500         0.00000         0.00000         0.00000    
    0.937500        0.312500E-01   -0.107779E-02   -0.496264E-03
    0.937500        0.625000E-01    0.157228E-02    0.156274E-02
    0.937500        0.937500E-01   -0.239415E-02   -0.388501E-02
    0.937500        0.125000        0.375398E-02    0.599325E-02
    0.937500        0.156250       -0.302607E-02   -0.916430E-02
    0.937500        0.187500        0.449098E-02    0.122192E-01
    0.937500        0.218750       -0.308899E-02   -0.151157E-01
    0.937500        0.250000        0.449992E-02    0.188702E-01
    0.937500        0.281250       -0.268831E-02   -0.207285E-01
    0.937500        0.312500        0.380208E-02    0.249094E-01
    0.937500        0.343750       -0.195427E-02   -0.252380E-01
    0.937500        0.375000        0.261201E-02    0.294839E-01
    0.937500        0.406250       -0.101413E-02   -0.281239E-01
    0.937500        0.437500        0.114482E-02    0.320543E-01
    0.937500        0.468750        0.542624E-05   -0.291116E-01
    0.937500        0.500000       -0.394293E-03    0.323781E-01
    0.937500        0.531250        0.986143E-03   -0.281611E-01
    0.937500        0.562500       -0.180383E-02    0.305220E-01
    0.937500        0.593750        0.182238E-02   -0.254475E-01
    0.937500        0.625000       -0.292538E-02    0.268230E-01
    0.937500        0.656250        0.242521E-02   -0.213337E-01
    0.937500        0.687500       -0.365493E-02    0.218115E-01
    0.937500        0.718750        0.272790E-02   -0.163337E-01
    0.937500        0.750000       -0.393309E-02    0.161343E-01
    0.937500        0.781250        0.269055E-02   -0.110662E-01
    0.937500        0.812500       -0.373934E-02    0.104907E-01
    0.937500        0.843750        0.230154E-02   -0.620091E-02
    0.937500        0.875000       -0.309724E-02    0.555683E-02
    0.937500        0.906250        0.158166E-02   -0.240323E-02
    0.937500        0.937500       -0.201310E-02    0.203564E-02
    0.937500        0.968750        0.606892E-03   -0.278556E-03
    0.937500         1.00000         0.00000         0.00000    
    0.968750         0.00000         0.00000         0.00000    
    0.968750        0.312500E-01   -0.319409E-03   -0.319409E-03
    0.968750        0.625000E-01   -0.459039E-03   -0.105382E-02
    0.968750        0.937500E-01   -0.730776E-03   -0.231164E-02
    0.968750        0.125000       -0.685308E-03   -0.342653E-02
    0.968750        0.156250       -0.955501E-03   -0.538998E-02
    0.968750        0.187500       -0.768179E-03   -0.643789E-02
    0.968750        0.218750       -0.989735E-03   -0.888628E-02
    0.968750        0.250000       -0.715720E-03   -0.950468E-02
    0.968750        0.281250       -0.871924E-03   -0.122016E-01
    0.968750        0.312500       -0.567283E-03   -0.121629E-01
    0.968750        0.343750       -0.641456E-03   -0.148796E-01
    0.968750        0.375000       -0.355656E-03   -0.140865E-01
    0.968750        0.406250       -0.340221E-03   -0.166032E-01
    0.968750        0.437500       -0.112685E-03   -0.150782E-01
    0.968750        0.468750       -0.107425E-04   -0.172020E-01
    0.968750        0.500000        0.132162E-03   -0.150651E-01
    0.968750        0.531250        0.306852E-03   -0.166492E-01
    0.968750        0.562500        0.353287E-03   -0.140876E-01
    0.968750        0.593750        0.577030E-03   -0.150502E-01
    0.968750        0.625000        0.528578E-03   -0.122858E-01
    0.968750        0.656250        0.771036E-03   -0.126243E-01
    0.968750        0.687500        0.639828E-03   -0.988570E-02
    0.968750        0.718750        0.868523E-03   -0.968005E-02
    0.968750        0.750000        0.673835E-03   -0.717933E-02
    0.968750        0.781250        0.858379E-03   -0.658394E-02
    0.968750        0.812500        0.623403E-03   -0.450151E-02
    0.968750        0.843750        0.738259E-03   -0.372777E-02
    0.968750        0.875000        0.487247E-03   -0.220248E-02
    0.968750        0.906250        0.516534E-03   -0.149598E-02
    0.968750        0.937500        0.278098E-03   -0.607050E-03
    0.968750        0.968750        0.218585E-03   -0.218427E-03
    0.968750         1.00000         0.00000         0.00000    
     1.00000         0.00000         0.00000         0.00000    
     1.00000        0.312500E-01     0.00000         0.00000    
     1.00000        0.625000E-01     0.00000         0.00000    
     1.00000        0.937500E-01     0.00000         0.00000    
     1.00000        0.125000         0.00000         0.00000    
     1.00000        0.156250         0.00000         0.00000    
     1.00000        0.187500         0.00000         0.00000    
     1.00000        0.218750         0.00000         0.00000    
     1.00000        0.250000         0.00000         0.00000    
     1.00000        0.281250         0.00000         0.00000    
     1.00000        0.312500         0.00000         0.00000    
     1.00000        0.343750         0.00000         0.00000    
     1.00000        0.375000         0.00000         0.00000    
     1.00000        0.406250         0.00000         0.00000    
     1.00000        0.437500         0.00000         0.00000    
     1.00000        0.468750         0.00000         0.00000    
     1.00000        0.500000         0.00000         0.00000    
     1.00000        0.531250         0.00000         0.00000    
     1.00000        0.562500         0.00000         0.00000    
     1.00000        0.593750         0.00000         0.00000    
     1.00000        0.625000         0.00000         0.00000    
     1.00000        0.656250         0.00000         0.00000    
     1.00000        0.687500         0.00000         0.00000    
     1.00000        0.718750         0.00000         0.00000    
     1.00000        0.750000         0.00000         0.00000    
     1.00000        0.781250         0.00000         0.00000    
     1.00000        0.812500         0.00000         0.00000    
     1.00000        0.843750         0.00000         0.00000    
     1.00000        0.875000         0.00000         0.00000    
     1.00000        0.906250         0.00000         0.00000    
     1.00000        0.937500         0.00000         0.00000    
     1.00000        0.968750         0.00000         0.00000    
     1.00000         1.00000         0.00000         0.00000    
