             0
     0.0833333
      0.166667
          0.25
      0.333333
      0.416667
           0.5
      0.583333
      0.666667
          0.75
      0.833333
      0.916667
             1
             0
      0.150333
      0.296075
      0.433047
      0.557475
      0.666713
      0.758817
       0.83338
      0.890808
      0.933047
      0.962742
      0.983666
             1
             0
      0.212742
      0.416514
       0.60355
      0.766082
      0.899625
      0.999695
       1.06629
       1.09942
       1.10355
       1.08318
       1.04607
             1
             0
       0.26638
      0.520217
      0.750093
        0.9457
       1.09981
        1.2071
       1.26647
       1.27903
       1.25009
       1.18688
       1.09971
             1
             0
      0.307475
      0.599415
      0.862367
       1.08288
       1.25317
        1.3655
       1.41984
       1.41621
       1.36237
       1.26608
       1.14081
             1
             0
       0.33338
      0.649625
       0.93314
       1.16984
       1.34985
       1.46592
