         310            32           294  
          76           308           306  
         294            88            33  
         310            31            32  
          88           294            32  
          87            33            88  
          87            88            78  
          87            78           298  
         298            76           306  
         298            78            76  
          95             3            96  
          95            96             4  
           4           287            43  
           4            43            95  
          94             2             3  
          94             3            43  
           3             2            93  
           3            93            96  
          41             1            93  
          41            93            42  
          41            42           287  
          43             3            95  
         287            42            94  
         287            94            43  
          42            93             2  
          42             2            94  
          96            93             1  
         275            98            54  
          96           223           286  
          96           286           287  
          97           277           155  
         276           281           280  
         276           280           277  
         276           275           289  
         283           282           128  
         283           128           279  
         283           290           275  
         257            51           248  
         282           303            97  
          96             6           106  
         303            12            97  
         104           285           223  
          97           155           274  
         284           282           266  
         286           288           287  
         137           128           282  
         283           279           278  
         248           288           286  
           6           105           106  
         275            54           283  
         284           266           285  
          96           287             4  
         284           285           104  
         248            51           288  
         283           278           290  
         274           137           282  
         289           275           290  
          97            12            98  
          97            98           275  
          48           107            45  
          96           106           104  
         282           283           257  
         282           257           266  
          97           275           276  
          97           276           277  
         104           223            96  
         257           283            51  
          97           274           282  
         128           280           281  
         128           281           279  
         287           288            48  
         287            48            45  
         309            31           310  
         294            33           295  
         108           118            39  
          80            79            74  
          80            74            73  
          49            47            48  
           5             1            91  
           5            91            24  
          10           291            20  
          10            20            19  
         294           295            38  
          78            77            76  
          81            82           111  
          81           111           112  
          65            66            46  
          65            46            47  
          30           309           310  
           5           105             6  
          30            29            26  
          30            26           309  
          68            62            59  
          68            59           299  
          78            88            89  
          78            89            77  
         118            38           295  
         118           295           119  
          83            81           112  
          83           112           113  
          64            65            47  
          64            47            49  
          35            37            36  
          23             8             7  
          24            91            90  
          24            90           305  
          62            52            53  
          62            53            59  
         296            85           109  
         296           109           114  
          79           292            75  
          79            75            74  
          50            49           288  
          22            23            27  
         282            10            11  
         282            11           303  
         293           294           297  
          71            72            92  
          71            92            67  
         112            39           113  
         310           294           293  
         305            90            89  
         308            70           307  
         296            87           298  
         114            39           119  
          71            77            72  
          45           107            44  
           8            23            22  
           7             5            24  
           7            24            23  
         287            44            41  
         307            69            74  
         307            74            75  
          92            91             1  
          92             1            41  
          63            62            68  
          28            29            34  
          28            34            35  
         105             7             8  
         105             8           106  
          32            89            88  
          49            48           288  
          82            81           299  
         115            37           297  
         115           297           108  
         113            39           110  
          73            74            69  
          73            69            68  
          29            30           293  
          29           293            34  
         291           104             9  
          22            27           309  
          54            53            52  
          54            52           283  
          83            79            80  
          83            80            81  
          48            47            46  
          48            46           107  
          25            20            21  
          25            21            26  
         301            11            10  
         301            10            19  
          39           115           108  
         306           307            75  
         110            39           109  
         292           298           306  
         306           308           307  
          70            66            65  
         294            38           297  
           5             6            96  
          85            84           110  
          85           110           109  
          62            63            50  
          62            50            52  
         102            25            28  
           9           106             8  
         310           293            30  
          70            71            66  
          77            89            90  
          77            90            72  
          66            71            67  
         297            37            34  
         297            34           293  
         106             9           104  
          25            19            20  
          44           107            46  
          85           296           298  
         117           101            36  
         117            36           116  
         111            39           112  
         307            70            65  
          35            34            37  
          23           305            27  
         102           301            19  
         102            19            25  
          50           288            51  
          80            73           299  
          84           298           292  
          49            50            63  
          49            63            64  
          32           305            89  
           1             5            96  
          32            31            27  
          32            27           305  
          66            67            44  
          66            44            46  
         296           295            33  
         296            33            87  
         291            10           282  
          81            80           299  
         309            27            31  
          84            85           298  
         116            36            37  
         116            37           115  
         292            79            83  
         292            83            84  
         283            52            51  
         309            26            21  
         309            21            22  
         284           291           282  
         102            36           101  
          65            64            69  
          65            69           307  
         295           296           114  
         295           114           119  
          73            68           299  
          39           116           115  
         105             5             7  
          23            24           305  
          39           117           116  
          77            71            76  
         109            39           114  
         297            38           118  
         297           118           108  
          75           292           306  
          39           118           119  
          21            20           291  
          21           291             9  
           9             8            22  
           9            22            21  
         287            45            44  
          71            70           308  
          71           308            76  
          84            83           113  
          84           113           110  
          67            92            41  
          67            41            44  
          25            26            29  
          25            29            28  
         104           291           284  
         102            28            35  
          69            64            63  
          69            63            68  
          72            90            91  
          72            91            92  
          52            50            51  
         102            35            36  
          16            15            17  
         304            15            16  
         300            57            60  
          14            13           304  
          59            53            55  
          59            55            57  
          60            57            58  
          18           301           103  
         300            59            57  
         304            13            15  
          56            55            53  
          56            53            54  
          15            13            11  
          15            11           301  
          61            59           300  
          57            55           302  
         103           301           102  
          17            15           301  
         303            11            13  
         303            13            14  
          58            57           302  
         302            55            56  
          17           301            18  
         299            59            61  
         302            56            54  
          18           103            40  
          16            17            99  
          86            61           300  
          99           304            16  
         303            14           304  
          99           303           304  
          17            18            99  
         302            54           100  
          58           302           100  
         100            86           300  
          18            40            99  
         100            60            58  
         100           300            60  
         101           117           111  
         101           111            82  
         102           101            82  
         102            82           299  
         117            39           111  
          99           100            54  
          99            54           303  
         303            54            98  
         303            98            12  
          86           100            99  
          86            99            40  
          40           103            61  
          40            61            86  
         299            61           103  
         299           103           102  
         238           255           246  
         194           202           201  
         194           201           193  
         153           162           163  
         153           163           154  
         144           153           154  
         144           154           145  
         184           194           193  
         184           193           182  
         238           246           237  
         272           234           232  
         272           232           271  
         236           237           235  
         236           235           234  
         204           195           186  
         134           143           144  
         134           144           135  
         143           152           153  
         143           153           144  
         204           203           195  
         237           246           245  
         237           245           235  
         273           236           234  
         273           234           272  
         238           237           236  
         185           184           182  
         185           182           183  
         135           144           145  
         135           145           136  
         154           163           146  
         195           203           202  
         195           202           194  
         235           245           244  
         235           244           233  
         264           273           272  
         264           272           263  
         219           185           183  
         219           183           218  
         187           186           184  
         187           184           185  
         136           145           146  
         161           169           170  
         161           170           162  
         204           220           212  
         255           264           263  
         255           263           254  
         234           235           233  
         234           233           232  
         186           195           194  
         186           194           184  
         145           154           146  
         152           161           162  
         152           162           153  
         204           212           203  
         246           255           254  
         246           254           245  
         238           236           273  
         204           187           220  
         169           125           126  
         169           126           170  
         126           135           136  
         126           136           127  
         163           171           146  
         203           212           211  
         203           211           202  
         245           254           253  
         245           253           244  
         238           273           264  
         211           219           218  
         211           218           210  
         170           126           127  
         170           127           171  
         127           136           146  
         162           170           171  
         162           171           163  
         202           211           210  
         202           210           201  
         238           264           255  
         254           263           262  
         254           262           253  
         212           220           219  
         212           219           211  
         171           127           146  
         125           134           135  
         125           135           126  
         204           186           187  
         220           187           185  
         220           185           219  
         263           272           271  
         263           271           262  
         251           260           259  
         251           259           250  
         209           217           216  
         209           216           208  
         157           165           166  
         157           166           158  
         132           141           142  
         132           142           133  
         179           178           176  
         179           176           177  
         215           177           175  
         215           175           214  
         270           230           228  
         270           228           269  
         227           241           240  
         227           240           225  
         191           199           198  
         191           198           190  
         150           159           160  
         150           160           151  
         131           140           141  
         131           141           132  
         177           176           174  
         177           174           175  
         230           231           229  
         230           229           228  
         269           228           226  
         269           226           268  
         229           242           241  
         229           241           227  
         192           200           199  
         192           199           191  
         139           148           149  
         139           149           140  
         130           139           140  
         130           140           131  
         180           192           191  
         180           191           178  
         228           229           227  
         228           227           226  
         268           226           224  
         268           224           267  
         231           243           242  
         231           242           229  
         176           190           189  
         176           189           174  
         140           149           150  
         140           150           141  
         149           158           159  
         149           159           150  
         190           198           197  
         190           197           189  
         243           252           251  
         243           251           242  
         259           268           267  
         259           267           258  
         216           179           177  
         216           177           215  
         181           180           178  
         181           178           179  
         121           130           131  
         121           131           122  
         167           123           124  
         167           124           168  
         208           216           215  
         208           215           207  
         250           259           258  
         250           258           249  
         252           261           260  
         252           260           251  
         198           207           206  
         198           206           197  
         158           166           167  
         158           167           159  
         123           132           133  
         123           133           124  
         166           122           123  
         166           123           167  
         207           215           214  
         207           214           206  
         261           270           269  
         261           269           260  
         241           250           249  
         241           249           240  
         199           208           207  
         199           207           198  
         159           167           168  
         159           168           160  
         122           131           132  
         122           132           123  
         165           121           122  
         165           122           166  
         217           181           179  
         217           179           216  
         260           269           268  
         260           268           259  
         242           251           250  
         242           250           241  
         200           209           208  
         200           208           199  
         148           157           158  
         148           158           149  
         141           150           151  
         141           151           142  
         178           191           190  
         178           190           176  
         226           227           225  
         226           225           224  
         225           240           239  
         225           239           222  
         164           120           121  
         164           121           165  
         128           137           138  
         128           138           129  
         196           205           289  
         196           289           290  
         265           221           285  
         265           285           266  
         206           214           213  
         206           213           205  
         138           147           148  
         138           148           139  
         174           189           188  
         174           188           172  
         249           258           256  
         249           256           247  
         221           222           223  
         221           223           285  
         155           277           164  
         155           164           156  
         274           155           156  
         274           156           147  
         213           173           281  
         213           281           276  
         258           267           265  
         258           265           256  
         189           197           196  
         189           196           188  
         120           129           130  
         120           130           121  
         173           172           279  
         173           279           281  
         239           247           248  
         239           248           286  
         205           213           276  
         205           276           289  
         137           274           147  
         137           147           138  
         156           164           165  
         156           165           157  
         224           225           222  
         224           222           221  
         247           256           257  
         247           257           248  
         172           188           278  
         172           278           279  
         280           128           129  
         280           129           120  
         188           196           290  
         188           290           278  
         256           265           266  
         256           266           257  
         214           175           173  
         214           173           213  
         147           156           157  
         147           157           148  
         175           174           172  
         175           172           173  
         240           249           247  
         240           247           239  
         222           239           286  
         222           286           223  
         277           280           120  
         277           120           164  
         129           138           139  
         129           139           130  
         197           206           205  
         197           205           196  
         267           224           221  
         267           221           265  
         233           244           243  
         233           243           231  
         124           133           134  
         124           134           125  
         262           271           270  
         262           270           261  
         142           151           152  
         142           152           143  
         253           262           261  
         253           261           252  
         151           160           161  
         151           161           152  
         244           253           252  
         244           252           243  
         160           168           169  
         160           169           161  
         201           210           209  
         201           209           200  
         271           232           230  
         271           230           270  
         133           142           143  
         133           143           134  
         232           233           231  
         232           231           230  
         183           182           180  
         183           180           181  
         218           183           181  
         218           181           217  
         182           193           192  
         182           192           180  
         210           218           217  
         210           217           209  
         193           201           200  
         193           200           192  
         168           124           125  
         168           125           169  
