   0.00000    
  0.250000    
  0.250000    
   1.00000    
  0.500000    
   1.00000    
   2.25000    
   1.25000    
   1.25000    
   2.25000    
   16.0000    
   20.0000    
   18.2500    
   17.0000    
   16.2500    
   12.2500    
   9.00000    
   6.25000    
   4.00000    
   2.50000    
   2.00000    
   2.50000    
   4.00000    
   12.5000    
   16.2500    
   14.5000    
   13.2500    
   9.25000    
   6.50000    
   4.25000    
   3.25000    
   3.25000    
   4.25000    
   6.25000    
   10.0000    
   13.0000    
   11.2500    
   7.25000    
   5.00000    
   4.50000    
   5.00000    
   6.50000    
   9.00000    
   8.50000    
   10.2500    
   6.25000    
   12.2500    
   6.25000    
   7.25000    
   9.25000    
   16.0000    
   8.00000    
   12.5000    
   8.50000    
   10.0000    
   16.2500    
   10.2500    
   13.2500    
   11.2500    
   17.0000    
   13.0000    
   14.5000    
   18.2500    
   16.2500    
   20.0000    
