    0.0000000000000000e+00    0.0000000000000000e+00
    2.2768959748831630e-01    3.3184753509543619e-01
    4.3787405865815554e-01    5.1054248149847037e-01
    6.4503013132016174e-01    6.5860703069470194e-01
    8.5054098607207229e-01    7.8774747853523630e-01
    1.0549475738783978e+00    9.0254209760760529e-01
    1.2585312653005118e+00    1.0053722333804156e+00
    1.4614623319136681e+00    1.0976789585877280e+00
    1.6638542624952100e+00    1.1804227716709683e+00
    1.8657880016317594e+00    1.2542887372780585e+00
    2.0673242629475403e+00    1.3197906977712621e+00
    2.2685103889172122e+00    1.3773293304174203e+00
    2.4693844473896811e+00    1.4272268178181999e+00
    2.6699778145543429e+00    1.4697487085301775e+00
    2.8703168764283178e+00    1.5051183173948228e+00
    3.0704241908248231e+00    1.5335265597162162e+00
    3.2703193052346666e+00    1.5551388733014688e+00
    3.4700193475221828e+00    1.5701002177437964e+00
    3.6695394621114965e+00    1.5785387660318260e+00
    3.8688931383637124e+00    1.5805686837299566e+00
    4.0680924620276162e+00    1.5762922571006921e+00
    4.2671483107060313e+00    1.5671904362992770e+00
    4.4660705078582223e+00    1.5547352498653482e+00
    4.6648679456072433e+00    1.5390019551991210e+00
    4.8635486837444306e+00    1.5200587653626787e+00
    5.0621200303380869e+00    1.4979675313018159e+00
    5.2605886079591668e+00    1.4727843023390181e+00
    5.4589604085415262e+00    1.4445597904765146e+00
    5.6572408391734941e+00    1.4133397579476712e+00
    5.8554347605883548e+00    1.3791653429764827e+00
    6.0535465197280383e+00    1.3420733353764147e+00
    6.2515799774586789e+00    1.3020964111176496e+00
    6.4495385322920953e+00    1.2592633330909437e+00
    6.6474251407949332e+00    1.2135991238379373e+00
    6.8452423352338281e+00    1.1651252148887929e+00
    7.0429922389007560e+00    1.1138595764664867e+00
    7.2406765794808043e+00    1.0598168306232849e+00
    7.4382967007595653e+00    1.0030083503248453e+00
    7.6358535729154644e+00    9.4344234655809067e-01
    7.8333478016006266e+00    8.8112394518597492e-01
    8.0307796359801191e+00    8.1605525498669274e-01
    8.2281489758719975e+00    7.4823542808258936e-01
    8.4254553781081150e+00    6.7766071377401160e-01
    8.6226980622171503e+00    6.0432450663703086e-01
    8.8198759155161301e+00    5.2821738961483855e-01
    9.0169874976839619e+00    4.4932717272534412e-01
    9.2140310448799880e+00    3.6763892791803027e-01
    9.4110044734616825e+00    2.8313502053818462e-01
    9.6079053833481520e+00    1.9579513779357555e-01
    9.8047310610698641e+00    1.0559631456536817e-01
    1.0001478482539621e+01    1.2512956859992194e-02
    9.9985215174603788e+00   -1.2512956859992194e-02
    9.7952689389301373e+00    2.5514796545742513e-02
    9.5920946166518473e+00    6.1982639984202448e-02
    9.3889955265383183e+00    9.6864979461815298e-02
    9.1859689551200105e+00    1.3013884985974788e-01
    8.9830125023160381e+00    1.6178393838576705e-01
    8.7801240844838713e+00    1.9178261038516106e-01
    8.5773019377828490e+00    2.2011993780741385e-01
    8.3745446218918858e+00    2.4678373067043285e-01
    8.1718510241280011e+00    2.7176457191741110e-01
    7.9692203640198818e+00    2.9505585612441843e-01
    7.7666521983993730e+00    3.1665383259180291e-01
    7.5641464270845349e+00    3.3655765344190958e-01
    7.3617032992404354e+00    3.5476942745293227e-01
    7.1593234205191960e+00    3.7129428048782581e-01
    6.9570077610992440e+00    3.8614042353351358e-01
    6.7547576647661716e+00    3.9931922955565152e-01
    6.5525748592050661e+00    4.1084532060650741e-01
    6.3504614677079054e+00    4.2073666690905642e-01
    6.1484200225413215e+00    4.2901469999346137e-01
    5.9464534802719617e+00    4.3570444240136325e-01
    5.7445652394116449e+00    4.4083465702351732e-01
    5.5427591608265052e+00    4.4443801983010661e-01
    5.3410395914584745e+00    4.4655132063459635e-01
    5.1394113920408335e+00    4.4721569766098168e-01
    4.9378799696619131e+00    4.4647691314262861e-01
    4.7364513162555690e+00    4.4438567908176563e-01
    4.5351320543927560e+00    4.4099804480087901e-01
    4.3339294921417784e+00    4.3637586124576289e-01
    4.1328516892939691e+00    4.3058734147850064e-01
    3.9319075379723838e+00    4.2370774289930835e-01
    3.7311068616362872e+00    4.1443131627004337e-01
    3.5304605378885037e+00    4.0146123396817412e-01
    3.3299806524778170e+00    3.8489978225620369e-01
    3.1296806947653337e+00    3.6486112669853121e-01
    2.9295758091751769e+00    3.4147344028378368e-01
    2.7296831235716819e+00    3.1488168260517646e-01
    2.5300221854456573e+00    2.8525129146982242e-01
    2.3306155526103187e+00    2.5277318218180012e-01
    2.1314896110827881e+00    2.1767066958257963e-01
    1.9326757370524594e+00    1.8020930222873788e-01
    1.7342119983682407e+00    1.4071126272194190e-01
    1.5361457375047902e+00    9.9577228329031708e-02
    1.3385376680863317e+00    5.7321041412271900e-02
    1.1414687346994881e+00    1.4627766619584148e-02
    9.4505242612160223e-01   -2.7542097607605343e-02
    7.4945901392792780e-01   -6.7747478535236161e-02
    5.5496986867983822e-01   -1.0360703069470212e-01
    3.6212594134184450e-01   -1.3054248149847036e-01
    1.7231040251168372e-01   -1.3684753509543618e-01
    0.0000000000000000e+00    0.0000000000000000e+00
