1.679040
0.996391
0.397605
0.205704
1.453396
1.848450
2.989452
3.811574
1.897352
0.103171
-1.911649
-0.811415
-0.697495
-1.990840
-1.104507
-1.072546
-1.311852
-0.870372
1.289398
1.217124
1.387920
0.816944
2.856816
2.679368
3.936964
2.814551
1.535825
3.312336
3.055629
3.593470
2.661359
2.354489
1.853022
2.069520
1.715758
1.506765
1.681207
-0.139137
0.626463
1.906218
1.074004
1.897901
1.180174
1.974491
1.503397
-0.199119
-0.617755
1.520613
1.643095
1.005880
0.460245
-1.749584
-1.044598
-3.116611
-3.050437
-2.128289
-2.046801
-2.452085
-2.959124
-2.404832
-2.695303
-2.743888
-5.505318
-5.114093
-6.620869
-4.420114
-3.433762
-4.770006
-1.972165
-1.926930
-0.581681
0.461892
1.251887
1.969401
2.113618
3.639934
3.658137
2.503933
2.689030
3.605149
3.285619
2.468400
3.255295
2.130127
2.463014
2.241756
3.357235
3.414195
2.987821
4.124533
3.718197
3.254251
3.979153
4.969271
5.349663
5.027827
4.184216
4.409179
3.588903
4.151786
4.639458
3.569268
3.225672
1.360401
1.153246
1.860832
1.060207
1.959430
3.091555
1.819938
2.535451
2.102478
1.618487
3.622338
3.694154
1.524779
2.794365
1.672601
2.612135
2.272080
2.957585
2.965134
5.047747
4.635534
4.208761
3.133599
3.128665
3.088373
