1.679040
0.156871
-0.310471
-0.222588
1.172981
0.986356
1.793486
1.928559
-0.606234
-1.662727
-2.670713
-0.308749
-0.373415
-1.665975
-0.092348
-0.305649
-0.561270
0.015104
2.002631
0.827829
0.762319
-0.016747
2.212590
1.025415
2.109219
0.242577
-0.710467
1.709545
0.700808
1.198375
-0.056493
-0.005312
-0.302762
0.213405
-0.167679
-0.188679
0.142129
-1.713027
-0.030330
1.101448
-0.347048
0.760190
-0.322842
0.747598
-0.070137
-1.615076
-1.161169
1.405617
0.619923
-0.252393
-0.565391
-2.467842
-0.577615
-2.685653
-1.508320
-0.300333
-0.512505
-0.960468
-1.248918
-0.366173
-0.820507
-0.722670
-3.406324
-1.590670
-2.914545
0.190831
0.372195
-1.557212
1.771120
0.531085
1.564561
1.798077
1.820514
1.879476
1.415363
2.629730
1.718132
0.249949
0.829375
1.669811
0.844848
0.029910
1.169742
-0.296516
0.508995
0.207860
1.422159
0.939101
0.348236
1.619340
0.646389
0.231828
1.154508
1.807309
1.602665
0.915173
0.085955
0.681161
-0.192420
0.766019
1.060212
-0.287651
-0.174631
-1.778120
-0.973449
0.110203
-0.878967
0.432086
1.238633
-0.639272
0.564267
-0.136049
-0.453116
1.825956
0.971918
-1.443939
0.801836
-0.747936
0.685725
-0.010511
0.782617
0.464832
2.465583
0.972782
0.467561
-0.489746
0.027951
0.100291
