1.679040
-0.262889
-0.507098
-0.251499
1.186028
0.677714
1.418870
1.306401
-1.370203
-1.874348
-2.437873
0.369754
-0.073357
-1.434538
0.438009
-0.056421
-0.338188
0.284841
2.142755
0.425732
0.442771
-0.334433
2.074164
0.386156
1.585264
-0.547007
-1.143679
1.619095
0.144789
0.748804
-0.613764
-0.291686
-0.511377
0.122960
-0.330884
-0.268633
0.101175
-1.813141
0.319334
1.199491
-0.589958
0.750647
-0.546017
0.722518
-0.302207
-1.711359
-0.832653
1.784706
0.411192
-0.463710
-0.592533
-2.361801
0.060558
-2.307863
-0.653302
0.443706
-0.069046
-0.561709
-0.766773
0.213275
-0.420464
-0.265611
-2.959977
-0.475296
-2.001470
1.412311
0.944425
-1.239983
2.444190
0.474221
1.556567
1.497993
1.330830
1.276425
0.719178
1.984028
0.760769
-0.610448
0.336574
1.156039
0.130125
-0.550875
0.827333
-0.832941
0.283726
-0.109894
1.165510
0.403999
-0.163946
1.245262
-0.000560
-0.267944
0.794321
1.270413
0.846454
0.118340
-0.576081
0.262104
-0.668016
0.505074
0.643257
-0.818073
-0.413455
-1.945018
-0.694055
0.370127
-0.854294
0.637122
1.179290
-0.984229
0.570166
-0.325452
-0.525715
1.867496
0.491755
-1.894916
0.930986
-0.976845
0.746479
-0.210978
0.676659
0.184706
2.202495
0.203598
-0.122826
-0.929303
-0.123617
-0.067986
