1.679040
0.576631
-0.008903
-0.078931
1.247076
1.359265
2.299307
2.739459
0.449540
-1.052138
-2.563501
-0.779901
-0.656213
-1.910881
-0.655077
-0.684236
-0.911470
-0.386014
1.709972
1.091568
1.082642
0.365515
2.463659
1.771095
2.869004
1.324076
0.128940
2.199911
1.582911
2.053052
0.929090
0.758807
0.353609
0.721951
0.368725
0.255257
0.518413
-1.306189
-0.078595
1.186039
0.065452
1.006305
0.114368
1.027667
0.391436
-1.251227
-1.233344
1.172144
0.892746
0.110685
-0.341471
-2.393844
-1.076293
-3.082399
-2.419463
-1.257096
-1.249016
-1.645744
-2.019025
-1.265078
-1.591163
-1.545407
-4.239145
-3.108871
-4.414261
-1.687544
-0.996707
-2.612408
0.439302
-0.118684
1.017540
1.619122
1.958583
2.265686
2.020367
3.302930
2.783264
1.365953
1.663743
2.509502
1.901175
1.023941
1.946578
0.640964
1.173285
0.915383
2.068410
1.850028
1.299710
2.468058
1.762301
1.272285
2.067644
2.878907
2.932942
2.368765
1.472657
1.844261
0.990426
1.734335
2.134356
0.911062
0.766985
-0.958077
-0.644324
0.318452
-0.521308
0.602714
1.612101
0.040373
0.968127
0.418547
0.008674
2.156716
1.785629
-0.554668
1.165247
-0.131534
1.043223
0.550479
1.279003
1.126271
3.148163
2.180319
1.637181
0.575092
0.808384
0.837794
