1.679040
-0.053009
-0.421902
-0.249747
1.171173
0.826697
1.592319
1.597493
-1.019645
-1.810949
-2.586346
0.015824
-0.215590
-1.541889
0.181643
-0.161464
-0.432800
0.166162
2.090569
0.641845
0.599723
-0.184671
2.129909
0.694624
1.820634
-0.183304
-0.970249
1.625024
0.394413
0.935398
-0.374563
-0.192727
-0.445817
0.133799
-0.277861
-0.256417
0.097382
-1.784136
0.123608
1.144167
-0.475122
0.739335
-0.447281
0.716801
-0.200759
-1.682765
-1.014527
1.591460
0.520401
-0.366174
-0.592387
-2.425504
-0.264176
-2.483242
-1.065435
0.104692
-0.251344
-0.725713
-0.974161
-0.040246
-0.579499
-0.455726
-3.143369
-0.992477
-2.395772
0.868771
0.739748
-1.328748
2.165924
0.566635
1.604128
1.683364
1.596418
1.584262
1.061024
2.289314
1.215587
-0.219225
0.537607
1.373405
0.448215
-0.306762
0.952212
-0.604820
0.352510
0.012857
1.258110
0.638138
0.051176
1.388360
0.281153
-0.067884
0.924925
1.493016
1.174509
0.457670
-0.310438
0.406247
-0.489168
0.577327
0.800589
-0.605443
-0.350459
-1.910780
-0.877462
0.213526
-0.884766
0.515033
1.195849
-0.829141
0.539811
-0.251906
-0.514089
1.824279
0.713972
-1.701127
0.829192
-0.885104
0.688618
-0.130817
0.705025
0.301425
2.305805
0.558147
0.125267
-0.759868
-0.096648
-0.023972
