1.679040
0.786511
0.181234
0.044124
1.330634
1.585491
2.617171
3.237293
1.116798
-0.553557
-2.321084
-0.868840
-0.725730
-1.987896
-0.908367
-0.889809
-1.115111
-0.625220
1.510236
1.168234
1.235338
0.580000
2.638490
2.199162
3.357448
2.008104
0.748003
2.660337
2.223684
2.713676
1.674763
1.422332
0.963891
1.254024
0.901942
0.739717
0.959840
-0.860250
0.136650
1.422945
0.452636
1.329730
0.526548
1.375511
0.823101
-0.854532
-1.055796
1.228687
1.164361
0.449888
-0.054587
-2.185321
-1.169253
-3.186883
-2.809252
-1.739938
-1.672126
-2.060596
-2.490506
-1.823896
-2.116856
-2.108855
-4.825659
-4.054620
-5.429706
-2.941476
-2.069819
-3.533809
-0.606113
-0.848595
0.383533
1.198856
1.747957
2.239403
2.165429
3.544680
3.271514
1.954750
2.169183
3.035857
2.558034
1.691038
2.530551
1.307928
1.727615
1.484853
2.613281
2.528502
2.027347
3.167695
2.604088
2.111314
2.860338
3.754711
3.960316
3.498853
2.609491
2.893013
2.049358
2.694723
3.137204
1.984224
1.730337
-0.065814
-0.011103
0.839208
0.033203
1.050761
2.132260
0.712661
1.526890
1.039023
0.589687
2.666711
2.521775
0.255245
1.738960
0.537235
1.591178
1.180236
1.884580
1.811960
3.858779
3.163794
2.658243
1.574765
1.679621
1.674413
