-0.447599  -0.468591  -0.977231  0.115589
0.119097  -0.179652  0.981507  0.153073
-0.449016  0.887443  0.972053  0.0674205
0.865177  0.766938  -0.904582  0.0677107
0.650543  -0.332237  -0.918244  0.164431
0.258921  0.411771  -0.884195  0.210364
0.965699  0.267704  0.955702  0.0561431
0.22607  -0.680921  0.722792  0.185095
-0.944716  0.342837  0.894121  0.0752179
-0.317586  0.924106  -0.899999  0.09141
-0.522911  -0.990062  0.975545  0.0368837
0.784316  -0.801611  0.865794  0.105804
-0.818579  0.404996  -0.87032  0.162443
0.282586  0.755697  -0.545666  0.199256
-0.760786  -0.470757  0.825128  0.189884
0.586623  0.136088  -0.307695  0.307838
0.954863  -0.957035  -0.886927  0.0266738
-0.81325  -0.999929  -0.923041  0.0278913
-0.158502  -0.84171  0.53139  0.202898
0.477338  0.731255  0.809511  0.238161
0.128405  -0.841039  -0.743166  0.234729
0.129189  0.426209  0.174203  0.407501
-0.553219  -0.2959  0.287481  0.366318
-0.322837  0.316518  0.68946  0.411763
0.681425  0.950025  -0.435345  0.101878
0.755778  -0.66554  -0.415336  0.238176
-0.900002  -0.504205  -0.622699  0.183519
-0.257584  -0.044014  -0.586826  0.493286
0.963183  0.134652  -0.601469  0.12998
0.69083  -0.0884841  0.557151  0.391024
0.182106  -0.43688  -0.0204827  0.487986
-0.822192  0.827084  0.491794  0.170258
0.858852  0.642174  0.136923  0.23396
-0.897234  0.134998  0.00775611  0.263984
-0.535893  0.693645  -0.285754  0.380818
-0.552999  -0.851057  -0.233014  0.271894
-0.00200143  0.96316  0.266956  0.172555
0.937854  0.998486  0.674101  0.0307028
-0.971502  -0.858832  0.406603  0.0812185
-0.982908  0.958597  -0.556594  0.0425638
0.995898  -0.589014  0.251071  0.105808
0.595292  -0.999374  0.134929  0.115889
