-0.447599  -0.468591  -0.977231  
0.119097  -0.179652  0.981507  
-0.449016  0.887443  0.972053  
0.865177  0.766938  -0.904582  
0.650543  -0.332237  -0.918244  
0.258921  0.411771  -0.884195  
0.965699  0.267704  0.955702  
0.22607  -0.680921  0.722792  
-0.944716  0.342837  0.894121  
-0.317586  0.924106  -0.899999  
-0.522911  -0.990062  0.975545  
0.784316  -0.801611  0.865794  
-0.818579  0.404996  -0.87032  
0.282586  0.755697  -0.545666  
-0.760786  -0.470757  0.825128  
0.586623  0.136088  -0.307695  
0.954863  -0.957035  -0.886927  
-0.81325  -0.999929  -0.923041  
-0.158502  -0.84171  0.53139  
0.477338  0.731255  0.809511  
0.128405  -0.841039  -0.743166  
0.129189  0.426209  0.174203  
-0.553219  -0.2959  0.287481  
-0.322837  0.316518  0.68946  
0.681425  0.950025  -0.435345  
0.755778  -0.66554  -0.415336  
-0.900002  -0.504205  -0.622699  
-0.257584  -0.044014  -0.586826  
0.963183  0.134652  -0.601469  
0.69083  -0.0884841  0.557151  
0.182106  -0.43688  -0.0204827  
-0.822192  0.827084  0.491794  
0.858852  0.642174  0.136923  
-0.897234  0.134998  0.00775611  
-0.535893  0.693645  -0.285754  
-0.552999  -0.851057  -0.233014  
-0.00200143  0.96316  0.266956  
0.937854  0.998486  0.674101  
-0.971502  -0.858832  0.406603  
-0.982908  0.958597  -0.556594  
0.995898  -0.589014  0.251071  
0.595292  -0.999374  0.134929  
