9.833 42.75 37.92 1
9.583 43.067 38.08 1
7.6 43.6 38.04 1
6.3 41.933 38.24 1
9.833 40.75 38.21 1
11.917 41.25 37.99 1
10.867 41.733 38.04 1
12.383 40.233 37.94 1
23.233 37.85 38.4 1
28.9667 30.9333 39.166 1
28.9667 30.9667 38.922 1
28.9667 31.0167 38.662 1
28.9667 31.0167 39.525 1
28.9667 31.0167 38.802 1
28.9667 31.0383 38.568 1
27.9167 31.15 39.095 1
27.9167 31.2 38.803 1
27.9167 31.2333 39.166 1
27.25 31.3917 39.074 1
27.25 31.4083 38.998 1
27.25 31.45 39.038 1
29.8167 31.2 39.024 1
29.7917 31.2167 38.936 1
29.7667 31.25 39.015 1
29.7333 31.2833 38.738 1
30.0833 31.3333 37.033 1
30.12 31.3 36.911 1
30.17 31.2717 37.634 1
30.2217 31.29 37.352 1
30.3167 31.3717 38.246 1
30.3333 31.4167 39.282 1
30.3383 31.4667 39.201 1
30.3233 31.3833 6.422 1
30.125 31.3667 38.232 1
30.1533 31.3333 37.886 1
30.185 31.3067 37.559 1
30.1733 31.4 37.974 1
30.205 31.3683 38.228 1
30.235 31.3342 38.657 1
30.235 31.4383 38.933 1
30.255 31.4083 39.317 1
30.285 31.3867 39.319 1
30.2667 31.47 38.6 1
30.3033 31.4417 39.185 1
30.044 31.185 36.31 1
30.0595 31.169 34.54 1
30.057 31.176 36.38 1
30.057 31.166 36.31 1
30.067 31.18 34.54 1
30.077 31.169 34.27 1
30.09 31.166 33.66 1
30.105 31.163 22.81 1
30.104 31.167 34.31 1
-3.9833 35.4667 36.31 1
-3.5333 35.6833 36.47 1
-3.5333 35.9333 36.44 1
-3.5 35.8667 36.47 1
-3.0167 35.5 36.62 1
-3.0167 35.6167 36.96 1
-3.0333 35.8833 36.98 1
-4.0333 35.9833 36.35 1
-4.0167 35.85 36.41 1
-4 35.7167 36.41 1
-4 35.6 36.09 1
-4.6833 35.8833 36.56 1
-4.6667 35.7667 36.55 1
-4.6667 35.6333 36.53 1
-4.65 35.5167 36.67 1
-5.1333 35.55 36.51 1
-5.15 35.6333 36.69 1
-5.15 35.7167 36.29 1
-5.1333 35.8 36.29 1
-5.1333 35.8833 36.64 1
-5.1333 35.9833 36.42 1
-5.4 35.9333 36.47 1
-5.3333 35.9167 36.49 1
-3.5167 36.1667 36.55 1
-3.5333 36.4167 36.83 1
-3.5167 36.2833 36.82 1
-3.5167 36.0667 36.49 1
-3.0333 36.7 37.07 1
-3.0333 36.5667 37.32 1
-3.0167 36.4167 36.69 1
-3.0333 36.3 36.64 1
-3.0333 36.1667 36.64 1
-3.0333 36.0333 36.71 1
-4.05 36.6833 36.98 1
-4.0333 36.5333 36.6 1
-4.0333 36.3833 36.45 1
-4.05 36.2667 36.68 1
-4.05 36.1167 36.68 1
-4.6833 36.4167 37.36 1
-4.6833 36.2667 36.39 1
-4.6833 36.1333 36.56 1
-4.6833 36 36.6 1
-5.1333 36.0833 36.56 1
-5.1667 36.2 36.73 1
-5.1167 36.2833 36.8 1
-5.1333 36.3333 37.18 1
-5.3833 36.0167 36.62 1
-5.35 36 36.62 1
-4.4083 36.625 37.05 1
-4.3917 36.5917 36.96 1
-4.4 36.55 37.05 1
-4.6533 36.4167 36.83 1
-4.7833 36.4533 36.89 1
-4.85 36.47 36.51 1
-4.8867 36.48 37.03 1
-4.9583 36.4267 36.55 1
-5.0083 36.375 36.96 1
-5.1 36.4 37 1
-5.1333 36.3917 37 1
-5.1667 36.4 37.07 1
-5.2183 36.3267 36.92 1
-5.1967 36.2667 36.49 1
-5.2267 36.2633 36.87 1
-2.9033 35.3617 36.67 1
-3.9333 36.3167 36.67 1
-3.55 36 36.73 1
-4.3333 36.6417 37.16 1
-5 35.45 36 1
-5.05 35.4917 36.09 1
-5.1083 35.5417 35.75 1
-5.1583 35.5933 36.22 1
-5.275 35.755 36.36 1
-5.2883 35.91 36.11 1
-5.2983 35.9233 36.17 1
-5.31 35.9267 36.08 1
-5.335 35.9267 36.26 1
-5.35 35.9267 36.56 1
-5.3667 35.9233 36.24 1
-5.3883 35.9167 36.6 1
-5.3967 35.9217 36.18 1
-5.4183 35.9167 36.09 1
-5 36.385 36.82 1
-5.0583 36.4 36.44 1
-5.1083 36.375 36.44 1
-5.205 35.6717 36.35 1
-5.24 35.705 36.33 1
-5.2967 35.765 36.33 1
-5.3033 35.785 36.24 1
-5.2733 36.1967 36.8 1
-5.2383 36.26 36.87 1
-5.3017 36.1783 36.76 1
-5.2783 36.19 36.73 1
-5.315 36.1017 36.22 1
-5.325 36.0967 36.53 1
-5.4017 36.0583 36.8 1
-5.4183 36.0467 36.8 1
-5.4317 36.0417 36.45 1
0.35 39.9167 38.03 1
0.35 39.9167 38.07 1
-4.7333 36.4667 36.93 1
-4.7333 36.425 37 1
-4.7333 36.35 36.89 1
-4.4167 36.7 36.92 1
-4.35 36.6417 36.92 1
-4.3 36.5833 36.94 1
-4.0667 36.7333 37.03 1
-4.0667 36.6792 36.99 1
-4.0667 36.6333 36.97 1
-4.7392 36.47 36.79 1
-4.7417 36.4238 36.71 1
-4.7422 36.3517 36.7 1
-4.4058 36.696 37.4 1
-4.3537 36.6387 37.4 1
-4.3103 36.5933 37.26 1
-4.0665 36.7353 37.3 1
-4.0642 36.6875 37.31 1
-4.065 36.638 37.12 1
2.4272 39.4765 37.658 1
2.4272 39.4022 37.54 1
2.4292 39.3422 37.489 1
-4.58 36.7 36.85 1
-4.4167 36.7 35.77 1
-4.4167 36.7 36.51 1
-4.4167 36.7 36.67 1
2.635 39.5533 37.66 1
2.6333 39.4783 37.89 1
2.6167 39.4333 37.428 1
2.6317 39.55 37.53 1
2.6083 39.54 37.62 1
2.6317 39.55 37.01 1
2.6083 39.54 37.19 1
2.645 39.5083 37.2 1
-6.815 37.0883 34.891 1
-6.91 37.1667 31.164 1
-6.94 37.205 27.689 1
-6.96 37.2233 27.012 1
2.6317 39.55 37.191 1
2.6083 39.54 37.295 1
2.645 39.5083 37.293 1
2.6317 39.5667 36.586 1
2.635 39.57 37.03 1
2.6317 39.55 36.6 1
2.6083 39.54 37.4 1
2.645 39.5083 37.4 1
-0.71383 37.75 36.66 1
-0.69167 37.75 36.66 1
-0.675 37.75 36.65 1
-0.71383 37.75 37.18 1
-0.69167 37.75 37.14 1
-0.675 37.75 37.1 1
-4.7417 36.47 37.18 1
-4.7417 36.4233 37.1 1
-4.7417 36.3517 36.99 1
-4.4057 36.6905 37.29 1
-4.3537 36.6383 37.05 1
-4.3097 36.5927 37.61 1
6.053 40.337 37.774 1
6.045 41.658 38.15 1
6.073 40.927 37.802 1
6.017 40.05 37.651 1
5.98 40.625 37.781 1
6.028 41.317 38.059 1
6.028 41.47 38.08 1
5.855 41.998 38.259 1
6.027 41.838 38.156 1
5.95 42.833 37.937 1
5.225 42.048 38.439 1
5.18 42.233 38.386 1
6.027 42.193 38.231 1
5.997 42.367 38.281 1
4.733 42.1 38.431 1
-9 36.242 36.5 1
24.3 40.735 37.166 1
23.967 40.617 36.609 1
24.358 40.408 36.39 1
23.925 40.437 36.919 1
24.372 40.825 35.78 1
24.2 40.542 37.238 1
23.787 40.733 35.628 1
24.092 40.375 36.957 1
24.55 40.868 34.746 1
3.583 42.333 38.011 1
3.433 42.467 38.014 1
3.283 42.583 37.314 1
3.117 42.683 36.746 1
3.1 42.933 36.714 1
12 38.1 37.636 1
11.833 38.05 37.406 1
11.667 38.017 37.386 1
11.483 38.033 37.471 1
11.333 38.017 37.462 1
11.167 37.983 37.254 1
11.683 37.517 37.394 1
11.55 37.45 37.543 1
11.417 37.35 37.245 1
11.317 37.267 36.855 1
11.183 37.183 36.931 1
11.417 36.467 36.901 1
11.5 36.55 36.915 1
11.583 36.633 36.949 1
11.667 36.783 37.208 1
11.767 36.883 37.186 1
11.883 36.983 37.152 1
11.983 37.083 37.067 1
15.567 32.667 38.058 1
15.567 33.083 38.247 1
15.583 33.367 38.236 1
15.617 33.783 38.192 1
15.6 34.2 38.023 1
15.567 34.6 38.112 1
15.583 35.017 38.078 1
15.55 35.433 38.059 1
15.55 35.85 38.007 1
15.567 36.233 38.036 1
15.617 36.467 38.315 1
6.983 43.2 38.332 1
6.983 43.3 38.107 1
7.25 43.55 37.91 1
7.35 43.4 38.071 1
7.5 43.267 38.242 1
7.633 43.1 38.241 1
7.633 43.133 38.259 1
7.483 43.083 38.263 1
7.75 43 38.15 1
7.95 43.1 38.429 1
7.817 43.233 38.276 1
7.683 43.367 38.353 1
7.433 43.65 37.929 1
7.35 43.383 38.147 1
3.683 43.35 37.68 1
3.683 43.233 37.79 1
3.683 43.05 37.72 1
3.683 42.75 38.15 1
3.367 42.317 37.92 1
3.183 42.517 38.01 1
3.367 42.517 37.86 1
3.1 42.75 37.9 1
3.367 42.75 38.06 1
3.5 42.933 37.81 1
3.267 42.933 37.88 1
3.1 42.917 37.05 1
3.383 43.083 37.79 1
3.317 43.183 37.45 1
4.583 43.317 33.42 1
4.9 43.317 36.24 1
5.35 43.183 38.04 1
5.35 43.083 37.9 1
4.9 42.95 38.13 1
-1 36.667 38.057 1
-0.85 36.25 37.513 1
-0.783 35.967 36.605 1
-0.8 35.817 36.599 1
1.333 36.617 36.639 1
1.317 36.683 36.677 1
1.367 37 36.945 1
1.367 37.5 36.917 1
1.383 38 37.255 1
1.433 38.367 37.338 1
1.4 38.517 37.515 1
0.283 38.767 37.842 1
0.517 38.8 38.008 1
0.817 38.85 37.986 1
1.117 38.867 37.751 1
1.683 39.05 37.873 1
1.783 39.117 37.556 1
2 39.267 37.488 1
2.283 39.433 37.375 1
2.333 39.483 37.495 1
3.767 39.9 37.253 1
3.65 39.817 37.228 1
3.5 39.767 37.397 1
-0.933 37.433 37.967 1
-0.95 37.317 37.975 1
-1 37.05 37.169 1
6 43 37.967 1
6 42.9 37.958 1
6 42.833 37.949 1
6 42.733 37.941 1
6 42.667 38.064 1
6 42.5 38.204 1
6 42.333 38.24 1
5.983 43 37.999 1
5.983 42.9 38.026 1
6 42.833 38.3 1
6 42.75 38.312 1
5.983 42.667 38.329 1
6 42.5 38.421 1
6 42.167 38.33 1
7.417 43.25 38.237 1
6 42.983 38.068 1
6 42.917 38.097 1
6 42.833 38.131 1
6 42.75 38.163 1
6 42.667 38.409 1
6 42.5 38.42 1
6 42.333 38.439 1
5.967 42.917 37.81 1
5.967 42.917 37.82 1
6.367 42.95 37.54 1
6.167 42.933 37.775 1
5.983 42.8 37.36 1
5.85 42.817 37.845 1
5.7 42.833 37.815 1
5.55 42.983 37.76 1
5.4 43.05 37.84 1
5.217 43.117 37.97 1
5.067 43.017 37.78 1
4.983 42.933 37.79 1
4.967 42.75 37.84 1
5.7 42.967 37.75 1
5.783 42.95 37.71 1
5.883 42.933 37.75 1
5.567 42.85 37.815 1
5.4 42.867 37.795 1
5.45 42.7 37.94 1
5.633 42.633 37.99 1
5.967 42.917 37.65 1
5.967 42.917 37.68 1
5.967 42.633 38.03 1
5.983 42.467 37.995 1
5.767 42.467 38.08 1
5.533 42.45 38.05 1
5.233 42.45 38.06 1
5.033 42.533 37.94 1
5.333 42.583 38.01 1
5.2 42.733 38.04 1
5.217 42.95 37.68 1
5.967 42.917 37.77 1
5.983 42.95 37.695 1
5.983 43.05 37.75 1
6 43.033 37.72 1
5.983 43.033 37.73 1
5.967 42.917 37.83 1
6 43 37.705 1
5.95 43.033 37.74 1
5.833 42.65 38.135 1
6.183 42.483 38.105 1
6.183 42.65 38.035 1
6.383 42.817 38.05 1
6.183 42.8 37.65 1
5.967 42.917 37.66 1
6.567 42.867 37.68 1
5.967 42.85 37.91 1
5.45 42.433 38.085 1
5.567 42.117 38.085 1
5.867 41.783 38.125 1
6.15 41.483 37.945 1
6.4 41.2 37.725 1
8.35 42.567 37.885 1
8.183 42.717 37.91 1
8.017 42.883 37.88 1
7.733 43.167 37.88 1
7.583 43.333 37.95 1
7.483 43.467 37.935 1
7.35 43.617 37.71 1
5.03 39.28 37.61 1
4.567 39.833 37.87 1
5.017 39.833 37.81 1
5.813 39.833 37.66 1
6.475 39.833 37.54 1
7.333 39.833 37.83 1
8.05 39.803 37.94 1
7.25 39.283 37.12 1
5.033 38.575 37.57 1
6.633 38.95 37.04 1
5.827 38.462 37.19 1
4.983 37.967 37.07 1
4.333 37.587 36.99 1
3.642 37.183 36.93 1
3.017 36.857 36.67 1
7.31 43.67 37.97 1
7.31 43.67 37.94 1
7.283 43.65 37.79 1
7.283 43.65 37.84 1
7.283 43.65 37.98 1
7.31 43.67 38.03 1
7.31 43.67 37.79 1
7.31 43.67 37.74 1
7.31 43.67 38 1
5.95 42.8 38.003 1
5.95 42.7 38.041 1
6.017 42.5 38.195 1
5.133 42.867 37.982 1
5.117 42.95 38.021 1
5.183 43.067 38.014 1
5.217 42.667 37.994 1
5.233 42.483 38.187 1
5.3 42.3 38.252 1
5.183 42.167 38.353 1
5.2 41.817 38.311 1
5.083 41.467 38.126 1
6.733 42.65 38.033 1
7 42.5 38.059 1
7.267 42.333 38.043 1
6.917 42.8 37.983 1
7.45 42.517 38.06 1
7.167 42.65 38.128 1
8.833 37.633 36.91 1
8.95 37.433 37.01 1
9.05 37.367 37.27 1
9.5 37.3 36.92 1
3.5502 42.4167 38.18 1
3.4502 42.4333 38.16 1
3.3502 42.45 38.13 1
3.3 42.4667 38.14 1
3.2167 42.4833 38.15 1
3.1672 42.4833 38.08 1
7.4 43.617 37.18 1
7.55 43.483 37.77 1
7.717 43.367 37.93 1
7.867 43.25 37.94 1
8.017 43.133 37.97 1
8.167 43.017 38.04 1
8.333 42.883 37.93 1
8.483 42.767 37.88 1
8.633 42.65 37.8 1
7.4 43.617 38.1 1
7.55 43.483 38.1 1
7.717 43.367 38.16 1
7.867 43.25 38.14 1
8.017 43.133 38.2 1
8.167 43.017 38.11 1
8.333 42.883 38.23 1
8.483 42.767 38.07 1
8.633 42.65 37.94 1
7.4 43.617 37.9 1
7.55 43.483 37.87 1
7.717 43.367 37.9 1
7.867 43.25 37.89 1
8.017 43.133 38.03 1
8.167 43.017 38.02 1
8.333 42.883 37.94 1
8.483 42.767 37.89 1
8.633 42.65 37.89 1
7.4 43.617 37.97 1
7.55 43.483 37.96 1
7.717 43.367 38.06 1
7.867 43.25 38.09 1
8.017 43.133 38.09 1
8.167 43.017 37.99 1
8.333 42.883 37.9 1
8.483 42.767 37.89 1
8.633 42.65 37.9 1
7.3167 43.6862 38.03 1
7.3167 43.6862 38.03 1
7.3167 43.6862 38.04 1
7.3167 43.6862 38.04 1
7.3167 43.6862 37.9 1
7.3167 43.6862 37.24 1
7.3167 43.6862 37.72 1
7.3167 43.6862 37.48 1
7.3167 43.6862 37.84 1
7.3167 43.6862 37.88 1
7.3167 43.6862 37.86 1
7.3167 43.6862 37.85 1
7.3167 43.6862 37.92 1
7.3167 43.6862 37.97 1
7.3167 43.6862 37.95 1
7.3167 43.6862 38.03 1
7.3167 43.6862 38.01 1
7.3167 43.6862 37.79 1
7.3167 43.6862 37.76 1
7.3167 43.6862 37.82 1
7.3167 43.6862 38 1
7.3167 43.6862 37.94 1
7.3167 43.6862 37.99 1
7.3167 43.6862 37.98 1
7.3167 43.6862 37.83 1
7.3167 43.6862 37.94 1
7.3167 43.6862 38.01 1
7.3167 43.6862 38.06 1
7.3167 43.6862 37.95 1
7.3167 43.6862 37.85 1
7.3167 43.6862 37.62 1
7.3167 43.6862 37.84 1
7.3167 43.6862 37.89 1
7.3167 43.6862 37.76 1
7.3167 43.6862 37.58 1
7.3167 43.6862 37.65 1
7.3167 43.6862 38.04 1
7.3167 43.6862 38.04 1
7.3167 43.6862 38.04 1
7.3167 43.6862 37.98 1
7.3167 43.6862 38.05 1
7.3167 43.6862 37.95 1
7.3167 43.6862 37.94 1
7.3167 43.6862 37.9 1
7.3167 43.6862 37.71 1
7.3167 43.6862 37.82 1
7.3167 43.6862 37.98 1
7.3167 43.6862 37.97 1
7.3167 43.6862 37.96 1
7.3167 43.6862 37.89 1
7.3167 43.6862 38.02 1
7.3167 43.6862 38.05 1
7.3167 43.6862 37.05 1
7.3167 43.6862 37.87 1
7.3167 43.6862 38.02 1
7.3167 43.6862 38.04 1
7.3167 43.6862 38.04 1
7.3167 43.6862 37.5 1
7.3167 43.6862 37.78 1
7.3167 43.6862 37.6 1
7.3167 43.6862 37.58 1
7.3167 43.6862 37.6 1
7.3167 43.6862 37.78 1
7.3167 43.6862 38 1
7.3167 43.6862 36.03 1
7.3167 43.6862 37.74 1
7.3167 43.6862 37.98 1
7.3167 43.6862 38.09 1
7.3167 43.6862 38.21 1
7.3167 43.6862 38.19 1
7.3167 43.6862 38.1 1
7.3167 43.6862 38.12 1
7.3167 43.6862 38.13 1
7.3167 43.6862 38.01 1
7.3167 43.6862 37.97 1
7.3167 43.6862 38.23 1
7.3167 43.6862 38.17 1
7.3167 43.6862 38.18 1
7.3167 43.6862 38.12 1
4.8417 43.3073 23 1
4.8838 43.2423 38.5 1
23.5783 37.9283 38.06 1
23.605 37.9433 37.79 1
23.8117 37.6817 38.15 1
23.6833 37.6617 38.12 1
23.56 37.6517 38.11 1
23.73 37.785 38.14 1
23.6717 37.79 38.23 1
23.5767 37.7933 38.25 1
23.4 37.7883 38.25 1
23.3967 37.8267 38.26 1
23.4033 37.875 38.24 1
23.4717 37.87 38.23 1
23.5583 37.8733 38.28 1
23.6633 37.87 38.24 1
23.5417 37.8867 38.29 1
23.57 37.9217 38.27 1
23.6183 37.9083 38.26 1
23.6183 37.93 38.2 1
23.585 37.9283 38.25 1
23.61 37.9433 38.17 1
23.6033 37.9483 37.94 1
23.6017 37.9533 38.21 1
23.585 37.955 38.18 1
23.5817 37.9533 38.1 1
23.5767 38.015 38.12 1
23.5133 38.0117 38.12 1
23.4633 38.0033 38.12 1
23.4233 37.99 38.08 1
23.5483 37.9633 38.12 1
23.4017 37.945 38.17 1
23.195 37.8783 38.13 1
23.2267 37.66 38.14 1
23.205 37.7633 38.2 1
34.847 32.763 38.936 1
34.825 32.333 38.832 1
34.767 32.333 38.916 1
34.65 32.333 38.92 1
34.592 31.917 38.92 1
34.49 31.917 38.928 1
34.283 31.673 38.952 1
34.417 31.673 38.94 1
34.533 31.673 38.968 1
34.683 31.917 38.828 1
34.847 32.763 38.954 1
34.997 33.008 38.992 1
34.923 33.008 38.944 1
34.917 32.692 38.73 1
34.867 32.692 38.82 1
34.83 32.692 39 1
34.817 32.692 39 1
34.283 31.673 38.78 1
34.65 32.333 38.8 1
34.733 32.333 38.64 1
34.825 32.333 38.71 1
34.567 32.067 38.55 1
34.642 32.067 38.6 1
34.742 32.067 38.8 1
34.683 31.917 38.84 1
34.567 31.917 38.89 1
34.49 31.917 38.55 1
34.395 31.817 38.84 1
34.483 31.817 38.89 1
34.533 31.673 38.84 1
34.383 31.673 38.78 1
34.808 32.5 38.8 1
34.875 32.5 38.84 1
34.875 32.692 38.87 1
34.817 32.692 39.07 1
34.983 32.873 38.93 1
35 32.853 38.77 1
35.017 32.89 38.93 1
34.94 32.875 38.87 1
34.917 32.692 38.77 1
34.907 32.89 38.93 1
35 32.853 38.66 1
34.92 32.967 38.93 1
35.007 32.922 38.84 1
35.035 32.893 39.02 1
34.902 32.92 39.02 1
34.49 31.917 38.93 1
34.567 31.917 38.75 1
34.65 32.333 38.93 1
34.733 32.333 38.78 1
34.825 32.333 38.1 1
34.683 31.917 38.1 1
34.533 31.673 38.1 1
34.383 31.673 38.93 1
34.283 31.673 39.02 1
34.817 32.692 38.96 1
34.867 32.692 38.78 1
34.917 32.692 38.37 1
34.65 32.333 38.77 1
34.417 31.673 38.86 1
34.817 32.692 38.8 1
34.49 31.917 38.86 1
34.767 32.333 39.16 1
34.592 31.917 38.89 1
34.283 31.673 38.71 1
34.683 31.917 38.77 1
34.825 32.333 38.95 1
34.875 32.692 38.86 1
34.923 33.008 39.02 1
34.997 33.008 38.95 1
35.06 33.008 39.07 1
34.65 32.333 38.77 1
34.848 32.763 38.42 1
34.895 32.76 38.58 1
34.933 32.758 37.94 1
34.283 31.673 38.8 1
34.417 31.673 38.86 1
34.533 31.673 37.63 1
34.592 31.917 38.58 1
34.767 32.333 38.03 1
34.838 32.763 38.86 1
34.847 32.763 38.68 1
34.888 32.76 38.64 1
35.06 33.008 38.22 1
34.997 33.008 38.77 1
34.923 33.008 39.2 1
34.847 32.763 39.02 1
34.9 32.758 39.02 1
34.933 32.758 38.95 1
34.842 32.763 39.07 1
34.467 34 38.82 1
34.167 34.833 39.012 1
33.517 34.667 38.84 1
33.15 34.35 39.024 1
34.467 33.267 38.907 1
33.9 33.733 39.053 1
35.06 33.008 38.554 1
34.997 33.008 38.833 1
34.923 33.008 38.859 1
34.75 32.867 39.22 1
33.75 32.5 39.168 1
32.417 32.333 39.089 1
31.25 32.45 39.039 1
30.167 32.667 38.998 1
30.133 33.583 39.03 1
30.133 34.583 39.06 1
29.333 35.25 39.017 1
28.583 35.917 39.022 1
28.5 36.5 39.056 1
27.3 36.267 39.026 1
26.417 36.183 39.016 1
25.4 36.133 38.821 1
24.55 36.167 38.734 1
9.783 39.717 38.122 1
9.983 39.617 38.16 1
13.5 40 37.85 1
11.133 39.883 38.12 1
11.65 39.95 38.15 1
10.15 39.367 38.085 1
10.267 39.683 38.27 1
13.083 40.033 38.06 1
12.1 40.033 38.115 1
10.567 39.75 38.065 1
12.683 40.033 38.07 1
13.833 39.967 37.88 1
10 39.183 38.07 1
9.9 40.4 38.07 1
9.783 41.167 38.08 1
9.95 40.4 38.13 1
9.683 42.267 37.98 1
9.5 41.767 38.04 1
13.783 40.7 37.79 1
13.667 40.683 37.76 1
13.167 40.65 37.9 1
11.433 40.5 38.19 1
12.25 40.567 38.04 1
10.033 41.183 38.27 1
12.5 41.433 37.92 1
12.2 41.417 37.87 1
10.65 41.25 38.31 1
11.65 42 37.93 1
11.217 41.967 38.06 1
9.85 41.167 38.06 1
9.883 42.283 37.99 1
9.75 41.817 38.13 1
13.483 40.683 37.76 1
12.667 40.6 37.99 1
10.4 40.417 38.15 1
10.85 40.467 38.13 1
11.833 40.517 38.12 1
10.05 40.4 38.15 1
10.233 41.217 38.37 1
12.367 41.433 37.93 1
11.85 41.367 37.84 1
11.033 41.283 38.04 1
11.433 41.333 38.03 1
11.55 42 37.94 1
10.733 41.917 38.1 1
10.033 41.833 38.34 1
10.317 41.867 38.11 1
11.017 41.933 38.12 1
14.333 39.133 37.81 1
13.633 39.133 37.888 1
13.167 38.867 37.896 1
15.583 39.133 37.752 1
15 39.167 37.714 1
15 38.95 37.68 1
15 38.767 37.592 1
14.35 38.833 37.91 1
14 39.133 37.888 1
12.5 38.9 37.95 1
12.5 38.65 37.24 1
10.733 39.1 37.91 1
11.267 39.1 37.8 1
11.85 39.1 37.79 1
12.5 39.1 37.97 1
13.017 39.1 37.99 1
10.433 39.1 38.01 1
10.033 39.1 38.07 1
13 38.467 36.81 1
13.167 38.283 37.29 1
14.5 38.133 37.4 1
14.35 38.333 37.63 1
12.5 38.15 37.32 1
12.5 38.217 37.32 1
12.5 38.417 37.24 1
15 38.283 37.486 1
17.683 42.867 33.66 1
9.833 39.233 38.12 1
9.7 39.017 38.105 1
9.917 39.05 38.06 1
9.583 39.067 38.155 1
9.633 39.033 38.145 1
12.5 38.15 37.32 1
12.5 38.217 37.32 1
12.5 38.417 37.24 1
10 39.183 38.06 1
9.85 39.133 38.1 1
9.683 39.1 38.09 1
8.655 44 38.4 1
8.43 44 38.4 1
8.45 44.1533 38.2 1
8.655 44.1667 38.6 1
8.8833 44.1667 38.2 1
8.43 43.8333 38.3 1
8.8333 43.8333 38.2 1
9.115 43.5833 38.3 1
9.1133 43.6667 38.3 1
9.3417 43.5 38.3 1
9.3417 43.6667 38.3 1
9.23 43.9167 38 1
9.23 43.25 38.4 1
9.69 43.5833 38.5 1
12.85 45.267 37.83 1
12.433 45.333 36.47 1
12.766 45.5 36.92 1
13.233 45.5 37.94 1
12.433 45.333 37.84 1
13 45.166 38.08 1
12.433 45.166 36.45 1
12.533 44.833 33.03 1
13.233 44.833 37.68 1
13.466 44.833 37.79 1
13.233 44.666 37.81 1
12.3 44.666 31.53 1
12.533 44.5 37.59 1
13.466 44.333 38.77 1
16.35 43.5 34.88 1
16.333 43.5 35.53 1
16.367 43.517 36.18 1
16.333 43.5 34.92 1
16.367 43.517 33.77 1
15.917 43.583 36.94 1
17.34 43.1 25.18 1
16.233 43.51 34.31 1
16.697 43.44 35.54 1
16.442 43.5 34.35 1
17.417 43.017 35.97 1
17.695 42.863 37.31 1
17.87 42.767 37.62 1
15.423 43.937 37.97 1
15.25 44.093 37.63 1
15.083 44.275 38.1 1
15.65 43.817 37.3 1
18.07 42.672 36.94 1
18.212 42.587 37.81 1
16.333 43.2 38.23 1
16.033 43.017 38.32 1
14.633 43.867 38.57 1
14.85 44.1 38.34 1
16.317 43.517 36.51 1
17.987 40.647 37.08 1
17.983 40.647 37.38 1
17.987 40.645 36.98 1
17.983 40.645 37.14 1
17.98 40.645 37.61 1
17.985 40.652 37.58 1
17.982 40.648 37.52 1
17.99 40.65 37.59 1
17.978 40.648 37.55 1
17.978 40.65 37.58 1
17.977 40.647 37.64 1
17.977 40.65 37.59 1
17.975 40.648 37.41 1
17.975 40.647 37.52 1
17.975 40.645 37.39 1
17.975 40.66 37.64 1
17.975 40.657 37.56 1
17.973 40.653 37.7 1
17.972 40.648 37.4 1
17.972 40.647 37.16 1
17.978 40.653 37.59 1
17.98 40.657 37.52 1
17.982 40.658 37.59 1
17.982 40.647 37.65 1
17.972 40.645 37.34 1
17.987 40.658 37.59 1
17.987 40.655 37.56 1
17.99 40.653 37.56 1
17.945 40.688 37.16 1
18 40.663 37.21 1
17.962 40.698 36.97 1
16.35 43.5 16.62 1
16.317 43.517 34.95 1
16.333 43.5 34.54 1
18.033 40.685 37.07 1
18.063 40.705 37.13 1
18.033 40.633 37.06 1
18.062 40.608 37.05 1
18.103 40.562 37.11 1
18.06 40.568 36.99 1
18.067 40.563 37.04 1
18.06 40.76 37.49 1
18.065 40.573 36.96 1
18.045 40.56 37 1
18.025 40.74 37.22 1
18.07 40.59 36.88 1
18.058 40.583 36.96 1
18.063 40.548 37.09 1
18.073 40.542 37.11 1
17.995 40.72 37.05 1
18.098 40.727 37.18 1
18.133 40.75 37.78 1
18.5 40.5 37.15 1
18.093 40.783 37.48 1
18.043 40.583 36.95 1
18.053 40.573 37.04 1
18.047 40.57 36.98 1
18.087 40.552 37.09 1
18.043 40.575 36.96 1
18.042 40.567 36.93 1
18.053 40.565 37 1
18.093 40.58 37.09 1
18.108 40.533 37.32 1
18.132 40.547 37.06 1
18.15 40.495 37.02 1
18.173 40.51 36.91 1
18.195 40.587 37.24 1
18.207 40.532 37.16 1
18.193 40.643 37.25 1
18.157 40.62 37.11 1
18.128 40.602 37.13 1
18.237 40.55 37.28 1
18.097 40.675 37.38 1
18.312 40.538 37.14 1
18.277 40.517 37.25 1
18.267 40.632 37.28 1
18.273 40.573 37.24 1
18.23 40.61 37.09 1
18.307 40.595 37.27 1
18.347 40.562 37.09 1
18.245 40.497 37.25 1
18.212 40.475 36.91 1
18.347 40.508 37.21 1
18.098 40.63 37.31 1
18.127 40.648 37.39 1
18.163 40.67 37.68 1
18.197 40.693 38.02 1
18.167 40.718 37.93 1
18.165 40.568 37.3 1
18.38 40.532 37.11 1
18.133 40.697 37.66 1
18.067 40.657 37.18 1
12.55 45.184 38.03 1
12.751 45.233 37.51 1
12.95 45.283 36.79 1
13.1 45.316 37.4 1
13.167 44.867 38.23 1
13 44.767 38.19 1
12.783 44.683 36.29 1
12.6 44.616 36.4 1
12.433 44.518 34.63 1
12.633 44.101 36.01 1
12.767 44.217 38.22 1
12.901 44.267 38.48 1
13.083 44.366 38.51 1
13.283 44.451 38.53 1
13.433 44.55 38.02 1
13.6 44.667 38.15 1
14.051 44.301 38.57 1
13.868 44.234 38.52 1
13.684 44.166 38.41 1
13.516 44.083 38.47 1
13.366 44.017 38.49 1
13.25 43.95 38.37 1
13.134 43.867 36.83 1
13.6 43.666 35.8 1
13.683 43.718 38.45 1
13.85 43.833 37.76 1
14.016 43.933 38.37 1
14.167 44.018 38.49 1
14.316 44.033 38.49 1
14.734 43.884 38.43 1
14.567 43.784 38.5 1
14.4 43.7 38.57 1
14.267 43.6 38.59 1
14.117 43.516 38.47 1
13.966 43.4 38.37 1
13.883 43.333 36.63 1
14.251 42.933 37.93 1
14.416 43.033 38.46 1
14.583 43.134 38.54 1
14.75 43.218 38.41 1
14.9 43.317 38.52 1
13.516 43.634 34.97 1
13.55 43.666 35.13 1
13.667 43.75 38.13 1
13.867 43.033 35.13 1
13.918 43.05 34.92 1
14.35 42.6 38.46 1
14.833 42.517 35.52 1
14.2 42.5 35.67 1
14.967 42.666 38.5 1
14.784 42.834 38.38 1
14.65 42.884 38.41 1
14.618 42.901 38.39 1
14.417 43.051 38.41 1
13.55 43.666 34.94 1
35.5 34.2 39.28 1
35.5 34.2 39.35 1
35.5 34.1 39.32 1
35.5 34 39.39 1
35.5 34 39.39 1
35.5 34.1 39.39 1
35.5 34.2 39.35 1
35.5 34.1 39.39 1
35.5 34 39.39 1
35.5 34.1 39.39 1
35.5333 34.4167 39.35 1
35.5 34.2 39.39 1
-7.6833 37.0175 36.265 1
-7.384 37.0837 36.212 1
-7.3838 36.867 36.326 1
-7.384 36.717 36.532 1
-7.384 36.2337 36.533 1
-8.0002 36.2333 36.717 1
-7.9835 36.751 36.697 1
-7.9668 36.8508 36.576 1
-8.2838 36.8667 36.245 1
-8.2835 37.018 36.6 1
-8.6002 37.0673 36.526 1
-8.5835 36.9848 36.511 1
-8.584 36.7347 36.453 1
-8.6175 36.2342 36.434 1
4.0333 41.1667 38.291 1
4.05 41.5033 38.338 1
3.9367 41.8533 38.3 1
3.9917 42.1633 38.367 1
26.0833 40 32.2 1
26.05 40.3083 37.88 1
25.6167 40.2667 36.32 1
26.15 40.2833 37.72 1
24.3833 39.75 38.68 1
24.8833 39.1667 39.07 1
24.9 38.7542 39.04 1
25.2833 38.675 39.06 1
25.7167 38.3833 39.11 1
25.7833 37.9238 39.25 1
26.2 37.9333 39.21 1
26.4333 37.8167 39.2 1
25.7333 37.45 39.26 1
25.45 37.3333 39.12 1
24.8333 37.1167 38.91 1
24.5083 36.4292 38.89 1
24.15 36.0833 38.91 1
25.25 36.0833 39.17 1
26 35.7833 38.96 1
27.0083 35.9767 39.06 1
27.35 36.1032 39.07 1
28 36.45 39.18 1
27.5 36.5333 39.21 1
26.45 36.8333 39 1
26.3833 37.2667 39.2 1
26.2 38.2 39.15 1
26.2475 38.4667 39.18 1
26.1833 38.7125 39.14 1
26.575 38.75 39.13 1
25.5833 39.2 39.14 1
25.7417 39.7667 39.06 1
30.8 42.25 18.57 1
30.8333 43 18.72 1
30.8667 43.75 18.48 1
32.0333 43.75 18.61 1
32 43 18.67 1
32 42.25 18.52 1
33.1667 42.25 18.34 1
33.1667 43 18.54 1
33.2 43.75 18.55 1
34.25 43 18.58 1
34.25 42.2667 18.39 1
35.5 42.5 18.34 1
35.5 43 18.59 1
35.5 43.75 18.63 1
36.65 43.6833 18.62 1
36.6667 43 18.6 1
36.6667 42.25 18.54 1
36.6667 41.5 18.38 1
37.8333 42.25 18.5 1
37.8333 43 18.58 1
37.8333 43.75 18.43 1
38.4167 43.5 18.48 1
39 43 18.42 1
40 42.75 18.42 1
40 42.75 18.41 1
40.8333 42 18.55 1
40.8333 41.4167 18.41 1
40.4167 41.1667 18.36 1
40 41.5 18.35 1
39 41.5 18.4 1
38.4167 41.1667 18.36 1
37.8333 41.5 18.48 1
37.3333 41.3333 18.4 1
33.75 42.25 18.28 1
32.4167 42 18.34 1
31.3667 41.4667 18.34 1
30.25 41.3667 18.33 1
30.2208 41.2283 16.96 1
30.2208 41.2283 16.96 1
30.2208 41.2283 16.78 1
30.9653 41.1083 17.02 1
30.9653 41.1083 17.34 1
30.9653 41.1083 17.45 1
30.9653 41.1083 17.35 1
31.3725 41.26 17.78 1
31.3725 41.26 17.39 1
31.3725 41.26 17.24 1
31.3833 41.2875 17.42 1
31.3833 41.2875 17.58 1
31.3833 41.2875 16.82 1
31.3833 41.2875 17.14 1
32.185 41.6767 17.07 1
32.185 41.6767 16.71 1
32.185 41.6767 17.07 1
32.2042 41.6767 17.11 1
32.2042 41.6767 17.29 1
32.2042 41.6767 17.02 1
32.2042 41.6767 16.77 1
28.9667 40.95 28.41 1
28.7333 40.8 28.73 1
27.8333 40.775 28.46 1
27.45 40.6667 28.78 1
27.25 40.5583 29.27 1
29.12 41.3033 18.095 1
29.1367 41.3133 17.898 1
29.0792 41.2925 18.002 1
29.1067 41.3367 18.065 1
29.175 41.3433 17.948 1
29.085 41.3667 18.093 1
29.0342 41.3073 18.094 1
28.9242 41.3192 17.992 1
28.9808 41.3692 18.011 1
29.04 41.43 17.979 1
29.115 41.4717 18.008 1
29.4617 41.345 17.852 1
29.5445 41.31 17.906 1
29.6633 41.3717 17.926 1
29.15 41.5483 18.03 1
29.1833 41.6167 18.07 1
29.3167 41.5867 17.878 1
29.4333 41.5322 17.98 1
29.55 41.4967 18.025 1
29.6362 41.4662 18.056 1
14.0333 36.6167 37.79 1
17 36.3167 38.544 1
19.9167 36.2 38.612 1
22.2833 36.1333 38.88 1
4.8333 37.4 36.674 1
8.0333 37.7167 37.217 1
1.9167 37.05 36.551 1
-7.5167 36 36.305 1
-1.0333 37.65 36.666 1
0.9 39.1 37.862 1
-1.15 37.0333 37.547 1
-4.3167 36.1833 36.477 1
-6.9333 35.1 36.466 1
-9 36.7333 36.341 1
-9 36.5 36.356 1
-9 35.8667 36.342 1
-9 35.15 36.508 1
-9 34.5 36.47 1
-9 33.8 36.489 1
-9 33.5 36.464 1
-7.0002 36.5 36.21 1
-6.6673 36.0003 36.21 1
-6.517 35.818 36.21 1
-6.6322 35.6818 36.29 1
-6.6317 35.5002 36.29 1
-6.6983 35.3832 36.38 1
-6.7503 35.0983 36.38 1
32.417 41.967 17.88 1
38.667 43.533 18.3 1
38.917 43.917 18.06 1
38.983 43.983 18.06 1
38.5 43.317 18.31 1
38.35 43.1 18.39 1
39 44.033 17.97 1
38.65 43.767 18.03 1
39 44.05 17.97 1
10.5167 37.4833 37.306 1
13.0833 36.95 37.788 1
15.7333 36.5667 38.188 1
18.4333 36.4833 38.458 1
31.5 43.3 18.642 1
9.017 43.833 38.152 1
12.867 40.617 37.87 1
20.4333 36.8333 38.49 1
25.298 38.087 38.8 1
24.903 38.902 38.95 1
24.495 39.913 37.41 1
25.447 40.245 35.88 1
27.252 36.103 38.87 1
27.685 35.627 38.84 1
26.617 34.967 38.96 1
27.588 35.992 38.86 1
29.9 35.042 38.95 1
28.62 34.043 39.05 1
28.65 31.35 38.26 1
25.402 31.957 38.4 1
25.867 33.633 39.05 1
23.7 33.943 38.77 1
25.022 34.583 38.69 1
23.25 32.833 38.57 1
22.217 33.85 38.84 1
22.22 35.242 38.86 1
22.237 36 38.62 1
24.313 36 38.93 1
27.53 35.978 38.82 1
26.49 37.195 38.77 1
31.273 36.333 38.96 1
32.167 35.667 38.89 1
32.89 35.683 38.8 1
34.513 35.825 38.87 1
34.23 36.133 38.91 1
35.5 36.133 38.78 1
35.25 34 38.57 1
33.095 34.392 38.8 1
34.213 34.785 38.84 1
33.37 32.075 38.73 1
34.067 33.033 38.8 1
32.217 32.725 38.71 1
32.248 34.535 38.8 1
19.6 34 38.46 1
17.35 32.177 38.21 1
19.595 32.185 38.12 1
15.5 32.667 37.94 1
16.158 34.333 37.88 1
19.61 35.933 38.4 1
16.803 35.915 38.24 1
20.533 35.033 38.8 1
33.533 44.617 17.25 1
33.533 44.617 17.79 1
33.533 44.617 16.89 1
33.433 44.633 18.15 1
33.533 44.617 17.29 1
33.533 44.617 17.72 1
33.533 44.617 16.22 1
33.433 44.633 17.97 1
33.533 44.617 17.76 1
33.533 44.617 17.77 1
33.533 44.617 17.85 1
33.367 44.467 17.92 1
15.9 43.35 38.62 1
15.633 42.883 38.64 1
15.733 42.767 38.68 1
16.583 43.433 34.52 1
16.4 43.283 38.06 1
16.117 43.4 37.34 1
16.117 43.383 37.12 1
16.217 43.433 36.91 1
16.033 43.467 36.8 1
16.75 43.367 37.07 1
16.4 43.483 26.35 1
16.733 43.383 36.09 1
16.1997 43.483 36.53 1
16.367 43.1997 34.45 1
16.4 43.5 34.67 1
16.417 43.1997 34.74 1
16.25 43.5 36.98 1
16.3 42.8 38.58 1
16.333 43 38.24 1
16.4 43.333 37.72 1
16.4 43.433 35.57 1
16.4 43.433 35.61 1
15.4 43.267 38.57 1
16.05 43.017 38.58 1
16.117 43.4 37.54 1
16.4 43.283 38.13 1
16.4 43.283 38.15 1
17.183 43.133 36.96 1
16.4 43.433 37.92 1
15.933 43.217 38.62 1
16.117 43.4 38.37 1
16.183 43.267 38.46 1
16.05 43.017 38.46 1
16.267 43.033 38.46 1
16.533 42.967 38.62 1
16.367 43.1 38.37 1
16.5 43.083 38.35 1
17 43.067 36.87 1
17.35 43.067 32.34 1
16.65 43.25 38.03 1
16.933 43.25 38.35 1
16.4 43.283 38.22 1
16.733 43.383 36.06 1
15.733 43.067 38.69 1
15.733 42.967 38.62 1
16.4 43.433 38.01 1
17.183 43.133 34.4 1
16.367 43.533 34.02 1
16.933 43.25 37.12 1
16.733 43.383 37.63 1
16.4 43.283 38.19 1
17.35 43.067 32.84 1
16.367 43.1 38.22 1
17 43.067 38.19 1
16.75 43.05 38.19 1
16.117 43.4 38.39 1
16.317 43.517 35.57 1
16.333 43.508 35.79 1
16.367 43.533 35.86 1
16.35 43.5 34.99 1
16.367 43.533 35.64 1
16.333 43.508 35.79 1
17.183 43.133 31.31 1
16.4 43.433 37.61 1
16.417 43.533 36.49 1
16.367 43.533 36.67 1
16.367 43.517 31.33 1
16.367 43.517 36.55 1
16.35 43.167 38.35 1
16.367 43.517 29.97 1
16.317 43.517 36.08 1
16.333 43.5 36.02 1
16.35 43.5 34.88 1
15.717 43.483 38.55 1
16.367 43.517 36.67 1
16.367 43.517 35.75 1
16.317 43.517 36.64 1
16.367 43.517 36.29 1
16.183 43.267 38.33 1
15.933 43.217 38.33 1
16.117 43.4 38.28 1
16.05 43.017 38.39 1
16.65 43.25 38.28 1
16.367 43.1 38.33 1
16.267 43.033 38.3 1
16.533 42.967 38.26 1
16.4 43.283 38.1 1
16.75 43.05 38.08 1
16.583 43.433 37.83 1
16.4 43.433 37.94 1
16.317 43.517 36.11 1
16.35 43.5 35.37 1
16.333 43.5 36.94 1
16.367 43.517 37.16 1
16.367 43.517 35.66 1
15.733 43.067 38.35 1
15.733 42.967 38.42 1
16.367 43.517 31.11 1
16.383 42.35 38.13 1
16.35 43.5 34.45 1
16.333 43.5 34.88 1
18.1 42.467 37.9 1
18.117 42.5 37.98 1
16.05 43.017 38.44 1
15.933 43.217 38.26 1
16.183 43.267 38.04 1
16.4 43.283 36.49 1
16.117 43.4 38.24 1
16.367 43.1 38.13 1
16.5 43.083 37.38 1
16.533 42.967 38.03 1
16.267 43.033 38.35 1
16.833 42.817 36.87 1
16.75 43.05 37.34 1
17 43.067 37.19 1
17.35 43.067 27.5 1
16.533 42.817 38.01 1
16.65 43.25 37.18 1
15.733 42.967 38.48 1
15.733 43.067 38.46 1
16.333 43.433 36.45 1
16.367 43.533 34.58 1
15.717 43.283 38.46 1
14.883 44.267 37.99 1
14.65 44.4 38.35 1
15.6 43.783 35.9 1
16.42 43.53 36.45 1
16.317 43.517 37.66 1
16.333 43.5 37.29 1
16.35 43.5 37.99 1
16.367 43.517 37.3 1
16.367 43.517 34 1
16.42 43.53 34.67 1
16.35 43.5 35.77 1
16.33 43.5 35.7 1
16.15 43.52 33.73 1
16.2 43.48 34.76 1
16.316 43.2 37.99 1
16.316 43.2 37.59 1
16.316 43.2 38.68 1
16.316 43.2 38.48 1
16.316 43.2 36.92 1
16.333 43 38.06 1
16.333 43 38.01 1
16.333 43 38.77 1
16.333 43 38.53 1
16.333 43 38.51 1
16.366 43.516 36.91 1
16.366 43.516 36.04 1
16.366 43.516 34.09 1
16.366 43.516 36.51 1
16.366 43.516 35.59 1
16.366 43.516 33.53 1
13.375 45.046 37.84 1
13.154 45.025 37.84 1
12.988 45.008 36.42 1
12.817 44.992 37.48 1
13.254 45.513 37.32 1
12.883 45.396 37.57 1
12.563 45.2 37.5 1
12.942 45.238 37.68 1
13.308 45.275 37.68 1
13.375 45.046 37.63 1
13.154 45.025 37.18 1
12.988 45.008 37.18 1
12.817 44.992 37.83 1
12.692 44.775 37.56 1
12.496 44.567 37.14 1
13 44.729 37.65 1
13.492 44.888 37.99 1
13.625 44.733 37.84 1
13.125 44.5 37.63 1
12.804 44.517 36.82 1
12.688 44.288 36.49 1
12.971 44.088 38.08 1
13.375 44.342 37.79 1
13.767 44.592 37.61 1
15.716 43.483 38.57 1
15.1 43.066 38.57 1
16.4 43.433 36.24 1
16.4 43.433 36.62 1
16.4 43.333 36.82 1
16.316 43.2 37.29 1
16.316 43.2 37.83 1
16.316 43.2 37.88 1
16.316 43.2 37.97 1
16.316 43.2 38.12 1
16.316 43.2 38.03 1
16.333 43 38.08 1
16.333 43 38.3 1
16.333 43 38.49 1
16.333 43 38.13 1
16.3 42.8 38.15 1
16.266 42.6 38.26 1
16.266 42.6 38.53 1
16.216 42.366 38.51 1
16.366 43.533 33.12 1
16.366 43.533 37.39 1
16.366 43.533 35.26 1
16.366 43.533 34.51 1
16.366 43.533 33.69 1
16.366 43.533 35.59 1
16.116 43.4 38.49 1
16.433 43.333 37.59 1
16.433 43.333 37.92 1
16.55 43.2 38.06 1
16.55 43.2 38.06 1
15.933 43.216 38.53 1
16.316 43.2 38.71 1
16.333 43 38.48 1
16.366 43.516 35.07 1
16.316 43.2 36.67 1
16.333 43 38.22 1
16.366 43.516 31.91 1
16.316 43.2 38.08 1
16.333 43 38.42 1
16.366 43.516 36.24 1
16.316 43.2 38.31 1
16.333 43 38.55 1
16.366 43.516 37.63 1
16.316 43.2 37.48 1
16.333 43 38.13 1
16.366 43.516 34.06 1
16.316 43.2 38.15 1
16.333 43 38.27 1
16.366 43.516 34.39 1
16.316 43.2 38.59 1
16.333 43 38.58 1
16.366 43.516 34.93 1
16.316 43.2 37.8 1
16.333 43 38.23 1
16.366 43.516 33.08 1
16.316 43.2 38.43 1
16.333 43 38.77 1
16.316 43.2 37.92 1
16.366 43.516 34.2 1
16.317 43.2 38.15 1
16.317 43.2 38.17 1
16.333 43 38.28 1
16.333 43 38.26 1
16.333 43 38.22 1
16.333 43 38.22 1
16.333 43 38.26 1
16.333 43 38.12 1
16.333 43 37.83 1
32.43 31.45 38.42 1
16.2 43.468 36.55 1
16.2 43.468 33.82 1
17.7 42.9 33.68 1
17.7 42.9 31.11 1
17.7 42.784 31.22 1
15.684 43.584 37.34 1
16.1 43.5 35.64 1
16.1 43.5 36.53 1
16.1 43.5 37.25 1
15.017 44.317 37.32 1
15.3 44.284 36.76 1
15.583 44.2 7.43 1
15.617 44.15 2.97 1
15.533 44.217 11.96 1
15.533 44.233 4.54 1
14.6 43.9 38.52 1
16.2983 43.2 38.17 1
16 43 38.28 1
14.6 44.4 38.35 1
4.75 42 38.468 1
-0.99867 36.4412 36.738 1
-1.0008 36.4418 36.746 1
-1.0103 36.442 36.759 1
-0.9875 36.4342 36.773 1
-0.94517 36.4762 36.797 1
-0.9365 36.475 36.718 1
-0.91117 36.4472 36.79 1
-0.85667 36.4298 36.815 1
-0.85183 36.4312 36.798 1
-0.85033 36.4307 36.784 1
-0.803 36.4097 36.742 1
-0.77983 36.3478 36.663 1
-0.776 36.3475 36.655 1
-0.78017 36.3463 36.654 1
-0.71383 36.3255 36.655 1
-0.6405 36.3272 36.667 1
-0.632 36.3245 36.663 1
-0.54783 36.315 36.654 1
-0.51867 36.3105 36.653 1
-0.50217 36.3113 36.653 1
-0.49533 36.3117 36.654 1
-0.47133 36.3077 36.655 1
-0.42733 36.3018 36.654 1
-0.40667 36.2985 36.654 1
-0.659 36.2053 36.655 1
-0.6595 36.206 36.655 1
-0.666 36.2062 36.657 1
-0.64467 36.2112 36.68 1
-0.58883 36.2213 36.729 1
-0.5725 36.212 36.697 1
-0.52467 36.1988 36.798 1
-0.51567 36.1902 36.662 1
-0.51483 36.1857 36.66 1
-0.507 36.1747 36.66 1
-0.50367 36.1707 36.659 1
-0.4815 36.1598 36.659 1
-0.47933 36.1563 36.659 1
-0.47683 36.1422 36.66 1
-0.3325 36.5827 37.152 1
-0.332 36.5832 37.058 1
-0.33317 36.584 36.944 1
-0.29683 36.5737 36.937 1
-0.2255 36.5505 36.723 1
-0.19967 36.5468 36.708 1
-0.1805 36.5188 36.681 1
-0.17467 36.5093 36.681 1
-0.14067 36.5133 36.68 1
-0.13183 36.5123 36.679 1
-0.36233 36.5335 36.706 1
-0.53333 36.8672 37.59 1
-0.53333 36.8677 37.599 1
-0.5285 36.8613 37.59 1
-0.51733 36.8645 37.603 1
-0.52267 36.8497 37.477 1
-0.51983 36.849 37.532 1
-0.5395 36.8648 37.515 1
-0.53867 36.8695 37.476 1
-0.53517 36.871 37.485 1
-0.528 36.8692 37.48 1
-0.5265 36.8695 37.52 1
-0.51983 36.8662 37.562 1
-0.51767 36.8615 37.554 1
-1.4607 36.4743 37.514 1
-1.7902 35.7268 36.744 1
5.1333 42.9167 38.139 1
4.75 42.6667 38.151 1
4.75 42.9167 37.972 1
4.75 43.0667 37.972 1
4.2167 43.2 38.008 1
4.3667 42.5 38.223 1
4.0667 42.4167 38.193 1
4.7167 43.3 37.388 1
5 42 38.449 1
4.5 42 38.517 1
4.75 42.4167 38.439 1
7.777 43.4595 37.997 1
7.4878 43.5955 37.605 1
7.3913 43.6412 37.328 1
7.3623 43.6545 37.451 1
7.6903 43.5003 37.993 1
7.3913 43.6412 37.962 1
7.5843 43.5503 38.067 1
5.0777 43.1023 37.3365 1
8.9167 44.3167 38.05 1
8.8333 44.3333 38.03 1
8.9167 44.3667 37.92 1
8.9833 44.3833 37.89 1
8.9333 44.3833 37.76 1
8.85 44.4 37.95 1
8.8833 44.4 37.88 1
8.75 44.4167 38.04 1
8.7833 44.3333 38.06 1
8.8667 44.3333 38.04 1
8.9167 44.35 38.03 1
8.8833 44.35 38.05 1
8.7333 44.35 38.06 1
8.75 44.3667 38.07 1
8.7833 44.3667 38.02 1
8.8333 44.3667 38.02 1
9.0167 44.3667 38 1
8.8333 44.3833 37.99 1
8.8833 44.3833 38.02 1
8.7833 44.3833 38.05 1
8.8 44.4 38.04 1
8.75 44.4 38.05 1
9.0833 44.2667 37.71 1
9.055 44.2833 37.85 1
9.0067 44.2883 38.45 1
8.775 44.2917 37.73 1
8.9583 44.295 37.43 1
8.7283 44.2983 37.48 1
9.1 44.3 37.78 1
8.915 44.3 37.8 1
9.05 44.3 37.68 1
8.87 44.3067 37.65 1
9.0117 44.3117 38 1
8.825 44.3117 37.64 1
8.78 44.3167 37.63 1
8.9633 44.3183 37.54 1
8.92 44.3233 37.61 1
8.7333 44.3233 37.29 1
8.875 44.33 37.41 1
9.1 44.3333 37.8 1
9.0667 44.3333 37.8 1
8.83 44.3367 37.53 1
9.0167 44.3383 37.11 1
8.785 44.3417 37.57 1
8.97 44.3433 37.07 1
8.74 44.3483 37.14 1
8.925 44.3483 37.07 1
9.0667 44.35 37.7 1
9.1 44.35 37.8 1
8.88 44.3567 37.19 1
8.835 44.36 37.29 1
9.0233 44.3617 37.41 1
8.9767 44.3683 37.12 1
8.79 44.37 37.55 1
8.745 44.3733 37.09 1
8.93 44.3733 37.12 1
8.98 44.3817 37.88 1
8.9333 44.3883 37.68 1
8.7517 44.3983 37.11 1
8.8 44.405 36.83 1
8.755 44.4117 37.07 1
11.5317 37.539 37.633 1
20.7507 37.4172 38.685 1
19.6995 34.6667 38.216 1
22.1213 34.0677 38.515 1
26.6503 35.2753 39.092 1
-9.172 36.1895 36.572 1
35.5 34.1 39.39 1
35.5667 34.55 39.39 1
35.5 34.1 39.39 1
16.3333 43 38.17 1
16.325 43.5167 36.82 1
32.95 44.5 18.16 1
32.917 44.433 18.24 1
32.783 44.317 18.13 1
32.817 44.5 18.12 1
32.717 44.4 18.11 1
32.567 44.633 18.25 1
32.217 44.683 18.29 1
33.083 44.45 18.12 1
32.25 43.5 18.57 1
32.75 43.5 18.56 1
32.75 43.833 18.44 1
32.75 44.167 18.23 1
32.75 44.467 18.28 1
32.75 44.483 18.31 1
32.75 44.533 18.3 1
32.733 44.583 18.27 1
32.75 44.667 18.29 1
32.75 44.833 18.26 1
32.75 44.917 18.28 1
32.75 45 18.3 1
32.75 45.083 18.32 1
32.75 45.167 18.32 1
33 45.167 18.28 1
33 45.083 18.27 1
33.25 45.083 18.26 1
33.25 45 18.25 1
33 45 18.26 1
33 44.917 18.26 1
33.25 44.917 18.25 1
33.25 44.833 18.22 1
33 44.833 18.25 1
33 44.75 18.22 1
33.25 44.75 18.22 1
33.25 44.667 18.21 1
33 44.667 18.21 1
33.25 44.583 18.2 1
33.25 44.5 18.19 1
33.25 44.433 18.23 1
33.25 44.367 18.2 1
33.25 44.333 18.21 1
33.25 44.167 18.21 1
33.25 44 18.34 1
33.25 43.833 18.36 1
33.25 43.667 18.48 1
33.25 43.5 18.44 1
33.75 43.5 18.57 1
33.75 43.667 18.46 1
33.75 43.833 18.53 1
33.75 44 18.21 1
33.75 44.05 18.2 1
33.75 44.1 18.2 1
33.75 44.133 18.2 1
33.75 44.167 18.2 1
33.75 44.333 18.21 1

