 -1.4387218463207746e-01  
 -3.1078376832141852e-01  
 -4.2425561167235437e-01  
  7.1743314910814082e-01  
 -4.2425561167235437e-01  
 -3.1078376832141852e-01  
 -1.4387218463207746e-01  
 -3.0864197530864201e-01  
 -2.6162761400856638e-01  
 -3.0864197530864201e-01  
 -2.6162761400856638e-01  
 -7.9012345679012341e-01  
 -2.6162761400856638e-01  
 -3.0864197530864201e-01  
 -2.6162761400856638e-01  
 -3.0864197530864201e-01  
 -1.4387218463207746e-01  
 -3.1078376832141852e-01  
 -4.2425561167235437e-01  
 -8.3591836734693881e-01  
 -4.2425561167235437e-01  
 -3.1078376832141852e-01  
 -1.4387218463207746e-01  
  6.1506483992234538e-02  
  1.4073209497621625e-01  
  2.1431844093434388e-01  
  2.7914135585230865e-01  
  3.3253841163398784e-01  
  3.7232200003112442e-01  
  3.9686297065422316e-01  
  3.9686297065422316e-01  
  3.7232200003112442e-01  
  3.3253841163398784e-01  
  2.7914135585230865e-01  
  2.1431844093434388e-01  
  1.4073209497621625e-01  
  6.1506483992234538e-02  
  7.1936092316038730e-02  
  1.5539188416070926e-01  
  2.1212780583617719e-01  
  2.1212780583617719e-01  
  1.5539188416070926e-01  
  7.1936092316038730e-02  
  7.1936092316038730e-02  
  1.5539188416070926e-01  
  2.1212780583617719e-01  
  2.1212780583617719e-01  
  1.5539188416070926e-01  
  7.1936092316038730e-02  
  7.1936092316038730e-02  
  7.1936092316038730e-02  
  1.5539188416070926e-01  
  1.5539188416070926e-01  
  2.1212780583617719e-01  
  2.1212780583617719e-01  
  2.1212780583617719e-01  
  2.1212780583617719e-01  
  1.5539188416070926e-01  
  1.5539188416070926e-01  
  7.1936092316038730e-02  
  7.1936092316038730e-02  
  6.1506483992234538e-02  
  1.4073209497621625e-01  
  2.1431844093434388e-01  
  2.7914135585230865e-01  
  3.3253841163398784e-01  
  3.7232200003112442e-01  
  3.9686297065422316e-01  
  3.9686297065422316e-01  
  3.7232200003112442e-01  
  3.3253841163398784e-01  
  2.7914135585230865e-01  
  2.1431844093434388e-01  
  1.4073209497621625e-01  
  6.1506483992234538e-02  
