-0.0161177  0.00079986  1.14075
-0.00714883  0.172391  0.78607
0.458992  -0.174472  -0.399143
-0.452099  -0.263294  0.353609
0.110956  -0.0629572  0.81894
0.182522  0.167838  0.476496
-0.150749  -0.0782694  0.762897
-0.287732  -0.123469  -0.388006
0.368075  -0.216988  0.399755
0.478816  -0.0462944  0.114466
-0.347878  -0.129563  0.250917
-0.0354829  -0.226811  0.417462
0.259165  0.133007  -0.274778
-0.00130504  0.491941  0.303193
-0.03494  0.3002  -0.34425
-0.166046  0.140774  0.397054
0.101009  -0.225926  -0.307089
-0.358747  -0.10832  -0.19899
-0.347307  -0.37423  0.0152626
-0.0863574  -0.147806  -0.000154235
0.290117  -0.344951  0.0412103
0.104209  0.0288367  0.324891
-0.0641939  0.255813  -0.069579
-0.201699  0.440437  -0.0334099
0.184617  0.399857  -0.0130353
0.378889  -0.0995659  -0.0839032
-0.481872  -0.0150975  -0.045014
0.682172  -0.395652  -0.0745152
0.397864  0.225662  -0.399394
-0.697589  -0.389965  -0.125421
0.00274296  0.8135  -0.141582
0.0164569  -0.445104  -0.185824
-0.461835  -0.453565  -0.324551
0.157509  0.665015  -0.331712
0.539918  -0.467462  -0.316816
-0.140391  0.701265  -0.337215
0.044534  -0.510724  -0.395001
-0.423436  0.226332  -0.333644
-0.721418  -0.272716  -0.351939
0.727812  -0.286163  -0.322617
0.490189  0.185631  -0.278004
-0.875889  -0.556637  -0.372058
0.00763238  1.05606  -0.397275
0.931743  -0.566425  -0.382107
