  1.9304367656036242e-01    1.0000000000000000e+00  
  1.0266648953391919e+00    1.0000000000000000e+00  
  2.5678767449507460e+00    1.0000000000000000e+00  
  4.9003530845264844e+00    1.0000000000000000e+00  
  8.1821534445628608e+00    1.0000000000000000e+00  
  1.2734180291797815e+01    1.0000000000000000e+00  
  1.9395727862262540e+01    1.0000000000000000e+00  
  4.1577455678347908e-01    4.1577455678347908e-01  
  2.2942803602790418e+00    4.1577455678347908e-01  
  6.2899450829374794e+00    4.1577455678347908e-01  
  4.1577455678347908e-01    2.2942803602790418e+00  
  2.2942803602790418e+00    2.2942803602790418e+00  
  6.2899450829374794e+00    2.2942803602790418e+00  
  4.1577455678347908e-01    6.2899450829374794e+00  
  2.2942803602790418e+00    6.2899450829374794e+00  
  6.2899450829374794e+00    6.2899450829374794e+00  
  1.0000000000000000e+00    1.9304367656036242e-01  
  1.0000000000000000e+00    1.0266648953391919e+00  
  1.0000000000000000e+00    2.5678767449507460e+00  
  1.0000000000000000e+00    4.9003530845264844e+00  
  1.0000000000000000e+00    8.1821534445628608e+00  
  1.0000000000000000e+00    1.2734180291797815e+01  
  1.0000000000000000e+00    1.9395727862262540e+01  
  9.3307812017281805e-02    1.0000000000000000e+00  
  4.9269174030188390e-01    1.0000000000000000e+00  
  1.2155954120709496e+00    1.0000000000000000e+00  
  2.2699495262037432e+00    1.0000000000000000e+00  
  3.6676227217514374e+00    1.0000000000000000e+00  
  5.4253366274135528e+00    1.0000000000000000e+00  
  7.5659162266130675e+00    1.0000000000000000e+00  
  1.0120228568019114e+01    1.0000000000000000e+00  
  1.3130282482175723e+01    1.0000000000000000e+00  
  1.6654407708329959e+01    1.0000000000000000e+00  
  2.0776478899448765e+01    1.0000000000000000e+00  
  2.5623894226728780e+01    1.0000000000000000e+00  
  3.1407519169753940e+01    1.0000000000000000e+00  
  3.8530683306486011e+01    1.0000000000000000e+00  
  4.8026085572685794e+01    1.0000000000000000e+00  
  1.9304367656036242e-01    4.1577455678347908e-01  
  1.0266648953391919e+00    4.1577455678347908e-01  
  2.5678767449507460e+00    4.1577455678347908e-01  
  4.9003530845264844e+00    4.1577455678347908e-01  
  8.1821534445628608e+00    4.1577455678347908e-01  
  1.2734180291797815e+01    4.1577455678347908e-01  
  1.9395727862262540e+01    4.1577455678347908e-01  
  1.9304367656036242e-01    2.2942803602790418e+00  
  1.0266648953391919e+00    2.2942803602790418e+00  
  2.5678767449507460e+00    2.2942803602790418e+00  
  4.9003530845264844e+00    2.2942803602790418e+00  
  8.1821534445628608e+00    2.2942803602790418e+00  
  1.2734180291797815e+01    2.2942803602790418e+00  
  1.9395727862262540e+01    2.2942803602790418e+00  
  1.9304367656036242e-01    6.2899450829374794e+00  
  1.0266648953391919e+00    6.2899450829374794e+00  
  2.5678767449507460e+00    6.2899450829374794e+00  
  4.9003530845264844e+00    6.2899450829374794e+00  
  8.1821534445628608e+00    6.2899450829374794e+00  
  1.2734180291797815e+01    6.2899450829374794e+00  
  1.9395727862262540e+01    6.2899450829374794e+00  
  4.1577455678347908e-01    1.9304367656036242e-01  
  2.2942803602790418e+00    1.9304367656036242e-01  
  6.2899450829374794e+00    1.9304367656036242e-01  
  4.1577455678347908e-01    1.0266648953391919e+00  
  2.2942803602790418e+00    1.0266648953391919e+00  
  6.2899450829374794e+00    1.0266648953391919e+00  
  4.1577455678347908e-01    2.5678767449507460e+00  
  2.2942803602790418e+00    2.5678767449507460e+00  
  6.2899450829374794e+00    2.5678767449507460e+00  
  4.1577455678347908e-01    4.9003530845264844e+00  
  2.2942803602790418e+00    4.9003530845264844e+00  
  6.2899450829374794e+00    4.9003530845264844e+00  
  4.1577455678347908e-01    8.1821534445628608e+00  
  2.2942803602790418e+00    8.1821534445628608e+00  
  6.2899450829374794e+00    8.1821534445628608e+00  
  4.1577455678347908e-01    1.2734180291797815e+01  
  2.2942803602790418e+00    1.2734180291797815e+01  
  6.2899450829374794e+00    1.2734180291797815e+01  
  4.1577455678347908e-01    1.9395727862262540e+01  
  2.2942803602790418e+00    1.9395727862262540e+01  
  6.2899450829374794e+00    1.9395727862262540e+01  
  1.0000000000000000e+00    9.3307812017281805e-02  
  1.0000000000000000e+00    4.9269174030188390e-01  
  1.0000000000000000e+00    1.2155954120709496e+00  
  1.0000000000000000e+00    2.2699495262037432e+00  
  1.0000000000000000e+00    3.6676227217514374e+00  
  1.0000000000000000e+00    5.4253366274135528e+00  
  1.0000000000000000e+00    7.5659162266130675e+00  
  1.0000000000000000e+00    1.0120228568019114e+01  
  1.0000000000000000e+00    1.3130282482175723e+01  
  1.0000000000000000e+00    1.6654407708329959e+01  
  1.0000000000000000e+00    2.0776478899448765e+01  
  1.0000000000000000e+00    2.5623894226728780e+01  
  1.0000000000000000e+00    3.1407519169753940e+01  
  1.0000000000000000e+00    3.8530683306486011e+01  
  1.0000000000000000e+00    4.8026085572685794e+01  
