 X U_0 ... U_P 
          -3           0           0           0           0           0           0
     -2.8125  0.00726974  0.00230878  -5.2846e-05  -0.000137026  8.32212e-05  -2.5023e-05
      -2.625    0.017244  0.00481802  -0.000441481  -4.49086e-05  5.6577e-05  -1.88909e-05
     -2.4375   0.0304489  0.00728425  -0.00109079  0.000261072  -7.87734e-05  1.85947e-05
       -2.25   0.0474202  0.00922462  -0.00157469  0.000470236  -0.000165836  4.22261e-05
     -2.0625   0.0685278   0.0103255  -0.00166573  0.000438249  -0.000136088  3.24641e-05
      -1.875   0.0938981   0.0105537  -0.00144537  0.000268251  -5.12701e-05  8.0478e-06
     -1.6875    0.123425    0.010027  -0.00107232  9.5244e-05  1.57457e-05  -9.19453e-06
        -1.5    0.156799  0.00892963  -0.000656181  -2.67679e-05  4.42165e-05  -1.3978e-05
     -1.3125    0.193542  0.00749102  -0.000273576  -9.29663e-05  4.38056e-05  -1.06331e-05
      -1.125    0.233082  0.00594326  2.14739e-05  -0.000113992  2.98564e-05  -4.75984e-06
     -0.9375    0.274825  0.00447187  0.000204533  -0.000104985  1.40149e-05  2.64466e-08
       -0.75    0.318217  0.00318918  0.00028023  -8.10953e-05  2.32988e-06  2.48358e-06
     -0.5625    0.362782  0.00213464  0.000271512  -5.41791e-05  -3.66225e-06  2.93746e-06
      -0.375    0.408132    0.001291  0.000206601  -3.10742e-05  -4.91114e-06  2.25778e-06
     -0.1875    0.453955  0.000604186  0.000110076  -1.36373e-05  -3.14715e-06  1.16492e-06
           0         0.5  -5.27258e-16  7.20561e-16  -6.33545e-16  3.48169e-16  -1.04807e-16
      0.1875    0.546045  -0.000604186  -0.000110076  1.36373e-05  3.14715e-06  -1.16492e-06
       0.375    0.591868   -0.001291  -0.000206601  3.10742e-05  4.91114e-06  -2.25778e-06
      0.5625    0.637218  -0.00213464  -0.000271512  5.41791e-05  3.66225e-06  -2.93746e-06
        0.75    0.681783  -0.00318918  -0.00028023  8.10953e-05  -2.32988e-06  -2.48358e-06
      0.9375    0.725175  -0.00447187  -0.000204533  0.000104985  -1.40149e-05  -2.64466e-08
       1.125    0.766918  -0.00594326  -2.14739e-05  0.000113992  -2.98564e-05  4.75984e-06
      1.3125    0.806458  -0.00749102  0.000273576  9.29663e-05  -4.38056e-05  1.06331e-05
         1.5    0.843201  -0.00892963  0.000656181  2.67679e-05  -4.42165e-05  1.3978e-05
      1.6875    0.876575   -0.010027  0.00107232  -9.5244e-05  -1.57457e-05  9.19453e-06
       1.875    0.906102  -0.0105537  0.00144537  -0.000268251  5.12701e-05  -8.0478e-06
      2.0625    0.931472  -0.0103255  0.00166573  -0.000438249  0.000136088  -3.24641e-05
        2.25     0.95258  -0.00922462  0.00157469  -0.000470236  0.000165836  -4.22261e-05
      2.4375    0.969551  -0.00728425  0.00109079  -0.000261072  7.87734e-05  -1.85947e-05
       2.625    0.982756  -0.00481802  0.000441481  4.49086e-05  -5.6577e-05  1.88909e-05
      2.8125     0.99273  -0.00230878  5.2846e-05  0.000137026  -8.32212e-05  2.5023e-05
           3           1           0           0           0           0           0
