----------
T = 0
          -3           0           0           0           0           0           0
     -2.8125     0.03125           0           0           0           0           0
      -2.625      0.0625           0           0           0           0           0
     -2.4375     0.09375           0           0           0           0           0
       -2.25       0.125           0           0           0           0           0
     -2.0625     0.15625           0           0           0           0           0
      -1.875      0.1875           0           0           0           0           0
     -1.6875     0.21875           0           0           0           0           0
        -1.5        0.25           0           0           0           0           0
     -1.3125     0.28125           0           0           0           0           0
      -1.125      0.3125           0           0           0           0           0
     -0.9375     0.34375           0           0           0           0           0
       -0.75       0.375           0           0           0           0           0
     -0.5625     0.40625           0           0           0           0           0
      -0.375      0.4375           0           0           0           0           0
     -0.1875     0.46875           0           0           0           0           0
           0         0.5           0           0           0           0           0
      0.1875     0.53125           0           0           0           0           0
       0.375      0.5625           0           0           0           0           0
      0.5625     0.59375           0           0           0           0           0
        0.75       0.625           0           0           0           0           0
      0.9375     0.65625           0           0           0           0           0
       1.125      0.6875           0           0           0           0           0
      1.3125     0.71875           0           0           0           0           0
         1.5        0.75           0           0           0           0           0
      1.6875     0.78125           0           0           0           0           0
       1.875      0.8125           0           0           0           0           0
      2.0625     0.84375           0           0           0           0           0
        2.25       0.875           0           0           0           0           0
      2.4375     0.90625           0           0           0           0           0
       2.625      0.9375           0           0           0           0           0
      2.8125     0.96875           0           0           0           0           0
           3           1           0           0           0           0           0
----------
T = 0.1
          -3           0           0           0           0           0           0
     -2.8125   0.0256447  0.000414821  -4.41878e-05  4.8952e-06  -5.15571e-07  4.81964e-08
      -2.625   0.0556056  0.000188436  3.30011e-06  -2.13964e-06  3.58563e-07  -4.22386e-08
     -2.4375   0.0869622  5.28085e-05  6.86314e-06  -4.96157e-07  -3.59005e-08  1.24006e-08
       -2.25    0.118661  1.12257e-05  2.63082e-06  1.06539e-07  -2.79895e-08  1.19307e-09
     -2.0625    0.150427  1.95822e-06  6.5039e-07  8.13082e-08  -1.78279e-09  -8.17204e-10
      -1.875    0.182205  2.92307e-07  1.24053e-07  2.46205e-08  1.5877e-09  -1.77379e-10
     -1.6875    0.213984  3.83295e-08  1.96252e-08  5.20417e-09  6.69205e-10  1.37531e-11
        -1.5    0.245763  4.49549e-09  2.67763e-09  8.75852e-10  1.61222e-10  1.43487e-11
     -1.3125    0.277543  4.77857e-10  3.22899e-10  1.24465e-10  2.91911e-11  4.01533e-12
      -1.125    0.309323  4.65009e-11  3.50039e-11  1.54383e-11  4.33674e-12  7.56273e-13
     -0.9375    0.341102  4.17555e-12  3.45379e-12  1.70688e-12  5.51691e-13  1.1191e-13
       -0.75    0.372882  3.48191e-13  3.13116e-13  1.7061e-13  6.16268e-14  1.38626e-14
     -0.5625    0.404661  2.71331e-14  2.62637e-14  1.55727e-14  6.14563e-15  1.48802e-15
      -0.375    0.436441  1.97691e-15  2.05534e-15  1.30596e-15  5.53833e-16  1.41406e-16
     -0.1875     0.46822  1.56464e-16  1.44176e-16  1.01991e-16  4.5035e-17  1.20412e-17
           0         0.5  -7.10028e-18  4.82666e-18  -1.35405e-18  2.58986e-19  -3.62087e-20
      0.1875     0.53178  -1.0877e-16  -1.58426e-16  -9.8668e-17  -4.56192e-17  -1.19629e-17
       0.375    0.563559  -2.04229e-15  -2.03503e-15  -1.31023e-15  -5.53137e-16  -1.41494e-16
      0.5625    0.595339  -2.70751e-14  -2.62837e-14  -1.55684e-14  -6.14635e-15  -1.48793e-15
        0.75    0.627118  -3.48232e-13  -3.13101e-13  -1.70613e-13  -6.16261e-14  -1.38627e-14
      0.9375    0.658898  -4.17552e-12  -3.4538e-12  -1.70687e-12  -5.51692e-13  -1.1191e-13
       1.125    0.690677  -4.6501e-11  -3.50039e-11  -1.54383e-11  -4.33674e-12  -7.56273e-13
      1.3125    0.722457  -4.77857e-10  -3.22899e-10  -1.24465e-10  -2.91911e-11  -4.01533e-12
         1.5    0.754237  -4.49549e-09  -2.67763e-09  -8.75852e-10  -1.61222e-10  -1.43487e-11
      1.6875    0.786016  -3.83295e-08  -1.96252e-08  -5.20417e-09  -6.69205e-10  -1.37531e-11
       1.875    0.817795  -2.92307e-07  -1.24053e-07  -2.46205e-08  -1.5877e-09  1.77379e-10
      2.0625    0.849573  -1.95822e-06  -6.5039e-07  -8.13082e-08  1.78279e-09  8.17204e-10
        2.25    0.881339  -1.12257e-05  -2.63082e-06  -1.06539e-07  2.79895e-08  -1.19307e-09
      2.4375    0.913038  -5.28085e-05  -6.86314e-06  4.96157e-07  3.59005e-08  -1.24006e-08
       2.625    0.944394  -0.000188436  -3.30011e-06  2.13964e-06  -3.58563e-07  4.22386e-08
      2.8125    0.974355  -0.000414821  4.41878e-05  -4.8952e-06  5.15571e-07  -4.81964e-08
           3           1           0           0           0           0           0
----------
T = 0.2
          -3           0           0           0           0           0           0
     -2.8125    0.022285  0.000928791  -0.000150099  2.75792e-05  -5.07844e-06  7.95016e-07
      -2.625   0.0499988  0.000713161  -3.95427e-05  -3.48049e-06  2.12086e-06  -4.82246e-07
     -2.4375   0.0805548  0.000349627  1.5686e-05  -5.75646e-06  6.88315e-07  -1.74511e-08
       -2.25    0.112298  0.00013316  1.87785e-05  -1.62221e-06  -1.75187e-07  6.3388e-08
     -2.0625    0.144456  4.23982e-05  9.87977e-06  2.05953e-07  -1.49814e-07  1.17562e-08
      -1.875    0.176739  1.17314e-05  3.7654e-06  3.84525e-07  -3.53341e-08  -5.0079e-09
     -1.6875    0.209056  2.8897e-06  1.17109e-06  2.02297e-07  3.76451e-09  -3.03151e-09
        -1.5    0.241381  6.44265e-07  3.13328e-07  7.42169e-08  6.59615e-09  -5.75761e-10
     -1.3125    0.273708  1.3161e-07  7.42893e-08  2.20163e-08  3.22474e-09  9.15451e-11
      -1.125    0.306036  2.48648e-08  1.59102e-08  5.60743e-09  1.11056e-09  1.05688e-10
     -0.9375    0.338363  4.37679e-09  3.11969e-09  1.26661e-09  3.11143e-10  4.43464e-11
       -0.75     0.37069  7.22097e-10  5.65771e-10  2.58898e-10  7.50036e-11  1.33661e-11
     -0.5625    0.403018  1.1222e-10  9.56534e-11  4.85356e-11  1.60194e-11  3.2945e-12
      -0.375    0.435345  1.64932e-11  1.51659e-11  8.4203e-12  3.08482e-12  7.00001e-13
     -0.1875    0.467673  2.26396e-12  2.22545e-12  1.33343e-12  5.29883e-13  1.28725e-13
           0         0.5  1.35199e-20  8.12097e-18  -3.60302e-18  1.2371e-18  -2.90428e-19
      0.1875    0.532327  -2.26387e-12  -2.22548e-12  -1.33342e-12  -5.29886e-13  -1.28724e-13
       0.375    0.564655  -1.64933e-11  -1.51658e-11  -8.42031e-12  -3.08482e-12  -7.00001e-13
      0.5625    0.596982  -1.1222e-10  -9.56534e-11  -4.85356e-11  -1.60194e-11  -3.2945e-12
        0.75     0.62931  -7.22097e-10  -5.65771e-10  -2.58898e-10  -7.50036e-11  -1.33661e-11
      0.9375    0.661637  -4.37679e-09  -3.1197e-09  -1.26661e-09  -3.11143e-10  -4.43464e-11
       1.125    0.693964  -2.48648e-08  -1.59102e-08  -5.60743e-09  -1.11056e-09  -1.05688e-10
      1.3125    0.726292  -1.3161e-07  -7.42893e-08  -2.20163e-08  -3.22474e-09  -9.15451e-11
         1.5    0.758619  -6.44265e-07  -3.13328e-07  -7.42169e-08  -6.59615e-09  5.75761e-10
      1.6875    0.790944  -2.8897e-06  -1.17109e-06  -2.02297e-07  -3.76451e-09  3.03151e-09
       1.875    0.823261  -1.17314e-05  -3.7654e-06  -3.84525e-07  3.53341e-08  5.0079e-09
      2.0625    0.855544  -4.23982e-05  -9.87977e-06  -2.05953e-07  1.49814e-07  -1.17562e-08
        2.25    0.887702  -0.00013316  -1.87785e-05  1.62221e-06  1.75187e-07  -6.3388e-08
      2.4375    0.919445  -0.000349627  -1.5686e-05  5.75646e-06  -6.88315e-07  1.74511e-08
       2.625    0.950001  -0.000713161  3.95427e-05  3.48049e-06  -2.12086e-06  4.82246e-07
      2.8125    0.977715  -0.000928791  0.000150099  -2.75792e-05  5.07844e-06  -7.95016e-07
           3           1           0           0           0           0           0
----------
T = 0.3
          -3           0           0           0           0           0           0
     -2.8125   0.0198885   0.0013361  -0.000257065  6.02543e-05  -1.45456e-05  2.83029e-06
      -2.625   0.0454693  0.00132355  -0.000134787  7.52697e-06  2.58311e-06  -1.01484e-06
     -2.4375   0.0747961  0.000856406  -1.13566e-05  -1.16959e-05  3.2604e-06  -5.24754e-07
       -2.25    0.106156  0.000437335  3.24093e-05  -8.15447e-06  5.16402e-07  1.09004e-07
     -2.0625     0.13846  0.000188943  3.01694e-05  -2.2781e-06  -4.07213e-07  1.24952e-07
      -1.875    0.171148  7.16319e-05  1.73841e-05  3.43237e-07  -3.04091e-07  2.52229e-08
     -1.6875    0.203977  2.43749e-05  7.87227e-06  7.51471e-07  -9.62138e-08  -1.0817e-08
        -1.5    0.236852  7.56054e-06  3.02955e-06  4.91263e-07  -3.32927e-09  -9.33963e-09
     -1.3125    0.269741  2.16206e-06  1.02944e-06  2.29646e-07  1.50974e-08  -3.10493e-09
      -1.125    0.302634  5.7503e-07  3.15908e-07  8.83806e-08  1.09103e-08  -2.70136e-10
     -0.9375    0.335528  1.43229e-07   8.887e-08  2.96194e-08  5.17129e-09  3.09496e-10
       -0.75    0.368422  3.3598e-08  2.31668e-08  8.90757e-09  1.97626e-09  2.29479e-10
     -0.5625    0.401317  7.45641e-09  5.64237e-09  2.44873e-09  6.51374e-10  1.02615e-10
      -0.375    0.434211  1.56995e-09  1.29057e-09  6.21854e-10  1.90763e-10  3.60533e-11
     -0.1875    0.467106  3.04653e-10  2.68732e-10  1.41131e-10  4.81944e-11  1.02054e-11
           0         0.5  2.99972e-18  6.16399e-18  -5.70135e-18  2.71539e-18  -7.36179e-19
      0.1875    0.532894  -3.04653e-10  -2.68732e-10  -1.41131e-10  -4.81944e-11  -1.02054e-11
       0.375    0.565789  -1.56995e-09  -1.29057e-09  -6.21854e-10  -1.90763e-10  -3.60533e-11
      0.5625    0.598683  -7.45641e-09  -5.64237e-09  -2.44873e-09  -6.51374e-10  -1.02615e-10
        0.75    0.631578  -3.3598e-08  -2.31668e-08  -8.90757e-09  -1.97626e-09  -2.29479e-10
      0.9375    0.664472  -1.43229e-07  -8.887e-08  -2.96194e-08  -5.17129e-09  -3.09496e-10
       1.125    0.697366  -5.7503e-07  -3.15908e-07  -8.83806e-08  -1.09103e-08  2.70136e-10
      1.3125    0.730259  -2.16206e-06  -1.02944e-06  -2.29646e-07  -1.50974e-08  3.10493e-09
         1.5    0.763148  -7.56054e-06  -3.02955e-06  -4.91263e-07  3.32927e-09  9.33963e-09
      1.6875    0.796023  -2.43749e-05  -7.87227e-06  -7.51471e-07  9.62138e-08  1.0817e-08
       1.875    0.828852  -7.16319e-05  -1.73841e-05  -3.43237e-07  3.04091e-07  -2.52229e-08
      2.0625     0.86154  -0.000188943  -3.01694e-05  2.2781e-06  4.07213e-07  -1.24952e-07
        2.25    0.893844  -0.000437335  -3.24093e-05  8.15447e-06  -5.16402e-07  -1.09004e-07
      2.4375    0.925204  -0.000856406  1.13566e-05  1.16959e-05  -3.2604e-06  5.24754e-07
       2.625    0.954531  -0.00132355  0.000134787  -7.52697e-06  -2.58311e-06  1.01484e-06
      2.8125    0.980111  -0.0013361  0.000257065  -6.02543e-05  1.45456e-05  -2.83029e-06
           3           1           0           0           0           0           0
----------
T = 0.4
          -3           0           0           0           0           0           0
     -2.8125   0.0180329  0.00164839  -0.000347144  9.42372e-05  -2.66713e-05  5.81408e-06
      -2.625   0.0417188  0.00190939  -0.00025457  3.16633e-05  -1.00638e-06  -7.51431e-07
     -2.4375   0.0696781  0.00146837  -8.07274e-05  -1.09011e-05  6.38155e-06  -1.52324e-06
       -2.25    0.100365  0.000901665  2.16678e-05  -1.65498e-05  2.92525e-06  -2.36088e-07
     -2.0625    0.132564  0.000472463  4.8754e-05  -8.94374e-06  1.94111e-08  2.58786e-07
      -1.875    0.165506  0.000218769  3.96637e-05  -2.23456e-06  -6.71656e-07  1.69234e-07
     -1.6875    0.198778  9.14686e-05  2.35622e-05  6.54106e-07  -4.41494e-07  3.02979e-08
        -1.5    0.232184  3.50413e-05  1.16305e-05  1.13729e-06  -1.54095e-07  -1.86876e-08
     -1.3125     0.26564  1.24323e-05  5.02726e-06  8.06757e-07  -1.39584e-08  -1.73017e-08
      -1.125    0.299113  4.11878e-06  1.95691e-06  4.26953e-07  2.30827e-08  -7.1656e-09
     -0.9375    0.332592  1.28259e-06  6.97963e-07  1.89912e-07  2.09927e-08  -1.37724e-09
       -0.75    0.366073  3.77419e-07  2.30802e-07  7.45778e-08  1.1966e-08  3.97994e-10
     -0.5625    0.399555  1.05394e-07  7.13624e-08  2.65452e-08  5.48405e-09  5.26171e-10
      -0.375    0.433037  2.79555e-08  2.06984e-08  8.66629e-09  2.16032e-09  3.03845e-10
     -0.1875    0.466518  6.72453e-09  5.35596e-09  2.46093e-09  7.00914e-10  1.19901e-10
           0         0.5  -3.71975e-17  1.26445e-17  -8.46464e-18   4.233e-18  -1.22238e-18
      0.1875    0.533482  -6.72453e-09  -5.35596e-09  -2.46093e-09  -7.00914e-10  -1.19901e-10
       0.375    0.566963  -2.79555e-08  -2.06984e-08  -8.66629e-09  -2.16032e-09  -3.03845e-10
      0.5625    0.600445  -1.05394e-07  -7.13624e-08  -2.65452e-08  -5.48405e-09  -5.26171e-10
        0.75    0.633927  -3.77419e-07  -2.30802e-07  -7.45778e-08  -1.1966e-08  -3.97994e-10
      0.9375    0.667408  -1.28259e-06  -6.97963e-07  -1.89912e-07  -2.09927e-08  1.37724e-09
       1.125    0.700887  -4.11878e-06  -1.95691e-06  -4.26953e-07  -2.30827e-08  7.1656e-09
      1.3125     0.73436  -1.24323e-05  -5.02726e-06  -8.06757e-07  1.39584e-08  1.73017e-08
         1.5    0.767816  -3.50413e-05  -1.16305e-05  -1.13729e-06  1.54095e-07  1.86876e-08
      1.6875    0.801222  -9.14686e-05  -2.35622e-05  -6.54106e-07  4.41494e-07  -3.02979e-08
       1.875    0.834494  -0.000218769  -3.96637e-05  2.23456e-06  6.71656e-07  -1.69234e-07
      2.0625    0.867436  -0.000472463  -4.8754e-05  8.94374e-06  -1.94111e-08  -2.58786e-07
        2.25    0.899635  -0.000901665  -2.16678e-05  1.65498e-05  -2.92525e-06  2.36088e-07
      2.4375    0.930322  -0.00146837  8.07274e-05  1.09011e-05  -6.38155e-06  1.52324e-06
       2.625    0.958281  -0.00190939  0.00025457  -3.16633e-05  1.00638e-06  7.51431e-07
      2.8125    0.981967  -0.00164839  0.000347144  -9.42372e-05  2.66713e-05  -5.81408e-06
           3           1           0           0           0           0           0
----------
T = 0.5
          -3           0           0           0           0           0           0
     -2.8125   0.0165271  0.00188775  -0.000417231  0.000124571  -3.89852e-05  9.07812e-06
      -2.625   0.0385443  0.00243695  -0.000379516  6.54168e-05  -9.38101e-06  8.09142e-07
     -2.4375   0.0651245   0.0021135  -0.00018195  -1.46216e-07  7.94718e-06  -2.48945e-06
       -2.25   0.0949647   0.0014772  -2.16493e-05  -2.21481e-05  6.68162e-06  -1.14796e-06
     -2.0625     0.12685  0.000886859  5.17377e-05  -1.82074e-05  1.84803e-06  1.34653e-07
      -1.875    0.159884  0.000472962  6.22821e-05  -8.39941e-06  -5.7119e-07  3.72363e-07
     -1.6875    0.193504  0.00022878  4.67169e-05  -1.61893e-06  -9.05432e-07  1.83826e-07
        -1.5    0.227398  0.000101804  2.80256e-05  1.13354e-06  -5.37997e-07  2.29273e-08
     -1.3125    0.261411  4.21011e-05  1.45194e-05  1.52968e-06  -1.91533e-07  -2.92091e-08
      -1.125    0.295473  1.63082e-05  6.7362e-06  1.1069e-06  -1.96158e-08  -2.55672e-08
     -0.9375    0.329553  5.95417e-06  2.85757e-06  6.25787e-07  3.14614e-08  -1.16337e-08
       -0.75     0.36364  2.05947e-06  1.12333e-06  3.03624e-07  3.17733e-08  -2.90462e-09
     -0.5625    0.397729  6.77452e-07  4.12836e-07  1.31622e-07  2.00918e-08  3.02156e-10
      -0.375    0.431819  2.11608e-07  1.41922e-07  5.17019e-08  1.01265e-08  8.03094e-10
     -0.1875     0.46591  5.89452e-08  4.26228e-08  1.71449e-08  3.95038e-09  4.70086e-10
           0         0.5  -6.53446e-17  3.02736e-17  -1.5866e-17  7.00577e-18  -1.9358e-18
      0.1875     0.53409  -5.89452e-08  -4.26228e-08  -1.71449e-08  -3.95038e-09  -4.70086e-10
       0.375    0.568181  -2.11608e-07  -1.41922e-07  -5.17019e-08  -1.01265e-08  -8.03094e-10
      0.5625    0.602271  -6.77452e-07  -4.12836e-07  -1.31622e-07  -2.00918e-08  -3.02156e-10
        0.75     0.63636  -2.05947e-06  -1.12333e-06  -3.03624e-07  -3.17733e-08  2.90462e-09
      0.9375    0.670447  -5.95417e-06  -2.85757e-06  -6.25787e-07  -3.14614e-08  1.16337e-08
       1.125    0.704527  -1.63082e-05  -6.7362e-06  -1.1069e-06  1.96158e-08  2.55672e-08
      1.3125    0.738589  -4.21011e-05  -1.45194e-05  -1.52968e-06  1.91533e-07  2.92091e-08
         1.5    0.772602  -0.000101804  -2.80256e-05  -1.13354e-06  5.37997e-07  -2.29273e-08
      1.6875    0.806496  -0.00022878  -4.67169e-05  1.61893e-06  9.05432e-07  -1.83826e-07
       1.875    0.840116  -0.000472962  -6.22821e-05  8.39941e-06  5.7119e-07  -3.72363e-07
      2.0625     0.87315  -0.000886859  -5.17377e-05  1.82074e-05  -1.84803e-06  -1.34653e-07
        2.25    0.905035  -0.0014772  2.16493e-05  2.21481e-05  -6.68162e-06  1.14796e-06
      2.4375    0.934875  -0.0021135  0.00018195  1.46216e-07  -7.94718e-06  2.48945e-06
       2.625    0.961456  -0.00243695  0.000379516  -6.54168e-05  9.38101e-06  -8.09142e-07
      2.8125    0.983473  -0.00188775  0.000417231  -0.000124571  3.89852e-05  -9.07812e-06
           3           1           0           0           0           0           0
----------
T = 0.6
          -3           0           0           0           0           0           0
     -2.8125   0.0152675  0.00207085  -0.000467625  0.000148328  -4.95183e-05  1.20057e-05
      -2.625   0.0358101  0.00289946  -0.000499068  0.000104877  -2.19136e-05  3.67951e-06
     -2.4375   0.0610546  0.00275053  -0.000302576  2.07972e-05  6.32154e-06  -2.82225e-06
       -2.25   0.0899517  0.00211883  -9.5915e-05  -2.16402e-05  1.06273e-05  -2.45076e-06
     -2.0625    0.121365  0.00140962  3.09006e-05  -2.71902e-05  5.18278e-06  -4.69665e-07
      -1.875    0.154341  0.000836398  7.58082e-05  -1.74736e-05  5.76942e-07  4.42919e-07
     -1.6875      0.1882  0.000451673  7.20556e-05  -6.93415e-06  -1.10072e-06  4.25009e-07
        -1.5    0.222522  0.000225073  5.12357e-05  -6.36598e-07  -1.06897e-06  1.68358e-07
     -1.3125    0.257068  0.000104522  3.07903e-05  1.71298e-06  -5.84601e-07  4.60148e-09
      -1.125    0.291716  4.55773e-05  1.64233e-05  1.90717e-06  -2.02916e-07  -4.16015e-08
     -0.9375    0.326409  1.87731e-05  7.97885e-06  1.37026e-06  -1.60764e-08  -3.31934e-08
       -0.75     0.36112  7.33974e-06  3.58627e-06  8.01807e-07  4.14727e-08  -1.56298e-08
     -0.5625    0.395837  2.73286e-06  1.50528e-06  4.09601e-07  4.21809e-08  -4.44972e-09
      -0.375    0.430558  9.64789e-07  5.88496e-07  1.86297e-07  2.73021e-08  -6.12265e-11
     -0.1875    0.465279  2.98829e-07  1.96941e-07  6.93347e-08  1.24445e-08  6.3893e-10
           0         0.5  -1.12063e-16  4.36692e-17  -2.36407e-17  1.09094e-17  -3.0631e-18
      0.1875    0.534721  -2.98829e-07  -1.96941e-07  -6.93347e-08  -1.24445e-08  -6.3893e-10
       0.375    0.569442  -9.64789e-07  -5.88496e-07  -1.86297e-07  -2.73021e-08  6.12265e-11
      0.5625    0.604163  -2.73286e-06  -1.50528e-06  -4.09601e-07  -4.21809e-08  4.44972e-09
        0.75     0.63888  -7.33974e-06  -3.58627e-06  -8.01807e-07  -4.14727e-08  1.56298e-08
      0.9375    0.673591  -1.87731e-05  -7.97885e-06  -1.37026e-06  1.60764e-08  3.31934e-08
       1.125    0.708284  -4.55773e-05  -1.64233e-05  -1.90717e-06  2.02916e-07  4.16015e-08
      1.3125    0.742932  -0.000104522  -3.07903e-05  -1.71298e-06  5.84601e-07  -4.60148e-09
         1.5    0.777478  -0.000225073  -5.12357e-05  6.36598e-07  1.06897e-06  -1.68358e-07
      1.6875      0.8118  -0.000451673  -7.20556e-05  6.93415e-06  1.10072e-06  -4.25009e-07
       1.875    0.845659  -0.000836398  -7.58082e-05  1.74736e-05  -5.76942e-07  -4.42919e-07
      2.0625    0.878635  -0.00140962  -3.09006e-05  2.71902e-05  -5.18278e-06  4.69665e-07
        2.25    0.910048  -0.00211883  9.5915e-05  2.16402e-05  -1.06273e-05  2.45076e-06
      2.4375    0.938945  -0.00275053  0.000302576  -2.07972e-05  -6.32154e-06  2.82225e-06
       2.625     0.96419  -0.00289946  0.000499068  -0.000104877  2.19136e-05  -3.67951e-06
      2.8125    0.984733  -0.00207085  0.000467625  -0.000148328  4.95183e-05  -1.20057e-05
           3           1           0           0           0           0           0
----------
T = 0.7
          -3           0           0           0           0           0           0
     -2.8125   0.0141915  0.00220936  -0.000499292   0.0001637  -5.68536e-05  1.41268e-05
      -2.625   0.0334228  0.00329927  -0.000607569  0.000146459  -3.72808e-05  7.56014e-06
     -2.4375   0.0573977  0.00335736  -0.000432543  5.08154e-05  6.16558e-07  -2.09155e-06
       -2.25   0.0853056  0.00279184  -0.000195311  -1.33271e-05  1.34164e-05  -3.76352e-06
     -2.0625    0.116131  0.00201437  -1.63818e-05  -3.32013e-05  9.56196e-06  -1.58573e-06
      -1.875    0.148916  0.00130052  7.29629e-05  -2.77716e-05  3.07368e-06  1.75401e-07
     -1.6875    0.182907  0.000766191  9.30704e-05  -1.5162e-05  -5.7666e-07  6.32303e-07
        -1.5    0.217584  0.000417512  7.79795e-05  -4.93798e-06  -1.49099e-06  4.1644e-07
     -1.3125    0.252627  0.000212491  5.34003e-05  5.17725e-07  -1.14711e-06  1.29365e-07
      -1.125    0.287851  0.000101748  3.20364e-05  2.31338e-06  -5.82338e-07  -2.05988e-08
     -0.9375    0.323162  4.61026e-05  1.74021e-05  2.24317e-06  -1.89757e-07  -5.42784e-08
       -0.75    0.358511  1.98573e-05  8.71998e-06  1.58177e-06  -3.64393e-09  -3.95331e-08
     -0.5625    0.393877  8.15158e-06  4.07132e-06  9.36705e-07  5.18417e-08  -1.88588e-08
      -0.375    0.429249  3.16508e-06  1.76086e-06  4.81973e-07  4.82987e-08  -6.11977e-09
     -0.1875    0.464624  1.06178e-06  6.39493e-07  1.9647e-07  2.59024e-08  -1.11684e-09
           0         0.5  -1.50959e-16  7.36685e-17  -3.73452e-17  1.63198e-17  -4.50436e-18
      0.1875    0.535376  -1.06178e-06  -6.39493e-07  -1.9647e-07  -2.59024e-08  1.11684e-09
       0.375    0.570751  -3.16508e-06  -1.76086e-06  -4.81973e-07  -4.82987e-08  6.11977e-09
      0.5625    0.606123  -8.15158e-06  -4.07132e-06  -9.36705e-07  -5.18417e-08  1.88588e-08
        0.75    0.641489  -1.98573e-05  -8.71998e-06  -1.58177e-06  3.64393e-09  3.95331e-08
      0.9375    0.676838  -4.61026e-05  -1.74021e-05  -2.24317e-06  1.89757e-07  5.42784e-08
       1.125    0.712149  -0.000101748  -3.20364e-05  -2.31338e-06  5.82338e-07  2.05988e-08
      1.3125    0.747373  -0.000212491  -5.34003e-05  -5.17725e-07  1.14711e-06  -1.29365e-07
         1.5    0.782416  -0.000417512  -7.79795e-05  4.93798e-06  1.49099e-06  -4.1644e-07
      1.6875    0.817093  -0.000766191  -9.30704e-05  1.5162e-05  5.7666e-07  -6.32303e-07
       1.875    0.851084  -0.00130052  -7.29629e-05  2.77716e-05  -3.07368e-06  -1.75401e-07
      2.0625    0.883869  -0.00201437  1.63818e-05  3.32013e-05  -9.56196e-06  1.58573e-06
        2.25    0.914694  -0.00279184  0.000195311  1.33271e-05  -1.34164e-05  3.76352e-06
      2.4375    0.942602  -0.00335736  0.000432543  -5.08154e-05  -6.16558e-07  2.09155e-06
       2.625    0.966577  -0.00329927  0.000607569  -0.000146459  3.72808e-05  -7.56014e-06
      2.8125    0.985809  -0.00220936  0.000499292  -0.0001637  5.68536e-05  -1.41268e-05
           3           1           0           0           0           0           0
----------
T = 0.8
          -3           0           0           0           0           0           0
     -2.8125   0.0132578  0.00231165  -0.000513346  0.000169662  -6.00737e-05  1.51261e-05
      -2.625   0.0313156  0.00364143  -0.000701724  0.000186887  -5.38393e-05  1.19882e-05
     -2.4375   0.0540948  0.00392294  -0.000564543  8.8245e-05  -9.38054e-06  -9.29028e-08
       -2.25   0.0809997  0.00347123  -0.000313076  3.36339e-06  1.38533e-05  -4.66063e-06
     -2.0625    0.111155  0.00267625  -8.89865e-05  -3.42409e-05  1.41834e-05  -3.0653e-06
      -1.875    0.143639  0.00185155  4.94254e-05  -3.73462e-05  6.87215e-06  -5.53654e-07
     -1.6875    0.177657  0.00117137  0.000103785  -2.54201e-05  1.01447e-06  6.43099e-07
        -1.5    0.212614  0.000686672  0.000103813  -1.19537e-05  -1.46885e-06  6.98632e-07
     -1.3125    0.248107  0.000376604  8.03991e-05  -2.73133e-06  -1.71762e-06  3.59296e-07
      -1.125    0.283888  0.000194638  5.35348e-05  1.68606e-06  -1.14266e-06  7.60654e-08
     -0.9375    0.319816  9.53232e-05  3.20062e-05  2.86497e-06  -5.3927e-07  -4.81569e-08
       -0.75    0.355815  4.44276e-05  1.75747e-05  2.50791e-06  -1.58928e-07  -6.58114e-08
     -0.5625    0.391847  1.97399e-05  8.96111e-06  1.71633e-06  1.15348e-08  -4.45233e-08
      -0.375    0.427893  8.27029e-06  4.20509e-06  9.85904e-07  5.42259e-08  -2.15755e-08
     -0.1875    0.463945  2.95155e-06  1.6276e-06  4.33525e-07  3.74265e-08  -7.54385e-09
           0         0.5  -1.25537e-16  8.95568e-17  -5.34861e-17  2.41908e-17  -6.68039e-18
      0.1875    0.536055  -2.95155e-06  -1.6276e-06  -4.33525e-07  -3.74265e-08  7.54385e-09
       0.375    0.572107  -8.27029e-06  -4.20509e-06  -9.85904e-07  -5.42259e-08  2.15755e-08
      0.5625    0.608153  -1.97399e-05  -8.96111e-06  -1.71633e-06  -1.15348e-08  4.45233e-08
        0.75    0.644185  -4.44276e-05  -1.75747e-05  -2.50791e-06  1.58928e-07  6.58114e-08
      0.9375    0.680184  -9.53232e-05  -3.20062e-05  -2.86497e-06  5.3927e-07  4.81569e-08
       1.125    0.716112  -0.000194638  -5.35348e-05  -1.68606e-06  1.14266e-06  -7.60654e-08
      1.3125    0.751893  -0.000376604  -8.03991e-05  2.73133e-06  1.71762e-06  -3.59296e-07
         1.5    0.787386  -0.000686672  -0.000103813  1.19537e-05  1.46885e-06  -6.98632e-07
      1.6875    0.822343  -0.00117137  -0.000103785  2.54201e-05  -1.01447e-06  -6.43099e-07
       1.875    0.856361  -0.00185155  -4.94254e-05  3.73462e-05  -6.87215e-06  5.53654e-07
      2.0625    0.888845  -0.00267625  8.89865e-05  3.42409e-05  -1.41834e-05  3.0653e-06
        2.25       0.919  -0.00347123  0.000313076  -3.36339e-06  -1.38533e-05  4.66063e-06
      2.4375    0.945905  -0.00392294  0.000564543  -8.8245e-05  9.38054e-06  9.29028e-08
       2.625    0.968684  -0.00364143  0.000701724  -0.000186887  5.38393e-05  -1.19882e-05
      2.8125    0.986742  -0.00231165  0.000513346  -0.000169662  6.00737e-05  -1.51261e-05
           3           1           0           0           0           0           0
----------
T = 0.9
          -3           0           0           0           0           0           0
     -2.8125   0.0124379  0.00238396  -0.000511072  0.000165867  -5.87151e-05  1.48333e-05
      -2.625   0.0294393  0.00393129  -0.00077931  0.000223124  -6.98358e-05  1.64318e-05
     -2.4375   0.0510976  0.00444249  -0.00069337  0.000131148  -2.33373e-05  3.17175e-06
       -2.25   0.0770058  0.00413974  -0.00044295  2.83173e-05  1.10334e-05  -4.76899e-06
     -2.0625    0.106434  0.00337387  -0.000183753  -2.9009e-05  1.81105e-05  -4.64527e-06
      -1.875    0.138526  0.00247386  3.51131e-06  -4.44107e-05  1.16275e-05  -1.75231e-06
     -1.6875    0.172478  0.00166163  9.95802e-05  -3.64344e-05  3.83414e-06  3.13589e-07
        -1.5    0.207636  0.00103563  0.000124098  -2.13314e-05  -6.82113e-07  9.00592e-07
     -1.3125    0.243527  0.000604665  0.000108839  -8.37821e-06  -2.05892e-06  6.63485e-07
      -1.125    0.279838  0.000333101  7.98573e-05  -5.59172e-07  -1.78989e-06  2.70836e-07
     -0.9375    0.316376  0.000174083  5.20069e-05  2.74593e-06  -1.07092e-06  1.74017e-08
       -0.75    0.353033  8.66514e-05  3.09198e-05  3.30058e-06  -4.70306e-07  -7.44911e-08
     -0.5625    0.389747  4.11113e-05  1.69904e-05  2.64498e-06  -1.24746e-07  -7.52954e-08
      -0.375    0.426488  1.8328e-05  8.52907e-06  1.68783e-06  1.42108e-08  -4.75185e-08
     -0.1875    0.463242  6.87087e-06  3.47354e-06  7.9345e-07  3.26314e-08  -2.07552e-08
           0         0.5  -1.49399e-16  1.07487e-16  -6.97111e-17  3.32993e-17  -9.41648e-18
      0.1875    0.536758  -6.87087e-06  -3.47354e-06  -7.9345e-07  -3.26314e-08  2.07552e-08
       0.375    0.573512  -1.8328e-05  -8.52907e-06  -1.68783e-06  -1.42108e-08  4.75185e-08
      0.5625    0.610253  -4.11113e-05  -1.69904e-05  -2.64498e-06  1.24746e-07  7.52954e-08
        0.75    0.646967  -8.66514e-05  -3.09198e-05  -3.30058e-06  4.70306e-07  7.44911e-08
      0.9375    0.683624  -0.000174083  -5.20069e-05  -2.74593e-06  1.07092e-06  -1.74017e-08
       1.125    0.720162  -0.000333101  -7.98573e-05  5.59172e-07  1.78989e-06  -2.70836e-07
      1.3125    0.756473  -0.000604665  -0.000108839  8.37821e-06  2.05892e-06  -6.63485e-07
         1.5    0.792364  -0.00103563  -0.000124098  2.13314e-05  6.82113e-07  -9.00592e-07
      1.6875    0.827522  -0.00166163  -9.95802e-05  3.64344e-05  -3.83414e-06  -3.13589e-07
       1.875    0.861474  -0.00247386  -3.51131e-06  4.44107e-05  -1.16275e-05  1.75231e-06
      2.0625    0.893566  -0.00337387  0.000183753  2.9009e-05  -1.81105e-05  4.64527e-06
        2.25    0.922994  -0.00413974  0.00044295  -2.83173e-05  -1.10334e-05  4.76899e-06
      2.4375    0.948902  -0.00444249  0.00069337  -0.000131148  2.33373e-05  -3.17175e-06
       2.625    0.970561  -0.00393129  0.00077931  -0.000223124  6.98358e-05  -1.64318e-05
      2.8125    0.987562  -0.00238396  0.000511072  -0.000165867  5.87151e-05  -1.48333e-05
           3           1           0           0           0           0           0
----------
T = 1
          -3           0           0           0           0           0           0
     -2.8125    0.011711   0.0024313  -0.000494039  0.000152603  -5.27327e-05  1.32123e-05
      -2.625   0.0277565  0.00417373  -0.000838624  0.000252377  -8.35487e-05  2.03525e-05
     -2.4375    0.048366  0.00491465  -0.000815168  0.000177366  -4.04835e-05  7.52867e-06
       -2.25   0.0732969   0.0047858  -0.00057964  6.10013e-05  4.38244e-06  -3.8134e-06
     -2.0625    0.101962  0.00408963  -0.00029667  -1.67614e-05  2.04148e-05  -6.01301e-06
      -1.875    0.133589  0.00315189  -6.44888e-05  -4.75033e-05  1.67848e-05  -3.3218e-06
     -1.6875    0.167389  0.00222869  7.74141e-05  -4.68223e-05  7.83885e-06  -4.43154e-07
        -1.5    0.202673  0.00146394  0.000134637  -3.23396e-05  1.10835e-06  8.9522e-07
     -1.3125    0.238906  0.000901713  0.000135298  -1.64065e-05  -1.90878e-06  9.70872e-07
      -1.125    0.275714  0.000524534  0.000109139  -4.83174e-06  -2.36609e-06  5.57651e-07
     -0.9375    0.312851  0.000289716  7.69235e-05  1.39041e-06  -1.73801e-06  1.67799e-07
       -0.75    0.350168  0.000152491  4.91005e-05  3.58185e-06  -9.57776e-07  -3.93134e-08
     -0.5625    0.387578  7.64654e-05  2.87943e-05  3.51074e-06  -3.9868e-07  -9.62343e-08
      -0.375    0.425035  3.58955e-05  1.53014e-05  2.5003e-06  -1.07926e-07  -7.90033e-08
     -0.1875    0.462513  1.40046e-05  6.49632e-06  1.25194e-06  -8.00644e-09  -4.02272e-08
           0         0.5  -1.5732e-16  1.33976e-16  -9.11935e-17  4.45067e-17  -1.27262e-17
      0.1875    0.537487  -1.40046e-05  -6.49632e-06  -1.25194e-06  8.00644e-09  4.02272e-08
       0.375    0.574965  -3.58955e-05  -1.53014e-05  -2.5003e-06  1.07926e-07  7.90033e-08
      0.5625    0.612422  -7.64654e-05  -2.87943e-05  -3.51074e-06  3.9868e-07  9.62343e-08
        0.75    0.649832  -0.000152491  -4.91005e-05  -3.58185e-06  9.57776e-07  3.93134e-08
      0.9375    0.687149  -0.000289716  -7.69235e-05  -1.39041e-06  1.73801e-06  -1.67799e-07
       1.125    0.724286  -0.000524534  -0.000109139  4.83174e-06  2.36609e-06  -5.57651e-07
      1.3125    0.761094  -0.000901713  -0.000135298  1.64065e-05  1.90878e-06  -9.70872e-07
         1.5    0.797327  -0.00146394  -0.000134637  3.23396e-05  -1.10835e-06  -8.9522e-07
      1.6875    0.832611  -0.00222869  -7.74141e-05  4.68223e-05  -7.83885e-06  4.43154e-07
       1.875    0.866411  -0.00315189  6.44888e-05  4.75033e-05  -1.67848e-05  3.3218e-06
      2.0625    0.898038  -0.00408963  0.00029667  1.67614e-05  -2.04148e-05  6.01301e-06
        2.25    0.926703  -0.0047858  0.00057964  -6.10013e-05  -4.38244e-06  3.8134e-06
      2.4375    0.951634  -0.00491465  0.000815168  -0.000177366  4.04835e-05  -7.52867e-06
       2.625    0.972244  -0.00417373  0.000838624  -0.000252377  8.35487e-05  -2.03525e-05
      2.8125    0.988289  -0.0024313  0.000494039  -0.000152603  5.27327e-05  -1.32123e-05
           3           1           0           0           0           0           0
----------
T = 1.1
          -3           0           0           0           0           0           0
     -2.8125   0.0110614  0.00245791  -0.000464184  0.000130761  -4.24644e-05  1.03475e-05
      -2.625   0.0262382  0.00437302  -0.000878324  0.000272185  -9.34099e-05  2.32536e-05
     -2.4375   0.0458671  0.00533979  -0.000926834  0.000224501  -5.96905e-05  1.26649e-05
       -2.25   0.0698479  0.00540193  -0.000718828  0.000100586  -6.34105e-06  -1.63347e-06
     -2.0625   0.0977286  0.00480952  -0.000423591  2.84195e-06  2.02625e-05  -6.85532e-06
      -1.875    0.128833  0.00387108  -0.000152969  -4.55094e-05  2.16667e-05  -5.08303e-06
     -1.6875    0.162406  0.00286283  3.57112e-05  -5.52658e-05  1.27985e-05  -1.64212e-06
        -1.5    0.197743  0.00196862  0.000132001  -4.40311e-05  4.02377e-06   5.719e-07
     -1.3125    0.234262  0.00127033  0.000156304  -2.64897e-05  -1.02495e-06  1.18578e-06
      -1.125     0.27153  0.000774701  0.000138979  -1.13149e-05  -2.6746e-06  8.99686e-07
     -0.9375    0.309248  0.00044886  0.000105651  -1.62003e-06  -2.44374e-06  4.1204e-07
       -0.75    0.347225  0.000247905  7.19799e-05  2.93616e-06  -1.60601e-06  6.49555e-08
     -0.5625    0.385342  0.000130336  4.47244e-05  4.01723e-06  -8.35932e-07  -8.58854e-08
      -0.375    0.423532  6.39059e-05  2.49616e-05  3.25839e-06  -3.45038e-07  -1.04155e-07
     -0.1875    0.461759  2.57679e-05  1.09724e-05  1.74154e-06  -1.04925e-07  -6.15191e-08
           0         0.5  -1.50148e-16  1.46681e-16  -1.12467e-16  5.75185e-17  -1.67314e-17
      0.1875    0.538241  -2.57679e-05  -1.09724e-05  -1.74154e-06  1.04925e-07  6.15191e-08
       0.375    0.576468  -6.39059e-05  -2.49616e-05  -3.25839e-06  3.45038e-07  1.04155e-07
      0.5625    0.614658  -0.000130336  -4.47244e-05  -4.01723e-06  8.35932e-07  8.58854e-08
        0.75    0.652775  -0.000247905  -7.19799e-05  -2.93616e-06  1.60601e-06  -6.49555e-08
      0.9375    0.690752  -0.00044886  -0.000105651  1.62003e-06  2.44374e-06  -4.1204e-07
       1.125     0.72847  -0.000774701  -0.000138979  1.13149e-05  2.6746e-06  -8.99686e-07
      1.3125    0.765738  -0.00127033  -0.000156304  2.64897e-05  1.02495e-06  -1.18578e-06
         1.5    0.802257  -0.00196862  -0.000132001  4.40311e-05  -4.02377e-06  -5.719e-07
      1.6875    0.837594  -0.00286283  -3.57112e-05  5.52658e-05  -1.27985e-05  1.64212e-06
       1.875    0.871167  -0.00387108  0.000152969  4.55094e-05  -2.16667e-05  5.08303e-06
      2.0625    0.902271  -0.00480952  0.000423591  -2.84195e-06  -2.02625e-05  6.85532e-06
        2.25    0.930152  -0.00540193  0.000718828  -0.000100586  6.34105e-06  1.63347e-06
      2.4375    0.954133  -0.00533979  0.000926834  -0.000224501  5.96905e-05  -1.26649e-05
       2.625    0.973762  -0.00437302  0.000878324  -0.000272185  9.34099e-05  -2.32536e-05
      2.8125    0.988939  -0.00245791  0.000464184  -0.000130761  4.24644e-05  -1.03475e-05
           3           1           0           0           0           0           0
----------
T = 1.2
          -3           0           0           0           0           0           0
     -2.8125    0.010477  0.00246759  -0.000423832  0.000101778  -2.85819e-05  6.4279e-06
      -2.625   0.0248614  0.00453287  -0.00089749  0.00028057  -9.81237e-05  2.47218e-05
     -2.4375   0.0435733  0.00571909  -0.00102561  0.000269906  -7.95391e-05  1.81583e-05
       -2.25   0.0666361  0.00598351  -0.000856979  0.000145972  -2.10501e-05  1.81157e-06
     -2.0625   0.0937237  0.00552262  -0.000560619  2.98511e-05  1.69637e-05  -6.89084e-06
      -1.875     0.12426  0.00461837  -0.000259551  -3.76233e-05  2.55442e-05  -6.80649e-06
     -1.6875    0.157541   0.0035538  -2.58805e-05  -6.05969e-05  1.83318e-05  -3.22745e-06
        -1.5    0.192863  0.00254485  0.000113659  -5.53736e-05  8.05447e-06  -1.43678e-07
     -1.3125     0.22961  0.00171106  0.000168622  -3.80708e-05  7.81197e-07  1.20617e-06
      -1.125    0.267299  0.00108776  0.000166693  -1.99652e-05  -2.50698e-06  1.23466e-06
     -0.9375    0.305578  0.000657251  0.000136582  -6.5756e-06  -3.05173e-06  7.38083e-07
       -0.75    0.344209  0.00037857  9.89453e-05  9.67147e-07  -2.36178e-06  2.55639e-07
     -0.5625    0.383041  0.000207359  6.47928e-05  3.82068e-06  -1.43793e-06  -2.06255e-08
      -0.375    0.421983  0.000105518  3.77552e-05  3.73522e-06  -7.18711e-07  -1.05492e-07
     -0.1875     0.46098  4.37366e-05  1.70958e-05  2.15517e-06  -2.74954e-07  -7.6222e-08
           0         0.5  -2.00952e-16  1.83332e-16  -1.38758e-16  7.20418e-17  -2.11807e-17
      0.1875     0.53902  -4.37366e-05  -1.70958e-05  -2.15517e-06  2.74954e-07  7.6222e-08
       0.375    0.578017  -0.000105518  -3.77552e-05  -3.73522e-06  7.18711e-07  1.05492e-07
      0.5625    0.616959  -0.000207359  -6.47928e-05  -3.82068e-06  1.43793e-06  2.06255e-08
        0.75    0.655791  -0.00037857  -9.89453e-05  -9.67147e-07  2.36178e-06  -2.55639e-07
      0.9375    0.694422  -0.000657251  -0.000136582  6.5756e-06  3.05173e-06  -7.38083e-07
       1.125    0.732701  -0.00108776  -0.000166693  1.99652e-05  2.50698e-06  -1.23466e-06
      1.3125     0.77039  -0.00171106  -0.000168622  3.80708e-05  -7.81197e-07  -1.20617e-06
         1.5    0.807137  -0.00254485  -0.000113659  5.53736e-05  -8.05447e-06  1.43678e-07
      1.6875    0.842459  -0.0035538  2.58805e-05  6.05969e-05  -1.83318e-05  3.22745e-06
       1.875     0.87574  -0.00461837  0.000259551  3.76233e-05  -2.55442e-05  6.80649e-06
      2.0625    0.906276  -0.00552262  0.000560619  -2.98511e-05  -1.69637e-05  6.89084e-06
        2.25    0.933364  -0.00598351  0.000856979  -0.000145972  2.10501e-05  -1.81157e-06
      2.4375    0.956427  -0.00571909  0.00102561  -0.000269906  7.95391e-05  -1.81583e-05
       2.625    0.975139  -0.00453287  0.00089749  -0.00028057  9.81237e-05  -2.47218e-05
      2.8125    0.989523  -0.00246759  0.000423832  -0.000101778  2.85819e-05  -6.4279e-06
           3           1           0           0           0           0           0
----------
T = 1.3
          -3           0           0           0           0           0           0
     -2.8125   0.0099479  0.00246389  -0.000375653  6.75293e-05  -1.20255e-05  1.72526e-06
      -2.625   0.0236077  0.00465673  -0.000895782  0.000276209  -9.67792e-05  2.44642e-05
     -2.4375   0.0414617  0.00605398  -0.00110884  0.000310719  -9.83966e-05  2.35087e-05
       -2.25    0.063641  0.00652783  -0.000991076  0.000195763  -3.93284e-05  6.44182e-06
     -2.0625    0.089935  0.00622064  -0.000704271  6.40932e-05  1.0001e-05  -5.89062e-06
      -1.875    0.119868  0.00538232  -0.000381488  -2.32912e-05  2.76915e-05  -8.23877e-06
     -1.6875    0.152801  0.00429137  -0.000106771  -6.18273e-05  2.39457e-05  -5.08239e-06
        -1.5    0.188046  0.00318666  7.79693e-05  -6.53396e-05  1.30627e-05  -1.27919e-06
     -1.3125    0.224965  0.00222279  0.00016944  -5.04434e-05  3.62289e-06  9.39981e-07
      -1.125    0.263033  0.00146641  0.000189523  -3.054e-05  -1.66735e-06  1.48418e-06
     -0.9375    0.301848  0.00091964  0.000167747  -1.36161e-05  -3.4001e-06  1.11283e-06
       -0.75    0.341126  0.000549699  0.000128955  -2.65855e-06  -3.13659e-06  5.37268e-07
     -0.5625    0.380679  0.000312076  8.86572e-05  2.56952e-06  -2.1776e-06  1.20413e-07
      -0.375    0.420387  0.000163974  5.36965e-05  3.66641e-06  -1.23342e-06  -6.28266e-08
     -0.1875    0.460177  6.95745e-05  2.49512e-05  2.35656e-06  -5.27528e-07  -7.30414e-08
           0         0.5  -1.37505e-16  2.0528e-16  -1.70614e-16  9.00468e-17  -2.65811e-17
      0.1875    0.539823  -6.95745e-05  -2.49512e-05  -2.35656e-06  5.27528e-07  7.30414e-08
       0.375    0.579613  -0.000163974  -5.36965e-05  -3.66641e-06  1.23342e-06  6.28266e-08
      0.5625    0.619321  -0.000312076  -8.86572e-05  -2.56952e-06  2.1776e-06  -1.20413e-07
        0.75    0.658874  -0.000549699  -0.000128955  2.65855e-06  3.13659e-06  -5.37268e-07
      0.9375    0.698152  -0.00091964  -0.000167747  1.36161e-05  3.4001e-06  -1.11283e-06
       1.125    0.736967  -0.00146641  -0.000189523   3.054e-05  1.66735e-06  -1.48418e-06
      1.3125    0.775035  -0.00222279  -0.00016944  5.04434e-05  -3.62289e-06  -9.39981e-07
         1.5    0.811954  -0.00318666  -7.79693e-05  6.53396e-05  -1.30627e-05  1.27919e-06
      1.6875    0.847199  -0.00429137  0.000106771  6.18273e-05  -2.39457e-05  5.08239e-06
       1.875    0.880132  -0.00538232  0.000381488  2.32912e-05  -2.76915e-05  8.23877e-06
      2.0625    0.910065  -0.00622064  0.000704271  -6.40932e-05  -1.0001e-05  5.89062e-06
        2.25    0.936359  -0.00652783  0.000991076  -0.000195763  3.93284e-05  -6.44182e-06
      2.4375    0.958538  -0.00605398  0.00110884  -0.000310719  9.83966e-05  -2.35087e-05
       2.625    0.976392  -0.00465673  0.000895782  -0.000276209  9.67792e-05  -2.44642e-05
      2.8125    0.990052  -0.00246389  0.000375653  -6.75293e-05  1.20255e-05  -1.72526e-06
           3           1           0           0           0           0           0
----------
T = 1.4
          -3           0           0           0           0           0           0
     -2.8125   0.0094663  0.00245013  -0.000322546  3.02029e-05  6.0782e-06  -3.431e-06
      -2.625   0.0224618  0.00474795  -0.000873614  0.000258594  -8.89406e-05  2.23358e-05
     -2.4375   0.0395127  0.00634589  -0.00117396  0.000343969  -0.000114517  2.81753e-05
       -2.25    0.060844  0.00703342  -0.00111836  0.000248203  -6.04232e-05  1.20567e-05
     -2.0625   0.0863507  0.00689737  -0.000851495  0.000105194  -9.47611e-07  -3.69211e-06
      -1.875    0.115657  0.00615318  -0.000515945  -2.15725e-06  2.74238e-05  -9.1238e-06
     -1.6875    0.148193  0.00506574  -0.000205696  -5.81466e-05  2.90733e-05  -7.04298e-06
        -1.5    0.183302   0.0038873  2.41006e-05  -7.29606e-05  1.87954e-05  -2.81288e-06
     -1.3125     0.22034   0.0028031  0.000156463  -6.28196e-05  7.52639e-06  3.17528e-07
      -1.125    0.258743  0.00191201  0.000204802  -4.26378e-05  7.98475e-09  1.56434e-06
     -0.9375    0.298068  0.00123978  0.000196946  -2.27298e-05  -3.31639e-06  1.48549e-06
       -0.75    0.337983  0.000765923  0.000160607  -8.1825e-06  -3.81276e-06  8.99134e-07
     -0.5625     0.37826  0.000448794  0.000115634  -6.04004e-08  -2.99874e-06  3.50949e-07
      -0.375    0.418748  0.000242476  7.25556e-05  2.77729e-06  -1.87314e-06  4.31727e-08
     -0.1875     0.45935  0.000104967  3.44998e-05  2.1941e-06  -8.62094e-07  -3.95913e-08
           0         0.5  -1.73785e-16  2.29524e-16  -2.00982e-16  1.09346e-16  -3.26822e-17
      0.1875     0.54065  -0.000104967  -3.44998e-05  -2.1941e-06  8.62094e-07  3.95913e-08
       0.375    0.581252  -0.000242476  -7.25556e-05  -2.77729e-06  1.87314e-06  -4.31727e-08
      0.5625     0.62174  -0.000448794  -0.000115634  6.04004e-08  2.99874e-06  -3.50949e-07
        0.75    0.662017  -0.000765923  -0.000160607  8.1825e-06  3.81276e-06  -8.99134e-07
      0.9375    0.701932  -0.00123978  -0.000196946  2.27298e-05  3.31639e-06  -1.48549e-06
       1.125    0.741257  -0.00191201  -0.000204802  4.26378e-05  -7.98475e-09  -1.56434e-06
      1.3125     0.77966  -0.0028031  -0.000156463  6.28196e-05  -7.52639e-06  -3.17528e-07
         1.5    0.816698  -0.0038873  -2.41006e-05  7.29606e-05  -1.87954e-05  2.81288e-06
      1.6875    0.851807  -0.00506574  0.000205696  5.81466e-05  -2.90733e-05  7.04298e-06
       1.875    0.884343  -0.00615318  0.000515945  2.15725e-06  -2.74238e-05  9.1238e-06
      2.0625    0.913649  -0.00689737  0.000851495  -0.000105194  9.47611e-07  3.69211e-06
        2.25    0.939156  -0.00703342  0.00111836  -0.000248203  6.04232e-05  -1.20567e-05
      2.4375    0.960487  -0.00634589  0.00117396  -0.000343969  0.000114517  -2.81753e-05
       2.625    0.977538  -0.00474795  0.000873614  -0.000258594  8.89406e-05  -2.23358e-05
      2.8125    0.990534  -0.00245013  0.000322546  -3.02029e-05  -6.0782e-06   3.431e-06
           3           1           0           0           0           0           0
----------
T = 1.5
          -3           0           0           0           0           0           0
     -2.8125  0.00902556  0.00242944  -0.000267495  -7.86767e-06  2.45083e-05  -8.68206e-06
      -2.625   0.0214108  0.00480999  -0.000832284  0.000228132  -7.47012e-05  1.83544e-05
     -2.4375   0.0377099   0.0065962  -0.00121856  0.000366761  -0.000126175  3.16226e-05
       -2.25   0.0582288  0.00749949  -0.00123608  0.00030112  -8.3242e-05  1.83373e-05
     -2.0625   0.0829594  0.00754829  -0.000999601  0.000152558  -1.59842e-05  -2.10645e-07
      -1.875    0.111621  0.00692273  -0.000660177  2.59764e-05  2.41261e-05  -9.2194e-06
     -1.6875     0.14372  0.00586774  -0.00032095  -4.8904e-05  3.31068e-05  -8.9122e-06
        -1.5    0.178642  0.00463968  -4.80861e-05  -7.73561e-05  2.49012e-05  -4.67579e-06
     -1.3125    0.215745  0.00344856  0.000127946  -7.43825e-05  1.24272e-05  -7.00347e-07
      -1.125    0.254442  0.00242478  0.000210065  -5.5739e-05  2.63563e-06  1.39564e-06
     -0.9375    0.294247  0.00162048  0.000221866  -3.37646e-05  -2.63174e-06  1.79285e-06
       -0.75    0.334785  0.00103124  0.000192216  -1.57391e-05  -4.25144e-06  1.31508e-06
     -0.5625    0.375787  0.000621486  0.000144731  -4.33819e-06  -3.81798e-06  6.74308e-07
      -0.375    0.417067   0.0003441  9.38629e-05  8.08201e-07  -2.60028e-06  2.27503e-07
     -0.1875      0.4585  0.000151569  4.55761e-05  1.51511e-06  -1.26672e-06  3.55685e-08
           0         0.5  -2.3006e-16  2.80233e-16  -2.41688e-16  1.31734e-16  -3.94909e-17
      0.1875      0.5415  -0.000151569  -4.55761e-05  -1.51511e-06  1.26672e-06  -3.55685e-08
       0.375    0.582933  -0.0003441  -9.38629e-05  -8.08201e-07  2.60028e-06  -2.27503e-07
      0.5625    0.624213  -0.000621486  -0.000144731  4.33819e-06  3.81798e-06  -6.74308e-07
        0.75    0.665215  -0.00103124  -0.000192216  1.57391e-05  4.25144e-06  -1.31508e-06
      0.9375    0.705753  -0.00162048  -0.000221866  3.37646e-05  2.63174e-06  -1.79285e-06
       1.125    0.745558  -0.00242478  -0.000210065  5.5739e-05  -2.63563e-06  -1.39564e-06
      1.3125    0.784255  -0.00344856  -0.000127946  7.43825e-05  -1.24272e-05  7.00347e-07
         1.5    0.821358  -0.00463968  4.80861e-05  7.73561e-05  -2.49012e-05  4.67579e-06
      1.6875     0.85628  -0.00586774  0.00032095  4.8904e-05  -3.31068e-05  8.9122e-06
       1.875    0.888379  -0.00692273  0.000660177  -2.59764e-05  -2.41261e-05  9.2194e-06
      2.0625    0.917041  -0.00754829  0.000999601  -0.000152558  1.59842e-05  2.10645e-07
        2.25    0.941771  -0.00749949  0.00123608  -0.00030112  8.3242e-05  -1.83373e-05
      2.4375     0.96229  -0.0065962  0.00121856  -0.000366761  0.000126175  -3.16226e-05
       2.625    0.978589  -0.00480999  0.000832284  -0.000228132  7.47012e-05  -1.83544e-05
      2.8125    0.990974  -0.00242944  0.000267495  7.86767e-06  -2.45083e-05  8.68206e-06
           3           1           0           0           0           0           0
----------
T = 1.6
          -3           0           0           0           0           0           0
     -2.8125  0.00862017  0.00240465  -0.000213393  -4.43683e-05  4.20441e-05  -1.36679e-05
      -2.625   0.0204439  0.00484652  -0.000774016  0.000186159  -5.46838e-05  1.26988e-05
     -2.4375   0.0360391  0.00680633  -0.00124059  0.00037653  -0.000131826  3.33725e-05
       -2.25   0.0557807   0.0079256  -0.00134135  0.000351897  -0.000106364  2.48539e-05
     -2.0625   0.0797499  0.00817011  -0.00114613  0.000205313  -3.49582e-05  4.54894e-06
      -1.875    0.107756  0.00768419  -0.000811631  6.11723e-05  1.72765e-05  -8.31032e-06
     -1.6875    0.139385  0.00668894  -0.000450579  -3.35839e-05  3.54243e-05  -1.0473e-05
        -1.5    0.174072  0.00543656  -0.000138167  -7.77437e-05  3.09499e-05  -6.75717e-06
     -1.3125    0.211191  0.00415499  8.26808e-05  -8.43222e-05  1.81722e-05  -2.11792e-06
      -1.125    0.250139  0.00300397  0.000203128  -6.92432e-05  6.27486e-06  9.11354e-07
     -0.9375    0.290394  0.00206365  0.000240184  -4.64463e-05  -1.19366e-06  1.96542e-06
       -0.75    0.331541    0.001349  0.000221893  -2.53504e-05  -4.30156e-06  1.74499e-06
     -0.5625    0.373266  0.000833729  0.000174692  -1.04586e-05  -4.52889e-06  1.08153e-06
      -0.375    0.415347  0.000471721  0.000116927  -2.46452e-06  -3.3564e-06  4.97962e-07
     -0.1875    0.457629  0.000210959  5.7892e-05  1.78756e-07  -1.71779e-06  1.61028e-07
           0         0.5  -2.6921e-16  3.4394e-16  -2.94748e-16  1.60063e-16  -4.79192e-17
      0.1875    0.542371  -0.000210959  -5.7892e-05  -1.78756e-07  1.71779e-06  -1.61028e-07
       0.375    0.584653  -0.000471721  -0.000116927  2.46452e-06  3.3564e-06  -4.97962e-07
      0.5625    0.626734  -0.000833729  -0.000174692  1.04586e-05  4.52889e-06  -1.08153e-06
        0.75    0.668459   -0.001349  -0.000221893  2.53504e-05  4.30156e-06  -1.74499e-06
      0.9375    0.709606  -0.00206365  -0.000240184  4.64463e-05  1.19366e-06  -1.96542e-06
       1.125    0.749861  -0.00300397  -0.000203128  6.92432e-05  -6.27486e-06  -9.11354e-07
      1.3125    0.788809  -0.00415499  -8.26808e-05  8.43222e-05  -1.81722e-05  2.11792e-06
         1.5    0.825928  -0.00543656  0.000138167  7.77437e-05  -3.09499e-05  6.75717e-06
      1.6875    0.860615  -0.00668894  0.000450579  3.35839e-05  -3.54243e-05  1.0473e-05
       1.875    0.892244  -0.00768419  0.000811631  -6.11723e-05  -1.72765e-05  8.31032e-06
      2.0625     0.92025  -0.00817011  0.00114613  -0.000205313  3.49582e-05  -4.54894e-06
        2.25    0.944219  -0.0079256  0.00134135  -0.000351897  0.000106364  -2.48539e-05
      2.4375    0.963961  -0.00680633  0.00124059  -0.00037653  0.000131826  -3.33725e-05
       2.625    0.979556  -0.00484652  0.000774016  -0.000186159  5.46838e-05  -1.26988e-05
      2.8125     0.99138  -0.00240465  0.000213393  4.43683e-05  -4.20441e-05  1.36679e-05
           3           1           0           0           0           0           0
----------
T = 1.7
          -3           0           0           0           0           0           0
     -2.8125  0.00824551  0.00237828  -0.00016288  -7.71611e-05  5.75515e-05  -1.8053e-05
      -2.625   0.0195515  0.00486147  -0.000701886  0.000134854  -2.9985e-05  5.68936e-06
     -2.4375   0.0344878  0.00697791  -0.00123867  0.000371333  -0.000130279  3.30581e-05
       -2.25   0.0534868  0.00831143  -0.00143108  0.000397507  -0.000128084  3.10839e-05
     -2.0625   0.0767115  0.00876044  -0.00128869  0.000262229  -5.74259e-05  1.04798e-05
      -1.875    0.104057  0.00843204  -0.000967971  0.000103356  6.47041e-06  -6.22009e-06
     -1.6875    0.135188  0.00752177  -0.000592528  -1.17818e-05  3.54114e-05  -1.14998e-05
        -1.5    0.169598  0.00627077  -0.000245282  -7.34386e-05  3.64515e-05  -8.91122e-06
     -1.3125    0.206686  0.00491767  1.99652e-05  -9.18599e-05  2.45251e-05  -3.90328e-06
      -1.125    0.245843  0.00364799  0.000182136  -8.24999e-05  1.09213e-05  6.39934e-08
     -0.9375    0.286518  0.00257036  0.000249642  -6.03986e-05  1.12314e-06  1.93358e-06
       -0.75    0.328255  0.00172188  0.000247617  -3.69284e-05  -3.80898e-06  2.13755e-06
     -0.5625      0.3707  0.00108867  0.000204044  -1.85305e-05  -5.00714e-06  1.5508e-06
      -0.375    0.413591  0.00062798  0.000140857  -7.21296e-06  -4.06425e-06  8.53143e-07
     -0.1875    0.456737  0.000284618  7.10455e-05  -1.93355e-06  -2.18046e-06  3.40988e-07
           0         0.5  -2.82619e-16  4.07375e-16  -3.57235e-16  1.95074e-16  -5.84928e-17
      0.1875    0.543263  -0.000284618  -7.10455e-05  1.93355e-06  2.18046e-06  -3.40988e-07
       0.375    0.586409  -0.00062798  -0.000140857  7.21296e-06  4.06425e-06  -8.53143e-07
      0.5625      0.6293  -0.00108867  -0.000204044  1.85305e-05  5.00714e-06  -1.5508e-06
        0.75    0.671745  -0.00172188  -0.000247617  3.69284e-05  3.80898e-06  -2.13755e-06
      0.9375    0.713482  -0.00257036  -0.000249642  6.03986e-05  -1.12314e-06  -1.93358e-06
       1.125    0.754157  -0.00364799  -0.000182136  8.24999e-05  -1.09213e-05  -6.39934e-08
      1.3125    0.793314  -0.00491767  -1.99652e-05  9.18599e-05  -2.45251e-05  3.90328e-06
         1.5    0.830402  -0.00627077  0.000245282  7.34386e-05  -3.64515e-05  8.91122e-06
      1.6875    0.864812  -0.00752177  0.000592528  1.17818e-05  -3.54114e-05  1.14998e-05
       1.875    0.895943  -0.00843204  0.000967971  -0.000103356  -6.47041e-06  6.22009e-06
      2.0625    0.923288  -0.00876044  0.00128869  -0.000262229  5.74259e-05  -1.04798e-05
        2.25    0.946513  -0.00831143  0.00143108  -0.000397507  0.000128084  -3.10839e-05
      2.4375    0.965512  -0.00697791  0.00123867  -0.000371333  0.000130279  -3.30581e-05
       2.625    0.980448  -0.00486147  0.000701886  -0.000134854  2.9985e-05  -5.68936e-06
      2.8125    0.991754  -0.00237828  0.00016288  7.71611e-05  -5.75515e-05  1.8053e-05
           3           1           0           0           0           0           0
----------
T = 1.8
          -3           0           0           0           0           0           0
     -2.8125  0.00789765  0.00235246  -0.000118204  -0.000104414  7.00544e-05  -2.15478e-05
      -2.625   0.0187255  0.00485896  -0.000619638  7.70537e-05  -2.06879e-06  -2.24505e-06
     -2.4375   0.0330454  0.00711294  -0.00121236  0.000350122  -0.000120852  3.04706e-05
       -2.25   0.0513355  0.00865667  -0.00150198  0.000434636  -0.000146506  3.64443e-05
     -2.0625   0.0738345  0.00931746  -0.00142475  0.000321615  -8.26057e-05  1.73604e-05
      -1.875    0.100518  0.00916184  -0.00112706  0.000152291  -8.5498e-06  -2.8232e-06
     -1.6875     0.13113  0.00835951  -0.000744753  1.68156e-05   3.248e-05  -1.17684e-05
        -1.5    0.165226  0.00713537  -0.000368261  -6.38442e-05  4.08728e-05  -1.09645e-05
     -1.3125    0.202239  0.00573149  -6.04563e-05  -9.62611e-05  3.11751e-05  -5.98923e-06
      -1.125    0.241563  0.00435455  0.000145579  -9.48329e-05  1.65037e-05  -1.17019e-06
     -0.9375    0.282626  0.00314096  0.000248117  -7.51629e-05  4.40776e-06  1.63318e-06
       -0.75    0.324935  0.00215198  0.000267302  -5.02822e-05  -2.6254e-06  2.43361e-06
     -0.5625    0.368095  0.00138902  0.000231149  -2.85717e-05  -5.11654e-06   2.048e-06
      -0.375    0.411801  0.000815254  0.000164596  -1.35473e-05  -4.63083e-06  1.28134e-06
     -0.1875    0.455827  0.000373907  8.45335e-05  -4.91056e-06  -2.60978e-06  5.74188e-07
           0         0.5  -3.82127e-16  4.93625e-16  -4.31986e-16  2.36853e-16  -7.11912e-17
      0.1875    0.544173  -0.000373907  -8.45335e-05  4.91056e-06  2.60978e-06  -5.74188e-07
       0.375    0.588199  -0.000815254  -0.000164596  1.35473e-05  4.63083e-06  -1.28134e-06
      0.5625    0.631905  -0.00138902  -0.000231149  2.85717e-05  5.11654e-06  -2.048e-06
        0.75    0.675065  -0.00215198  -0.000267302  5.02822e-05  2.6254e-06  -2.43361e-06
      0.9375    0.717374  -0.00314096  -0.000248117  7.51629e-05  -4.40776e-06  -1.63318e-06
       1.125    0.758437  -0.00435455  -0.000145579  9.48329e-05  -1.65037e-05  1.17019e-06
      1.3125    0.797761  -0.00573149  6.04563e-05  9.62611e-05  -3.11751e-05  5.98923e-06
         1.5    0.834774  -0.00713537  0.000368261  6.38442e-05  -4.08728e-05  1.09645e-05
      1.6875     0.86887  -0.00835951  0.000744753  -1.68156e-05  -3.248e-05  1.17684e-05
       1.875    0.899482  -0.00916184  0.00112706  -0.000152291  8.5498e-06  2.8232e-06
      2.0625    0.926166  -0.00931746  0.00142475  -0.000321615  8.26057e-05  -1.73604e-05
        2.25    0.948664  -0.00865667  0.00150198  -0.000434636  0.000146506  -3.64443e-05
      2.4375    0.966955  -0.00711294  0.00121236  -0.000350122  0.000120852  -3.04706e-05
       2.625    0.981275  -0.00485896  0.000619638  -7.70537e-05  2.06879e-06  2.24505e-06
      2.8125    0.992102  -0.00235246  0.000118204  0.000104414  -7.00544e-05  2.15478e-05
           3           1           0           0           0           0           0
----------
T = 1.9
          -3           0           0           0           0           0           0
     -2.8125  0.00757332  0.00232888  -8.11224e-05  -0.000124695  7.87862e-05  -2.39236e-05
      -2.625   0.0179585  0.00484312  -0.000531421  1.60065e-05  2.73739e-05  -1.06101e-05
     -2.4375    0.031702  0.00721399  -0.00116239  0.000312955  -0.000103484  2.55903e-05
       -2.25   0.0493164  0.00896108  -0.00155083  0.000459913  -0.000159687  4.03402e-05
     -2.0625   0.0711094  0.00983964  -0.00155151  0.000381234  -0.000109341  2.48453e-05
      -1.875   0.0971336  0.00987004  -0.00128687  0.000207514  -2.78539e-05  1.94041e-06
     -1.6875    0.127209  0.00919628  -0.000905296  5.2441e-05  2.60852e-05  -1.10647e-05
        -1.5    0.160958  0.00802373  -0.000505724  -4.84403e-05  4.36531e-05  -1.27227e-05
     -1.3125    0.197855  0.00659109  -0.000158453  -9.68415e-05  3.77461e-05  -8.27569e-06
      -1.125    0.237307  0.00512076  9.22986e-05  -0.000105557  2.28835e-05  -2.78838e-06
     -0.9375    0.278726  0.00377512  0.00023366  -9.02158e-05  8.70599e-06  1.01052e-06
       -0.75    0.321587  0.00264077  0.000278856  -6.51271e-05  -6.16598e-07  2.57004e-06
     -0.5625    0.365454  0.00173706  0.000254249  -4.05085e-05  -4.71527e-06  2.52814e-06
      -0.375     0.40998  0.00103565  0.000186947  -2.151e-05  -4.95094e-06  1.76031e-06
     -0.1875    0.454899  0.000480061  9.77652e-05  -8.80627e-06  -2.95217e-06  8.53327e-07
           0         0.5  -4.44807e-16  5.9798e-16  -5.23345e-16  2.87315e-16  -8.64465e-17
      0.1875    0.545101  -0.000480061  -9.77652e-05  8.80627e-06  2.95217e-06  -8.53327e-07
       0.375     0.59002  -0.00103565  -0.000186947   2.151e-05  4.95094e-06  -1.76031e-06
      0.5625    0.634546  -0.00173706  -0.000254249  4.05085e-05  4.71527e-06  -2.52814e-06
        0.75    0.678413  -0.00264077  -0.000278856  6.51271e-05  6.16598e-07  -2.57004e-06
      0.9375    0.721274  -0.00377512  -0.00023366  9.02158e-05  -8.70599e-06  -1.01052e-06
       1.125    0.762693  -0.00512076  -9.22986e-05  0.000105557  -2.28835e-05  2.78838e-06
      1.3125    0.802145  -0.00659109  0.000158453  9.68415e-05  -3.77461e-05  8.27569e-06
         1.5    0.839042  -0.00802373  0.000505724  4.84403e-05  -4.36531e-05  1.27227e-05
      1.6875    0.872791  -0.00919628  0.000905296  -5.2441e-05  -2.60852e-05  1.10647e-05
       1.875    0.902866  -0.00987004  0.00128687  -0.000207514  2.78539e-05  -1.94041e-06
      2.0625    0.928891  -0.00983964  0.00155151  -0.000381234  0.000109341  -2.48453e-05
        2.25    0.950684  -0.00896108  0.00155083  -0.000459913  0.000159687  -4.03402e-05
      2.4375    0.968298  -0.00721399  0.00116239  -0.000312955  0.000103484  -2.55903e-05
       2.625    0.982042  -0.00484312  0.000531421  -1.60065e-05  -2.73739e-05  1.06101e-05
      2.8125    0.992427  -0.00232888  8.11224e-05  0.000124695  -7.87862e-05  2.39236e-05
           3           1           0           0           0           0           0
----------
T = 2
          -3           0           0           0           0           0           0
     -2.8125  0.00726974  0.00230878  -5.2846e-05  -0.000137026  8.32212e-05  -2.5023e-05
      -2.625    0.017244  0.00481802  -0.000441481  -4.49086e-05  5.6577e-05  -1.88909e-05
     -2.4375   0.0304489  0.00728425  -0.00109079  0.000261072  -7.87734e-05  1.85947e-05
       -2.25   0.0474202  0.00922462  -0.00157469  0.000470236  -0.000165836  4.22261e-05
     -2.0625   0.0685278   0.0103255  -0.00166573  0.000438249  -0.000136088  3.24641e-05
      -1.875   0.0938981   0.0105537  -0.00144537  0.000268251  -5.12701e-05  8.0478e-06
     -1.6875    0.123425    0.010027  -0.00107232  9.5244e-05  1.57457e-05  -9.19453e-06
        -1.5    0.156799  0.00892963  -0.000656181  -2.67679e-05  4.42165e-05  -1.3978e-05
     -1.3125    0.193542  0.00749102  -0.000273576  -9.29663e-05  4.38056e-05  -1.06331e-05
      -1.125    0.233082  0.00594326  2.14739e-05  -0.000113992  2.98564e-05  -4.75984e-06
     -0.9375    0.274825  0.00447187  0.000204533  -0.000104985  1.40149e-05  2.64466e-08
       -0.75    0.318217  0.00318918  0.00028023  -8.10953e-05  2.32988e-06  2.48358e-06
     -0.5625    0.362782  0.00213464  0.000271512  -5.41791e-05  -3.66225e-06  2.93746e-06
      -0.375    0.408132    0.001291  0.000206601  -3.10742e-05  -4.91114e-06  2.25778e-06
     -0.1875    0.453955  0.000604186  0.000110076  -1.36373e-05  -3.14715e-06  1.16492e-06
           0         0.5  -5.27258e-16  7.20561e-16  -6.33545e-16  3.48169e-16  -1.04807e-16
      0.1875    0.546045  -0.000604186  -0.000110076  1.36373e-05  3.14715e-06  -1.16492e-06
       0.375    0.591868   -0.001291  -0.000206601  3.10742e-05  4.91114e-06  -2.25778e-06
      0.5625    0.637218  -0.00213464  -0.000271512  5.41791e-05  3.66225e-06  -2.93746e-06
        0.75    0.681783  -0.00318918  -0.00028023  8.10953e-05  -2.32988e-06  -2.48358e-06
      0.9375    0.725175  -0.00447187  -0.000204533  0.000104985  -1.40149e-05  -2.64466e-08
       1.125    0.766918  -0.00594326  -2.14739e-05  0.000113992  -2.98564e-05  4.75984e-06
      1.3125    0.806458  -0.00749102  0.000273576  9.29663e-05  -4.38056e-05  1.06331e-05
         1.5    0.843201  -0.00892963  0.000656181  2.67679e-05  -4.42165e-05  1.3978e-05
      1.6875    0.876575   -0.010027  0.00107232  -9.5244e-05  -1.57457e-05  9.19453e-06
       1.875    0.906102  -0.0105537  0.00144537  -0.000268251  5.12701e-05  -8.0478e-06
      2.0625    0.931472  -0.0103255  0.00166573  -0.000438249  0.000136088  -3.24641e-05
        2.25     0.95258  -0.00922462  0.00157469  -0.000470236  0.000165836  -4.22261e-05
      2.4375    0.969551  -0.00728425  0.00109079  -0.000261072  7.87734e-05  -1.85947e-05
       2.625    0.982756  -0.00481802  0.000441481  4.49086e-05  -5.6577e-05  1.88909e-05
      2.8125     0.99273  -0.00230878  5.2846e-05  0.000137026  -8.32212e-05  2.5023e-05
           3           1           0           0           0           0           0
