    5.0000000000000003e-02    9.4999999999999996e-01
    7.5000000000000000e-01    7.5000000000000000e-01
    6.5000000000000002e-01    4.5000000000000001e-01
    5.5000000000000004e-01    1.4999999999999999e-01
    3.4999999999999998e-01    6.5000000000000002e-01
    2.5000000000000000e-01    3.4999999999999998e-01
    4.5000000000000001e-01    8.4999999999999998e-01
    8.4999999999999998e-01    2.5000000000000000e-01
    9.4999999999999996e-01    5.5000000000000004e-01
    1.4999999999999999e-01    5.0000000000000003e-02
