#  cvt_07_00100.latin.txt
#  created by TABLE_IO.M
#  at 02-Jan-2004 14:04:19
#
#  Spatial dimension M = 7
#  Number of points N = 100
#
#  The data was created by LATINIZE.M
#  The data was read from cvt_07_00100.txt by TABLE_DATA_READ.M
#  The data was latinized by TABLE_LATINIZE.M.
#  The data was written to cvt_07_00100.latin.txt by TABLE_LATINIZED_WRITE.M
#
      0.325000        0.635000        0.705000        0.725000        0.405000        0.135000        0.055000  
      0.405000        0.185000        0.525000        0.005000        0.695000        0.315000        0.395000  
      0.875000        0.155000        0.945000        0.535000        0.275000        0.045000        0.835000  
      0.675000        0.335000        0.315000        0.065000        0.665000        0.325000        0.365000  
      0.655000        0.055000        0.725000        0.635000        0.545000        0.885000        0.895000  
      0.805000        0.195000        0.825000        0.585000        0.225000        0.905000        0.025000  
      0.605000        0.355000        0.365000        0.995000        0.365000        0.415000        0.685000  
      0.785000        0.225000        0.565000        0.105000        0.555000        0.625000        0.125000  
      0.525000        0.925000        0.985000        0.395000        0.905000        0.945000        0.145000  
      0.795000        0.115000        0.965000        0.485000        0.825000        0.145000        0.205000  
      0.015000        0.285000        0.225000        0.515000        0.045000        0.205000        0.845000  
      0.855000        0.735000        0.475000        0.955000        0.745000        0.455000        0.725000  
      0.865000        0.565000        0.235000        0.155000        0.575000        0.195000        0.645000  
      0.965000        0.165000        0.275000        0.565000        0.775000        0.815000        0.245000  
      0.725000        0.295000        0.545000        0.965000        0.135000        0.555000        0.585000  
      0.095000        0.465000        0.095000        0.435000        0.945000        0.915000        0.905000  
      0.265000        0.135000        0.105000        0.885000        0.495000        0.665000        0.775000  
      0.515000        0.875000        0.265000        0.415000        0.975000        0.935000        0.855000  
      0.955000        0.745000        0.195000        0.865000        0.455000        0.795000        0.545000  
      0.415000        0.275000        0.215000        0.085000        0.595000        0.265000        0.665000  
      0.475000        0.595000        0.035000        0.145000        0.725000        0.225000        0.265000  
      0.125000        0.525000        0.065000        0.235000        0.095000        0.865000        0.195000  
      0.915000        0.215000        0.135000        0.545000        0.855000        0.245000        0.815000  
      0.565000        0.415000        0.845000        0.925000        0.755000        0.065000        0.695000  
      0.895000        0.545000        0.715000        0.165000        0.055000        0.775000        0.455000  
      0.975000        0.845000        0.605000        0.785000        0.425000        0.535000        0.135000  
      0.075000        0.935000        0.485000        0.255000        0.915000        0.465000        0.865000  
      0.465000        0.825000        0.755000        0.345000        0.025000        0.785000        0.875000  
      0.455000        0.245000        0.555000        0.125000        0.295000        0.155000        0.795000  
      0.065000        0.985000        0.115000        0.315000        0.505000        0.875000        0.595000  
      0.705000        0.425000        0.805000        0.335000        0.995000        0.675000        0.715000  
      0.575000        0.375000        0.745000        0.945000        0.335000        0.285000        0.255000  
      0.685000        0.505000        0.495000        0.305000        0.115000        0.495000        0.945000  
      0.055000        0.445000        0.915000        0.455000        0.145000        0.025000        0.175000  
      0.765000        0.085000        0.025000        0.555000        0.255000        0.995000        0.805000  
      0.045000        0.855000        0.975000        0.245000        0.485000        0.015000        0.495000  
      0.845000        0.175000        0.145000        0.525000        0.205000        0.175000        0.095000  
      0.545000        0.405000        0.785000        0.905000        0.795000        0.685000        0.225000  
      0.005000        0.315000        0.675000        0.355000        0.265000        0.635000        0.625000  
      0.905000        0.835000        0.595000        0.735000        0.965000        0.565000        0.525000  
      0.135000        0.235000        0.085000        0.505000        0.815000        0.095000        0.215000  
      0.425000        0.015000        0.295000        0.095000        0.615000        0.605000        0.295000  
      0.025000        0.455000        0.895000        0.465000        0.885000        0.105000        0.925000  
      0.615000        0.765000        0.425000        0.855000        0.285000        0.425000        0.155000  
      0.885000        0.605000        0.635000        0.265000        0.105000        0.375000        0.785000  
      0.185000        0.625000        0.125000        0.835000        0.215000        0.085000        0.485000  
      0.225000        0.365000        0.775000        0.805000        0.685000        0.335000        0.285000  
      0.745000        0.665000        0.355000        0.205000        0.155000        0.655000        0.755000  
      0.775000        0.485000        0.335000        0.975000        0.325000        0.715000        0.275000  
      0.145000        0.895000        0.955000        0.365000        0.705000        0.405000        0.335000  
      0.435000        0.095000        0.055000        0.195000        0.245000        0.645000        0.655000  
      0.825000        0.255000        0.615000        0.045000        0.355000        0.395000        0.435000  
      0.215000        0.715000        0.405000        0.815000        0.645000        0.435000        0.115000  
      0.535000        0.905000        0.905000        0.445000        0.895000        0.235000        0.915000  
      0.665000        0.305000        0.005000        0.225000        0.385000        0.005000        0.615000  
      0.755000        0.205000        0.535000        0.015000        0.565000        0.035000        0.675000  
      0.445000        0.555000        0.165000        0.285000        0.065000        0.275000        0.885000  
      0.625000        0.685000        0.855000        0.775000        0.655000        0.365000        0.325000  
      0.155000        0.975000        0.655000        0.275000        0.465000        0.515000        0.015000  
      0.315000        0.725000        0.685000        0.645000        0.075000        0.475000        0.995000  
      0.945000        0.755000        0.795000        0.875000        0.435000        0.115000        0.505000  
      0.365000        0.655000        0.015000        0.625000        0.605000        0.165000        0.975000  
      0.835000        0.125000        0.185000        0.055000        0.585000        0.575000        0.635000  
      0.815000        0.805000        0.045000        0.575000        0.765000        0.055000        0.235000  
      0.165000        0.795000        0.645000        0.295000        0.955000        0.585000        0.515000  
      0.175000        0.395000        0.385000        0.845000        0.805000        0.765000        0.375000  
      0.645000        0.785000        0.875000        0.615000        0.125000        0.855000        0.935000  
      0.375000        0.035000        0.625000        0.115000        0.625000        0.705000        0.735000  
      0.285000        0.645000        0.455000        0.655000        0.005000        0.735000        0.965000  
      0.555000        0.435000        0.175000        0.915000        0.845000        0.755000        0.745000  
      0.595000        0.995000        0.255000        0.475000        0.195000        0.895000        0.105000  
      0.245000        0.775000        0.765000        0.665000        0.015000        0.975000        0.465000  
      0.345000        0.615000        0.865000        0.695000        0.925000        0.125000        0.555000  
      0.635000        0.345000        0.395000        0.985000        0.635000        0.385000        0.385000  
      0.275000        0.005000        0.325000        0.605000        0.035000        0.825000        0.355000  
      0.995000        0.945000        0.695000        0.215000        0.525000        0.725000        0.765000  
      0.355000        0.675000        0.155000        0.715000        0.935000        0.845000        0.575000  
      0.115000        0.955000        0.465000        0.385000        0.175000        0.345000        0.035000  
      0.385000        0.885000        0.075000        0.745000        0.445000        0.615000        0.045000  
      0.195000        0.065000        0.885000        0.795000        0.475000        0.505000        0.065000  
      0.395000        0.075000        0.305000        0.075000        0.375000        0.355000        0.425000  
      0.985000        0.585000        0.515000        0.025000        0.715000        0.305000        0.315000  
      0.085000        0.025000        0.575000        0.755000        0.985000        0.545000        0.565000  
      0.935000        0.575000        0.245000        0.135000        0.395000        0.295000        0.445000  
      0.235000        0.385000        0.435000        0.895000        0.345000        0.255000        0.185000  
      0.715000        0.265000        0.345000        0.185000        0.315000        0.695000        0.415000  
      0.335000        0.695000        0.665000        0.685000        0.875000        0.595000        0.075000  
      0.495000        0.515000        0.505000        0.495000        0.515000        0.485000        0.475000  
      0.105000        0.965000        0.415000        0.375000        0.835000        0.925000        0.405000  
      0.035000        0.475000        0.935000        0.425000        0.865000        0.965000        0.085000  
      0.485000        0.045000        0.585000        0.175000        0.235000        0.745000        0.165000  
      0.585000        0.815000        0.375000        0.765000        0.735000        0.805000        0.345000  
      0.205000        0.105000        0.735000        0.825000        0.415000        0.075000        0.535000  
      0.925000        0.535000        0.285000        0.035000        0.675000        0.525000        0.305000  
      0.305000        0.495000        0.815000        0.705000        0.185000        0.955000        0.825000  
      0.255000        0.145000        0.445000        0.935000        0.785000        0.445000        0.705000  
      0.505000        0.915000        0.925000        0.405000        0.165000        0.185000        0.005000  
      0.695000        0.865000        0.205000        0.595000        0.085000        0.215000        0.955000  
      0.735000        0.325000        0.995000        0.325000        0.305000        0.985000        0.605000  
      0.295000        0.705000        0.835000        0.675000        0.535000        0.835000        0.985000  
