        1.0000000000000002        0.0000000000000008        0.0000000000000025        0.0000000000000008
        1.0000000000000007        7.9999999999999973       -0.0000000000000017       -0.0000000000000075
        1.0000000000000013       15.9999999999999858       -0.0000000000000107        0.0000000000000131
        1.0000000000000002        0.0000000000000022       11.9999999999999929       -0.0000000000000007
        1.0000000000000000        8.0000000000000071       12.0000000000000195       -0.0000000000000015
        1.0000000000000020       16.0000000000000107       12.0000000000000018        0.0000000000000039
        0.9999999999999991       -0.0000000000000054       23.9999999999999929       -0.0000000000000067
        1.0000000000000007        7.9999999999999973       23.9999999999999964        0.0000000000000157
        0.9999999999999987       15.9999999999999911       24.0000000000000000       -0.0000000000000131
        0.9999999999999997        0.0000000000000010        0.0000000000000044       16.0000000000000036
        0.9999999999999996        8.0000000000000089       -0.0000000000000106       16.0000000000000107
        1.0000000000000011       16.0000000000000107       -0.0000000000000061       16.0000000000000107
        1.0000000000000018       -0.0000000000000029       12.0000000000000018       16.0000000000000107
        0.9999999999999959        7.9999999999999885       12.0000000000000231       15.9999999999999609
        0.9999999999999988       15.9999999999999858       11.9999999999999822       16.0000000000000107
        1.0000000000000007        0.0000000000000023       23.9999999999999858       16.0000000000000036
        1.0000000000000018        8.0000000000000053       24.0000000000000000       16.0000000000000000
        1.0000000000000004       16.0000000000000142       23.9999999999999858       16.0000000000000036
        0.9999999999999993       -0.0000000000000029        0.0000000000000055       31.9999999999999893
        1.0000000000000013        7.9999999999999938       -0.0000000000000087       31.9999999999999787
        0.9999999999999988       16.0000000000000036        0.0000000000000042       32.0000000000000000
        1.0000000000000004        0.0000000000000030       12.0000000000000036       32.0000000000000142
        1.0000000000000018        8.0000000000000036       12.0000000000000142       31.9999999999999929
        1.0000000000000007       16.0000000000000071       11.9999999999999929       32.0000000000000142
        1.0000000000000002       -0.0000000000000008       23.9999999999999787       32.0000000000000213
        0.9999999999999994        8.0000000000000000       24.0000000000000355       32.0000000000000000
        0.9999999999999999       15.9999999999999964       24.0000000000000036       31.9999999999999964
