        1.1682589999999999        4.8783279999999998
        1.6921506666666666        4.7103322222222230
        1.6173089999999999        4.4583385555555557
        1.5424673333333334        4.2063448888888892
        1.3927839999999998        4.6263343333333333
        1.3179423333333335        4.3743406666666669
        1.4676256666666667        4.7943301111111110
        1.7669923333333333        4.2903427777777772
        1.8418339999999997        4.5423364444444445
        1.2431006666666666        4.1223470000000004
