   1.0549145e+00
   9.8111051e-01
   9.5292498e-01
   8.8094008e-01
   8.1649259e-01
   7.8355232e-01
   6.9362307e-01
   5.3094571e-01
   4.6442088e-01
   4.0931678e-01
   3.9284743e-01
   3.7053551e-01
   3.8941093e-01
   3.7899952e-01
   3.6217220e-01
   3.8144907e-01
   3.8445306e-01
   3.9997874e-01
   4.4678727e-01
   4.9837014e-01
   5.6311931e-01
   7.2114892e-01
   7.6586255e-01
   8.4053947e-01
   8.9171915e-01
   9.4932144e-01
   1.0005428e+00
   1.0611311e+00
   1.1093023e+00
   1.1217680e+00
   1.1257325e+00
   1.1944500e+00
   1.2543781e+00
   1.2646289e+00
   1.3568941e+00
   1.4853246e+00
   1.6739899e+00
   1.7946577e+00
   1.8792148e+00
   1.8720018e+00
   1.7462262e+00
   1.7887655e+00
   1.8589643e+00
   1.9076440e+00
   2.0372924e+00
   2.1546604e+00
   2.1780396e+00
   2.2006620e+00
   2.2210082e+00
   2.1809613e+00
   2.1036730e+00
   2.0254213e+00
   1.8933587e+00
   1.8749409e+00
   1.9262503e+00
   2.0244464e+00
   2.0479564e+00
   2.0247314e+00
   2.0267112e+00
   2.0805223e+00
   2.1298772e+00
   2.2289369e+00
   2.2130074e+00
   2.3119748e+00
   2.4779514e+00
   2.5767940e+00
   2.7445877e+00
   2.8644890e+00
   3.0238450e+00
   3.1290513e+00
   3.0654853e+00
   3.0183026e+00
   2.9481014e+00
   2.8960920e+00
   2.9547103e+00
   2.8945675e+00
   2.7106301e+00
   2.5576317e+00
   2.3943276e+00
   2.2152104e+00
   2.0568169e+00
   1.9018354e+00
   1.8253666e+00
   1.7712399e+00
   1.5803913e+00
   1.5541146e+00
   1.5489832e+00
   1.3356671e+00
   1.2322598e+00
   1.1128458e+00
   5.1209293e-01
   5.5282879e-01
   5.9534193e-01
   6.1924422e-01
   6.2127660e-01
   6.4087857e-01
   6.3934679e-01
   5.9994332e-01
   5.5431321e-01
   5.0994792e-01
   4.9737795e-01
   4.3341226e-01
   4.8533999e-01
   3.9853680e-01
   4.5437978e-01
   5.0881994e-01
   4.1829488e-01
   4.9372900e-01
   5.3405038e-01
   5.6174712e-01
   5.9738365e-01
   4.2168243e-01
   4.5557389e-01
   5.1388557e-01
   5.7572162e-01
   6.2813192e-01
   6.5901595e-01
   3.7800893e-01
   3.8475566e-01
   5.7054446e-01
   6.1740957e-01
   6.5988942e-01
   3.7214204e-01
   4.1491970e-01
   7.0991685e-01
   7.2571970e-01
   3.7464533e-01
   3.9779612e-01
   4.6395004e-01
   5.5799213e-01
   6.9252262e-01
   7.5482918e-01
   3.9803025e-01
   4.9683609e-01
   6.2024648e-01
   7.4575658e-01
   7.4896124e-01
   7.8725060e-01
   3.7807786e-01
   4.0389074e-01
   4.3593054e-01
   4.4059890e-01
   6.6875493e-01
   7.9643065e-01
   7.9158186e-01
   3.8399002e-01
   3.9670664e-01
   4.3578926e-01
   4.8927587e-01
   6.2762885e-01
   4.1424367e-01
   4.5802880e-01
   5.6453248e-01
   7.1636788e-01
   7.6746460e-01
   8.0197366e-01
   3.8171622e-01
   3.8528745e-01
   4.0810841e-01
   4.1747239e-01
   5.0538776e-01
   5.5169949e-01
   7.2680630e-01
   7.7601836e-01
   8.0869270e-01
   3.6686741e-01
   3.7306493e-01
   4.1720163e-01
   4.5383939e-01
   5.0023166e-01
   5.3009967e-01
   5.8718340e-01
   6.1604929e-01
   6.9196702e-01
   7.8557016e-01
   8.3602298e-01
   1.9398447e+00
   2.0179558e+00
   2.1494206e+00
   3.6690029e-01
   3.8960892e-01
   4.6675576e-01
   4.8693140e-01
   5.3087848e-01
   5.7453858e-01
   5.5352723e-01
   6.2152300e-01
   6.2138587e-01
   6.7493876e-01
   8.2470603e-01
   8.5862126e-01
   1.8521007e+00
   1.8752851e+00
   1.9980409e+00
   1.9805177e+00
   2.2065300e+00
   3.7564754e-01
   3.7123376e-01
   3.9060179e-01
   4.1511733e-01
   4.5177442e-01
   4.7064924e-01
   6.6535402e-01
   7.6948944e-01
   8.5021546e-01
   1.8764507e+00
   1.9304441e+00
   2.0754692e+00
   2.1202948e+00
   2.2896891e+00
   2.2759762e+00
   2.3390706e+00
   2.4494400e+00
   4.0598303e-01
   4.0911652e-01
   5.0344297e-01
   6.4553942e-01
   7.5024034e-01
   8.9002803e-01
   9.0368022e-01
   1.7889214e+00
   1.8067359e+00
   1.9583268e+00
   1.9428803e+00
   2.0402278e+00
   2.1438647e+00
   2.1906348e+00
   2.5012076e+00
   3.8245767e-01
   4.0764979e-01
   4.8548607e-01
   5.3114511e-01
   6.2703394e-01
   6.8805845e-01
   7.2232082e-01
   8.4038185e-01
   8.2722406e-01
   9.2940557e-01
   1.7238622e+00
   1.7481446e+00
   1.8342018e+00
   1.8621433e+00
   2.0520372e+00
   2.2405515e+00
   2.3002990e+00
   2.3828816e+00
   2.4778576e+00
   2.6059979e+00
   3.9402065e-01
   3.8907188e-01
   4.2328941e-01
   4.1049972e-01
   4.4635451e-01
   4.9494890e-01
   5.2730420e-01
   5.6941381e-01
   6.3397148e-01
   6.6248669e-01
   8.8712382e-01
   9.2340391e-01
   9.6149660e-01
   1.6719099e+00
   1.6979889e+00
   1.7641510e+00
   1.8145788e+00
   2.0009160e+00
   2.1933527e+00
   2.2608831e+00
   2.3658782e+00
   2.4187361e+00
   2.3889568e+00
   2.5631998e+00
   4.2538499e-01
   4.5030761e-01
   5.6692415e-01
   5.8349601e-01
   6.1915509e-01
   6.5642646e-01
   6.7709752e-01
   7.0716447e-01
   7.2321672e-01
   9.4274411e-01
   9.7016254e-01
   1.6247169e+00
   1.6487021e+00
   1.7194389e+00
   1.8000648e+00
   1.9183320e+00
   2.1273380e+00
   2.1570996e+00
   2.4729590e+00
   2.5433355e+00
   2.6563018e+00
   2.7708298e+00
   4.2323087e-01
   4.5070677e-01
   4.7061110e-01
   5.7792576e-01
   5.3358538e-01
   6.0417294e-01
   6.3994628e-01
   6.7254935e-01
   7.8272832e-01
   9.2052130e-01
   9.6900872e-01
   1.6022539e+00
   1.6495917e+00
   1.6840890e+00
   1.7563715e+00
   1.8977541e+00
   1.9733396e+00
   2.1047023e+00
   2.1809538e+00
   2.5095020e+00
   2.6341971e+00
   4.7243116e-01
   4.7570735e-01
   5.1119334e-01
   5.1567842e-01
   5.1670779e-01
   6.1882992e-01
   6.6761575e-01
   7.8306426e-01
   1.5713146e+00
   1.6222850e+00
   1.9097765e+00
   1.9839711e+00
   2.2204327e+00
   2.7062100e+00
   2.8330883e+00
   2.9130930e+00
   5.4808604e-01
   5.6985351e-01
   6.6881458e-01
   6.1646648e-01
   7.0465036e-01
   8.4181778e-01
   8.9217370e-01
   8.9121030e-01
   1.0045562e+00
   1.5628752e+00
   1.6721500e+00
   1.7100958e+00
   1.9879050e+00
   2.0395266e+00
   2.5416833e+00
   2.5985769e+00
   2.6270415e+00
   2.8031867e+00
   2.9337940e+00
   5.3208344e-01
   5.8751999e-01
   5.8533619e-01
   6.2428689e-01
   7.3789673e-01
   9.1803966e-01
   9.6441561e-01
   9.8027076e-01
   1.0090472e+00
   1.0352981e+00
   1.0274778e+00
   1.5514233e+00
   1.6019874e+00
   1.8055110e+00
   1.8569362e+00
   1.9552334e+00
   2.6307334e+00
   2.7048102e+00
   2.7310372e+00
   2.8215384e+00
   2.8565468e+00
   6.1484580e-01
   6.4163998e-01
   7.2632408e-01
   7.0702102e-01
   7.5420473e-01
   7.6423558e-01
   1.0557918e+00
   1.0803305e+00
   1.1508300e+00
   1.5967874e+00
   1.6049247e+00
   1.7653976e+00
   1.9102211e+00
   1.9980556e+00
   2.0307222e+00
   2.7733584e+00
   2.8691394e+00
   2.9211215e+00
   6.6464097e-01
   7.0302287e-01
   7.6160097e-01
   8.1177307e-01
   8.0579452e-01
   8.7991707e-01
   1.1167329e+00
   1.1140019e+00
   1.1661929e+00
   1.1918973e+00
   1.4892982e+00
   1.5411505e+00
   1.5498111e+00
   1.6700352e+00
   1.8997433e+00
   1.8697750e+00
   1.9487229e+00
   1.9748089e+00
   2.6873062e+00
   2.8393259e+00
   2.9491029e+00
   6.6707738e-01
   6.9529252e-01
   7.3491374e-01
   7.4965159e-01
   7.9042285e-01
   8.0008219e-01
   8.2100498e-01
   8.5794261e-01
   1.0167206e+00
   1.2006243e+00
   1.2267269e+00
   1.2839486e+00
   1.2685615e+00
   1.3020467e+00
   1.3685134e+00
   1.4032637e+00
   1.4544878e+00
   1.6183867e+00
   1.7853608e+00
   1.8314971e+00
   2.7851254e+00
   2.9580838e+00
   8.6560931e-01
   9.1324717e-01
   9.3675166e-01
   1.2898895e+00
   1.3354657e+00
   1.3713590e+00
   1.4531922e+00
   1.5239789e+00
   1.7256203e+00
   1.8315938e+00
   1.8601548e+00
   3.0339959e+00
   9.5920733e-01
   1.0012984e+00
   1.0038168e+00
   1.1469363e+00
   1.3851183e+00
   1.4207700e+00
   1.6028089e+00
   1.9238552e+00
   2.8410412e+00
   2.9468470e+00
   3.0499139e+00
   1.0297494e+00
   1.0472726e+00
   1.0819284e+00
   1.2607410e+00
   1.4976849e+00
   1.6142702e+00
   1.8955092e+00
   1.9596108e+00
   2.9184710e+00
   3.0174599e+00
   1.0837765e+00
   1.1178515e+00
   1.1247812e+00
   1.1887228e+00
   1.1979672e+00
   1.3731845e+00
   1.4331608e+00
   1.5378563e+00
   1.9919312e+00
   3.0846862e+00
   1.3096305e+00
   1.7017109e+00
   1.8319838e+00
   1.9440953e+00
   2.0506313e+00
   2.9720691e+00
   3.0741372e+00
   3.1067040e+00
   1.1147989e+00
   1.1707712e+00
   1.2695901e+00
   1.5164868e+00
   1.9085316e+00
   1.9998351e+00
   1.1647409e+00
   1.6838017e+00
   1.9384790e+00
   2.0166862e+00
   2.0774498e+00
   1.1442374e+00
   1.4881974e+00
   1.7932157e+00
   2.0270190e+00
   2.0679688e+00
   1.1954070e+00
   1.2536718e+00
   2.0116429e+00
   2.1168871e+00
   1.1576299e+00
   1.2034188e+00
   1.8854141e+00
   2.0899791e+00
   2.1313533e+00
   1.8220550e+00
   1.7182374e+00
   1.8769398e+00
   2.1017798e+00
   2.1484809e+00
   1.2331115e+00
   1.2150086e+00
   1.2447403e+00
   1.2760090e+00
   1.3665737e+00
   1.6486756e+00
   2.0210868e+00
   2.1073576e+00
   2.1654715e+00
   1.2843374e+00
   1.2827462e+00
   1.3280868e+00
   1.4136772e+00
   1.9221573e+00
   2.0357083e+00
   2.1316432e+00
   2.1360102e+00
   2.1933413e+00
   1.2598066e+00
   1.3337224e+00
   1.4285023e+00
   1.7284335e+00
   2.1302522e+00
   2.2077054e+00
   1.2992605e+00
   1.3181934e+00
   1.4144796e+00
   1.5801752e+00
   2.0504229e+00
   2.1546221e+00
   2.2146207e+00
   1.3454861e+00
   1.3941074e+00
   1.9938775e+00
   2.2078353e+00
   1.3999667e+00
   1.4061791e+00
   1.5324885e+00
   1.7007511e+00
   1.8115487e+00
   1.9427715e+00
   2.1110601e+00
   2.2037596e+00
   1.4401978e+00
   1.4696903e+00
   1.4761535e+00
   1.5836228e+00
   1.8021538e+00
   1.9176813e+00
   2.1923543e+00
   2.1454601e+00
   1.6938914e+00
   1.8538575e+00
   2.0288671e+00
   2.1099461e+00
   1.5262880e+00
   1.5515976e+00
   1.6273870e+00
   1.6461471e+00
   1.8115987e+00
   1.8783173e+00
   1.9357200e+00
   2.0556414e+00
   2.1527871e+00
   2.1848116e+00
   1.5165357e+00
   1.5672528e+00
   1.7118854e+00
   1.7288068e+00
   1.7646586e+00
   1.8351045e+00
   1.7809019e+00
   1.8752422e+00
   1.9901704e+00
   1.9920794e+00
   2.0747757e+00
   2.1134436e+00
   2.0945172e+00
   2.1619738e+00
   1.5598429e+00
   1.5956871e+00
   1.6640659e+00
   1.6986929e+00
   1.7700053e+00
   1.8121776e+00
   1.5977744e+00
   1.6167780e+00
   1.6641566e+00
   1.7265892e+00
   1.7383684e+00
   1.7654043e+00
   1.6301807e+00
   1.6808666e+00
   1.7742078e+00
   1.7902083e+00
   1.7140884e+00
   1.6834582e+00
   1.7611356e+00
   1.8350030e+00
   1.8105931e+00
   1.7550222e+00
   1.7473100e+00
   1.8085181e+00
   1.8343429e+00
   1.8306760e+00
   1.8215517e+00
   1.8759841e+00
   1.8735901e+00
