#  sphere_t3_nodes.txt
#  created by TABLE_IO.M
#  at 05-Sep-2006 10:27:54
#
#  Spatial dimension M = 3
#  Number of points N = 58
#  EPSILON (unit roundoff) = 2.220446e-016
#
      0.000000        0.000000       -1.000000  
      0.382683        0.000000       -0.923880  
      0.270598        0.270598       -0.923880  
      0.000000        0.382683       -0.923880  
     -0.270598        0.270598       -0.923880  
     -0.382683        0.000000       -0.923880  
     -0.270598       -0.270598       -0.923880  
     -0.000000       -0.382683       -0.923880  
      0.270598       -0.270598       -0.923880  
      0.707107        0.000000       -0.707107  
      0.500000        0.500000       -0.707107  
      0.000000        0.707107       -0.707107  
     -0.500000        0.500000       -0.707107  
     -0.707107        0.000000       -0.707107  
     -0.500000       -0.500000       -0.707107  
     -0.000000       -0.707107       -0.707107  
      0.500000       -0.500000       -0.707107  
      0.923880        0.000000       -0.382683  
      0.653281        0.653281       -0.382683  
      0.000000        0.923880       -0.382683  
     -0.653281        0.653281       -0.382683  
     -0.923880        0.000000       -0.382683  
     -0.653281       -0.653281       -0.382683  
     -0.000000       -0.923880       -0.382683  
      0.653281       -0.653281       -0.382683  
      1.000000        0.000000        0.000000  
      0.707107        0.707107        0.000000  
      0.000000        1.000000        0.000000  
     -0.707107        0.707107        0.000000  
     -1.000000        0.000000        0.000000  
     -0.707107       -0.707107        0.000000  
     -0.000000       -1.000000        0.000000  
      0.707107       -0.707107        0.000000  
      0.923880        0.000000        0.382683  
      0.653281        0.653281        0.382683  
      0.000000        0.923880        0.382683  
     -0.653281        0.653281        0.382683  
     -0.923880        0.000000        0.382683  
     -0.653281       -0.653281        0.382683  
     -0.000000       -0.923880        0.382683  
      0.653281       -0.653281        0.382683  
      0.707107        0.000000        0.707107  
      0.500000        0.500000        0.707107  
      0.000000        0.707107        0.707107  
     -0.500000        0.500000        0.707107  
     -0.707107        0.000000        0.707107  
     -0.500000       -0.500000        0.707107  
     -0.000000       -0.707107        0.707107  
      0.500000       -0.500000        0.707107  
      0.382683        0.000000        0.923880  
      0.270598        0.270598        0.923880  
      0.000000        0.382683        0.923880  
     -0.270598        0.270598        0.923880  
     -0.382683        0.000000        0.923880  
     -0.270598       -0.270598        0.923880  
     -0.000000       -0.382683        0.923880  
      0.270598       -0.270598        0.923880  
      0.000000        0.000000        1.000000  
