#  sphere_q9_nodes.txt
#  created by TABLE_IO.M
#  at 05-Sep-2006 10:27:50
#
#  Spatial dimension M = 3
#  Number of points N = 44
#  EPSILON (unit roundoff) = 2.220446e-016
#
      0.000000        0.000000       -1.000000  
      0.382683        0.000000       -0.923880  
      0.191342        0.331414       -0.923880  
     -0.191342        0.331414       -0.923880  
     -0.382683        0.000000       -0.923880  
     -0.191342       -0.331414       -0.923880  
      0.191342       -0.331414       -0.923880  
      0.707107        0.000000       -0.707107  
      0.353553        0.612372       -0.707107  
     -0.353553        0.612372       -0.707107  
     -0.707107        0.000000       -0.707107  
     -0.353553       -0.612372       -0.707107  
      0.353553       -0.612372       -0.707107  
      0.923880        0.000000       -0.382683  
      0.461940        0.800103       -0.382683  
     -0.461940        0.800103       -0.382683  
     -0.923880        0.000000       -0.382683  
     -0.461940       -0.800103       -0.382683  
      0.461940       -0.800103       -0.382683  
      1.000000        0.000000        0.000000  
      0.500000        0.866025        0.000000  
     -0.500000        0.866025        0.000000  
     -1.000000        0.000000        0.000000  
     -0.500000       -0.866025        0.000000  
      0.500000       -0.866025        0.000000  
      0.923880        0.000000        0.382683  
      0.461940        0.800103        0.382683  
     -0.461940        0.800103        0.382683  
     -0.923880        0.000000        0.382683  
     -0.461940       -0.800103        0.382683  
      0.461940       -0.800103        0.382683  
      0.707107        0.000000        0.707107  
      0.353553        0.612372        0.707107  
     -0.353553        0.612372        0.707107  
     -0.707107        0.000000        0.707107  
     -0.353553       -0.612372        0.707107  
      0.353553       -0.612372        0.707107  
      0.382683        0.000000        0.923880  
      0.191342        0.331414        0.923880  
     -0.191342        0.331414        0.923880  
     -0.382683        0.000000        0.923880  
     -0.191342       -0.331414        0.923880  
      0.191342       -0.331414        0.923880  
      0.000000        0.000000        1.000000  
