             2            -1            -1
             1             3             9
             4             2            -1
            30            25             3
             6            30            -1
             5             7            13
             8             6            -1
             7            -1            15
            29            -1             2
            29            27            17
            25            26            27
            28            26            13
            14            12             6
            13            15            -1
            16            14             8
            15            -1            -1
            18            -1            10
            17            19            21
            20            18            28
            19            -1            23
            22            -1            18
            21            23            -1
            24            22            20
            23            -1            -1
            11            29             4
            11            30            12
            11            28            10
            27            12            19
            25            10             9
            26             4             5
