 2        -1        -1         
 1         3         9         
 4         2        -1            
 3         5        11         
 6         4        -1         
 5         7        13         
 8         6        -1         
 7        -1        15         
10        -1         2        
 9        11        17         
12        10         4        
11        13        19        
14        12         6        
13        15        -1        
16        14         8        
15        -1        -1        
18        -1        10        
17        19        21        
20        18        12        
19        -1        23        
22        -1        18        
21        23        -1        
24        22        20        
23        -1        -1        
