  1  0  1
  1  0  0
  1  0  0.5
  1  1  0
  1  0.5  0
  1  1  1
  1  1  0.5
  1  0.5  1
  1  0.707565  0.707566
  1  0.292433  0.292434
  1  0.652965  0.347034
  1  0.347033  0.652966
  0  1  0
  0.5  1  0
  0  1  1
  0  1  0.5
  0.5  1  1
  0.292435  1  0.707566
  0.707567  1  0.292434
  0.347035  1  0.347034
  0.652967  1  0.652966
  0  0  0
  0  0.5  0
  0  0  1
  0  0  0.5
  0  0.5  1
  0  0.292435  0.707566
  0  0.707567  0.292434
  0  0.347035  0.347034
  0  0.652967  0.652966
  0.5  0  0
  0.5  0  1
  0.707565  0  0.707566
  0.292433  0  0.292434
  0.652965  0  0.347034
  0.347033  0  0.652966
  0.581989  0.58199  0
  0.581989  0.41801  1
  0.646741  0.569188  0.569188
