          1141          1148          1155
          1141          1129          1136
          1136          1148          1141
          1142          1148          1136
          1103          1111          1096
           554           511           558
           495           511           554
           972           930           992
           721           710           686
           686           710           673
           835           893           837
           300           245           265
           558           511           532
           532           585           558
          1121          1108          1111
          1121          1136          1129
          1092          1108          1104
          1093          1096          1111
          1111          1108          1093
          1108          1092          1093
          1120          1128          1114
           815           833           867
           790           833           775
           844           833           790
           775           741           790
           790           741           750
           546           554           591
          1126          1129          1141
          1141          1137          1126
          1118          1113          1102
          1118          1109          1123
          1123          1126          1137
          1199          1197          1192
          1192          1201          1199
          1187          1197          1193
          1187          1192          1197
          1182          1192          1187
           880           942           887
           893           835           887
           942           948           887
           887           948           893
           887           823           880
           887           835           823
          1076          1088          1073
          1094          1088          1076
           972           992          1025
          1025           992          1037
          1028           992          1016
          1037           992          1028
           869           924           914
           371           316           363
           269           316           320
           320           371           374
           316           371           320
           336           287           379
           347           379           287
           381           379           347
           330           392           323
           950           916           983
           919           916           950
           878           916           919
           266           303           260
           837           893           894
           894           842           837
           771           835           837
           823           835           771
            51            63            83
            83            67            51
           451           511           495
           880           823           816
           178           218           177
           177           139           178
           168           139           177
           133           139           168
           189           154           161
           166           204           161
           183           154           189
           145           175           178
           178           139           145
           704           750           703
           750           741           703
           591           554           605
           627           636           585
           166           169           205
           205           204           166
           200           238           189
           189           161           200
           200           161           204
           244           200           204
           238           200           244
          1195          1198          1190
           967           904           970
          1165          1154          1146
          1097          1088          1105
           762           788           818
           911           846           872
           820           872           846
          1128          1134          1119
          1119          1111          1103
          1103          1114          1119
          1119          1114          1128
          1127          1134          1142
          1142          1136          1127
          1136          1121          1127
          1127          1121          1111
          1111          1119          1127
          1127          1119          1134
          1100          1088          1094
          1105          1088          1100
           830           848           782
           509           463           518
           975           963           911
           889           846           911
           911           963           889
          1129          1126          1116
          1116          1121          1129
          1104          1108          1116
          1108          1121          1116
          1106          1109          1118
          1118          1102          1106
          1106          1091          1109
          1102          1091          1106
          1068          1064          1082
          1170          1172          1182
           807           805           865
          1001           948           942
           942          1000          1001
          1062          1076          1059
          1059          1047          1062
          1059          1076          1073
          1094          1076          1090
          1072          1062          1053
          1072          1077          1062
          1053          1067          1072
           879           922           930
          1016           992           976
           976           992           930
           930           922           976
           569           578           522
           780           836           834
           892           964           896
           896           834           892
           892           834           836
           869           914           892
           892           836           869
           374           371           426
           297           242           258
           269           320           258
           258           320           297
           374           399           341
           341           320           374
           297           320           341
           466           534           508
           490           534           466
           433           399           374
           374           426           433
           490           466           433
           433           466           399
           517           544           571
           673           710           658
           429           379           381
           293           248           251
           821           810           868
           868           810           873
           909           943           873
           873           810           809
           414           480           418
           418           357           414
           388           357           418
           455           397           464
           464           397           388
           486           480           414
           107            75            87
            87            75            64
           332           303           266
           388           397           332
           348           303           332
           332           397           348
           860           878           831
           916           878           860
           831           821           860
           868           916           860
           860           821           868
            81           103            94
            27            14            18
            22            14            27
            98           119            89
           301           260           303
           348           340           301
           301           303           348
           251           260           301
           301           293           251
           340           293           301
            99            75           107
            91            72            71
            72            55            71
            64            75            52
           181           162           156
            73            46            57
            63            46            73
           507           437           448
           494           437           507
           954          1018          1020
           929          1018           954
           865           915           957
           881           804           803
           929           954           881
           881           954           915
           947           948          1006
           893           948           947
           947           894           893
           951           894           947
          1014           969          1013
           913           857           907
           907           969           913
          1013           969           966
           951          1011           966
           966           969           907
           548           497           559
           542           497           548
           800           798           857
           907           857           850
           857           798           850
           850           798           793
           793           842           850
           529           575           519
           783           771           837
           837           842           783
           783           842           793
            27            18            35
           315           300           265
           277           315           265
           333           315           277
           310           335           354
           475           532           511
           511           451           475
           314           272           331
           813           753           749
           580           575           529
           583           580           529
           796           813           749
           651           694           683
           848           904           854
           734           701           748
           748           770           734
           202           243           247
           247           197           202
           246           197           247
           247           243           292
           212           177           218
           212           243           202
           202           168           212
           168           177           212
           125           133           164
           164           133           168
           164           168           202
           202           197           164
            39            46            63
            39            51            31
            63            51            39
           149           183           175
           154           183           149
           175           145           149
           591           605           643
           643           605           641
           707           748           701
           775           833           766
           833           815           766
           641           605           599
           599           636           641
           599           554           558
           599           605           554
           558           585           599
           585           636           599
           641           636           671
           704           703           671
           204           205           250
           250           244           204
           331           346           375
           375           346           403
           417           346           360
           403           346           417
           611           566           584
          1140          1133          1149
          1166          1164          1174
          1171          1160          1159
          1162          1157          1151
          1151          1155          1162
          1141          1155          1151
          1151          1137          1141
          1169          1157          1162
          1168          1171          1159
          1125          1113          1118
          1118          1131          1125
          1158          1168          1159
          1157          1169          1158
          1158          1169          1175
          1175          1168          1158
          1157          1158          1144
          1118          1123          1132
          1132          1131          1118
          1132          1123          1137
          1132          1144          1131
          1112          1116          1126
          1112          1123          1109
          1126          1123          1112
          1099          1092          1104
          1104          1116          1099
          1116          1112          1099
          1075          1093          1092
          1015          1048          1039
          1110          1097          1105
          1120          1114          1101
          1103          1089          1101
          1101          1114          1103
          1083          1101          1089
          1097          1101          1083
           682           702           714
           743           762           714
           788           762           743
           714           702           743
           746           743           702
           746           789           788
           788           743           746
           788           789           847
           897           890           961
           684           732           717
           700           732           684
           874           820           814
           872           820           874
           905           960           874
           786           820           846
           786           772           738
           846           772           786
           814           820           761
           820           786           761
           761           786           738
           738           772           723
           723           705           680
           751           750           704
           704           705           751
           705           723           751
           751           723           772
           706           761           738
           727           761           706
           769           830           782
           863           815           867
           867           925           863
           496           518           463
           546           518           496
           495           554           496
           554           546           496
           380           408           354
           354           335           380
           380           335           396
           450           463           509
           492           450           509
           430           450           492
           430           492           471
           537           527           471
           471           492           537
          1043          1064          1042
           952          1009           997
           921           889           963
           826           772           846
           846           889           826
          1109          1091          1095
          1079          1099          1095
          1095          1112          1109
          1095          1099          1112
          1098          1113          1107
          1098          1102          1113
          1087          1091          1102
          1102          1098          1087
          1087          1098          1082
          1074          1091          1087
          1087          1064          1074
          1087          1082          1064
          1194          1188          1190
          1198          1200          1194
          1190          1198          1194
          1190          1188          1181
          1186          1192          1182
          1182          1172          1186
          1182          1187          1179
          1179          1170          1182
          1172          1170          1161
          1161          1154          1165
          1165          1172          1161
           855           807           865
           809           807           855
           855           873           809
           909           873           855
           932           916           868
           868           873           932
           932           873           943
           983           916           932
          1006           948          1004
           948          1001          1004
           936          1000           942
           936           999          1000
           936           942           880
          1052          1059          1073
          1084          1076          1062
          1084          1090          1076
          1062          1077          1084
          1045          1025          1037
          1045          1051          1025
          1040          1067          1053
          1025          1051          1040
           747           745           784
           711           698           678
           711           745           747
           747           698           711
           722           698           747
           722           681           698
           721           686           722
           686           681           722
           869           836           822
           876           924           869
           869           822           876
           876           822           811
           906           930           972
           799           784           827
           747           784           799
           345           326           285
           299           326           360
           244           250           299
           285           326           299
           299           250           285
           378           402           436
           360           326           378
           378           345           402
           326           345           378
           436           417           378
           378           417           360
           436           402           461
          1053          1062          1041
          1062          1047          1041
           962           914           924
           924           986           962
           962           892           914
           964           892           962
           756           736           780
           789           746           756
           708           736           756
           502           544           517
           410           371           363
           490           433           489
           489           433           426
           454           502           453
           453           502           517
           517           489           453
           453           489           426
           453           410           454
           453           426           371
           371           410           453
           517           571           555
           555           489           517
           698           681           659
           678           698           659
           582           571           544
           621           571           582
           582           617           621
           604           551           561
           561           551           508
           508           534           561
           693           658           710
           693           736           708
           646           658           693
           573           626           623
           623           600           573
           654           639           623
           623           639           600
           665           682           654
           702           682           665
           654           623           665
           665           623           626
           438           386           443
           438           429           381
           381           386           438
           248           293           291
           240           248           291
           291           287           240
           291           347           287
           334           293           340
           334           386           381
           340           386           334
           381           347           334
           347           291           334
           334           291           293
           395           340           348
           395           386           340
           443           386           395
           455           443           395
           395           397           455
           348           397           395
           388           418           470
           470           464           388
           470           418           480
           441           437           494
           494           486           441
           441           486           414
           460           497           424
           542           530           457
           457           497           542
           457           424           497
           312           317           370
           448           437           370
           382           323           392
           382           317           323
           382           370           317
           448           370           382
           107            87           115
           118           147           135
           270           332           266
           312           370           344
            45            53            68
            13             7            10
            10             3             8
            69            81            94
            94            85            69
            69            85            61
            14             6             9
             9            18            14
            14            22            11
            11             8             1
             1             6            11
            11             6            14
           285           250           236
           236           250           205
            31            51            26
           188           199           231
             1             8             2
             8             3             2
           128           109           140
           128            98           109
           119            98           128
            94           103           130
            64            52            44
            44            52            29
            75            99            80
            91            71            80
            29            52            37
           156           162           132
           194           156           167
           194           181           156
           265           245           217
           448           520           512
           512           507           448
           977           954          1020
           915           954           977
           977           957           915
           804           881           853
           853           881           915
           805           804           853
           865           805           853
           853           915           865
          1007           947          1006
          1007          1011           951
           951           947          1007
           857           913           858
           858           800           857
           802           800           858
           858           913           929
           929           881           858
           803           802           858
           858           881           803
           969          1014           973
           973           913           969
           929           913           973
           973          1018           929
           973          1014          1018
          1013           966          1012
          1012           966          1011
           901           894           951
           951           966           901
           842           894           901
           901           850           842
           901           966           907
           907           850           901
           516           497           460
           516           460           462
           462           519           516
           516           563           559
           559           497           516
           568           519           575
           563           516           568
           568           516           519
           607           562           615
           531           562           505
           387           473           428
           447           473           387
           593           583           535
           529           481           535
           535           583           529
           505           562           510
           510           447           505
           473           447           510
            47            51            67
            47            26            51
           144           126           112
           112           132           144
           144           132           162
            20            35            18
            20             9            12
            18             9            20
           446           499           434
           434           391           446
           300           315           352
           446           391           398
           398           471           446
           398           333           351
           398           391           333
           245           300           279
           412           451           396
           412           475           451
           331           272           295
           295           272           238
           295           346           331
           175           183           210
           880           816           877
           816           813           877
           877           936           880
           757           813           816
           753           813           757
           773           737           729
           729           724           773
           683           694           731
           742           796           749
           792           737           773
           856           796           792
           792           742           737
           796           742           792
           825           885           883
           883           829           825
           781           829           832
           832           864           808
           695           720           728
           728           687           695
           543           533           581
           581           589           543
           625           589           581
           581           609           625
           642           630           601
           767           832           808
           781           832           767
           691           699           664
           664           699           694
           694           651           664
           908           854           904
           908           967           965
           904           967           908
           965           955           908
           854           908           886
           886           908           955
           886           955           949
           949           885           886
           848           854           795
           782           848           795
           795           748           782
           770           748           795
           553           586           537
           537           492           553
           553           492           509
           246           247           302
           302           247           292
           123            90           101
           125           164           151
           151           164           197
           675           643           641
           641           671           675
           675           671           703
           782           748           733
           748           707           733
           733           769           782
           636           627           667
           667           671           636
           704           671           667
           667           705           704
           680           705           667
           521           484           467
           574           566           611
           521           566           574
           588           578           622
          1138          1133          1124
          1138          1143          1150
          1150          1149          1138
          1138          1149          1133
          1140          1149          1153
          1153          1149          1164
          1153          1146          1140
          1164          1166          1153
          1165          1146          1153
          1153          1166          1165
          1174          1164          1173
          1150          1143          1156
          1156          1143          1160
          1159          1160          1147
          1160          1143          1147
          1130          1138          1124
          1143          1138          1130
          1107          1113          1122
          1113          1125          1122
          1152          1158          1159
          1152          1144          1158
          1159          1147          1152
          1145          1151          1157
          1157          1144          1145
          1144          1132          1145
          1137          1151          1145
          1145          1132          1137
          1081          1066          1079
          1079          1095          1081
          1081          1095          1091
          1081          1091          1074
          1074          1066          1081
          1055          1043          1027
          1055          1066          1074
          1074          1064          1055
          1055          1064          1043
          1085          1075          1092
          1092          1099          1085
          1085          1099          1079
          1038          1021          1003
          1003          1021           960
          1003          1034          1038
           996          1034          1003
          1096          1093          1078
          1093          1075          1078
          1120          1101          1115
          1097          1110          1115
          1115          1101          1097
          1071          1083          1089
          1071          1057          1050
          1069          1057          1071
          1050          1039          1063
          1063          1039          1048
          1063          1071          1050
          1083          1071          1063
           797           762           818
           797           754           762
           714           762           715
           762           754           715
           709           746           702
           702           665           709
           708           756           709
           709           756           746
           817           847           789
           789           756           817
           780           834           817
           817           756           780
           988           938           995
          1015          1039           995
           995           953          1015
           938           953           995
           931           938           988
           931           988           961
           961           890           931
           938           931           871
           871           931           890
           871           797           818
          1015           953           985
           985           953           920
           896           964           934
           964           990           934
           934           985           920
           990           985           934
           935           897           961
           765           717           732
           727           717           765
           814           761           765
           765           761           727
           732           700           752
           819           752           778
           794           752           819
           838           874           814
           905           874           838
           814           765           838
           801           790           750
           750           751           801
           844           790           801
           801           751           772
           772           826           801
           644           653           680
           680           667           644
           644           667           627
           688           706           666
           684           717           688
           688           717           727
           727           706           688
           738           723           692
           692           706           738
           692           723           680
           680           653           692
           692           653           666
           666           706           692
           735           733           696
           769           733           735
           830           769           806
           806           863           830
           815           863           806
           408           380           439
           463           408           439
           439           496           463
           495           496           439
           439           451           495
           396           451           439
           439           380           396
           384           368           324
           384           450           430
           430           368           384
          1027          1021          1044
          1044          1055          1027
          1066          1055          1044
          1044          1021          1038
          1027           975           984
           984          1021          1027
           960          1021           984
          1049          1064          1068
          1049          1042          1064
           981           921           963
           926           921           981
          1043          1042          1019
           963           975          1019
          1027          1043          1019
          1019           975          1027
           923           863           925
           925           982           923
           923           982           979
           991           982           925
           991           952           997
           925           952           991
           900           833           844
           889           921           859
           859           826           889
           859           801           826
          1196          1200          1202
          1196          1194          1200
          1202          1201          1196
          1201          1192          1196
          1192          1186          1196
          1188          1194          1196
          1196          1186          1188
          1177          1166          1174
          1174          1181          1177
          1165          1166          1177
          1177          1172          1165
          1177          1181          1188
          1177          1186          1172
          1188          1186          1177
           909           855           910
           865           957           910
           910           855           865
           993           932           943
           943           998           993
           983           932           993
           987           994           927
          1032          1048          1015
          1032          1052          1048
          1015           985          1032
          1067          1040          1058
          1058          1040          1051
          1025          1040          1002
           972          1025          1002
           787           836           780
           787           822           836
           941           906           972
           972          1002           941
           924           876           941
           876           906           941
           941           986           924
           941          1002           986
           777           722           747
           747           799           777
           827           879           861
           861           799           827
           861           879           930
           930           906           861
           569           600           610
           600           639           610
           610           639           652
           610           578           569
           610           652           622
           622           578           610
           308           345           285
           360           346           288
           288           299           360
           346           295           288
           244           299           288
           238           244           288
           288           295           238
           576           626           573
           550           600           569
           573           600           550
           522           461           476
           508           551           491
           551           539           491
           539           479           491
          1005           962           986
           964           962          1005
           645           686           673
           645           681           686
           621           659           645
           645           659           681
           606           571           621
           606           555           571
           621           645           606
           222           230           253
           342           341           399
           479           472           420
           678           659           650
           621           617           650
           650           659           621
           674           693           708
           646           693           674
           385           392           330
           385           457           392
           424           457           385
           458           530           520
           458           457           530
           458           520           448
           392           457           458
           448           382           458
           458           382           392
           122           115            97
            97           115            87
           312           344           305
           305           344           294
           390           441           414
           437           441           390
           390           370           437
           390           344           370
           294           344           349
           357           283           349
           349           283           294
           344           390           349
           414           357           349
           349           390           414
            45            68            62
            40            45            62
            82            68            53
            82            53            61
            82            96            68
            61            85            82
            85           105            82
           142           137           117
           137           105           117
            94           130           117
           117           130           142
           117            85            94
           117           105            85
            17            10            23
            13            10            17
             3            10             4
             4             7             5
             4            10             7
             8            11            15
            15            11            22
            23            10            15
            15            10             8
           201           236           205
           201           205           169
           169           176           201
            28            16            19
           184           188           226
           226           188           231
           231           274           226
           226           274           275
           361           420           377
           160           128           140
           140           109           116
           116           155           140
           108           130           103
            89           119           108
           108            81            89
           103            81           108
           136           108           119
           130           108           136
            33            44            29
            36            44            33
            56            38            40
            40            62            56
            56            62            79
            59            80            71
            59            71            55
            59            52            75
            75            80            59
            59            55            41
            41            37            59
            59            37            52
            91            80            92
            92            80            99
           225           277           265
           265           217           225
           181           194           225
           225           217           181
           156           132           124
            84            73            57
           104            90           123
           123           141           104
           104           141           113
           113            84           104
          1022           977          1020
           957           977          1022
           383           362           328
           321           328           278
           321           364           383
           383           328           321
           474           531           505
           615           562           579
           562           531           579
           579           630           615
           579           601           630
           556           601           579
           473           510           538
           593           535           538
           538           597           593
           560           510           562
           560           607           602
           562           607           560
           560           538           510
           602           597           560
           597           538           560
            24            26            32
            26            47            32
            28            19            32
            32            19            24
            76            47            67
           203           217           245
            42            22            27
            42            34            22
            12            16            21
            21            20            12
            21            16            28
           577           549           527
           577           586           629
           577           527           537
           537           586           577
           500           499           446
           500           549           499
           527           549           500
           446           471           500
           500           471           527
           405           434           459
           459           434           499
           405           352           367
           367           352           315
           367           434           405
           391           434           367
           367           315           333
           333           391           367
           430           471           411
           471           398           411
           411           368           430
           411           398           351
           351           368           411
           335           310           284
           310           256           284
           284           256           246
           246           302           284
           284           302           335
           264           279           313
           364           321           313
           532           475           468
           475           412           468
           175           210           214
           178           175           214
           214           218           178
           272           314           252
           252           214           210
           238           272           224
           189           238           224
           272           252           224
           224           252           210
           224           183           189
           224           210           183
           394           432           456
           369           337           314
           369           314           331
           331           375           369
           369           394           337
           432           394           369
           823           771           763
           763           816           823
           763           757           816
           694           699           744
           744           731           694
           744           767           808
           773           724           759
           498           435           444
           506           435           498
           655           687           691
           625           609           655
           655           664           625
           691           664           655
           499           549           552
           690           701           734
           734           716           690
           720           716           768
           734           770           768
           768           716           734
           825           829           774
           774           829           781
           691           687           730
           687           728           730
           781           767           730
           730           774           781
           728           774           730
           687           655           648
           609           618           648
           648           655           609
           565           618           609
           533           515           565
           565           581           533
           609           581           565
           556           506           557
           506           498           557
           543           589           557
           557           498           543
           608           557           589
           608           651           642
           642           601           608
           608           601           556
           556           557           608
           725           699           691
           691           730           725
           725           730           767
           725           744           699
           767           744           725
           625           664           628
           628           664           651
           628           589           625
           628           608           589
           651           608           628
           854           886           824
           770           795           824
           824           795           854
           824           768           770
           629           586           631
           570           546           591
           570           518           546
           509           518           570
           570           553           509
           696           649           661
           356           412           396
           396           335           356
           335           302           356
           125           151           120
           123           101           129
           129           101           114
           713           735           696
           696           661           713
           427           467           484
           427           484           432
           427           375           403
           403           467           427
           432           369           427
           427           369           375
           536           588           584
           616           632           590
           590           574           616
           611           647           616
           616           574           611
           541           484           521
           521           574           541
           541           574           590
           456           432           487
           432           484           487
           484           541           487
           487           541           526
           513           449           456
           456           487           513
           513           487           526
           547           522           578
           578           588           547
           588           536           547
          1185          1173          1178
          1189          1191          1185
          1185          1178          1189
          1185          1191          1195
          1178          1173          1163
          1150          1156          1163
          1163          1173          1164
          1163          1149          1150
          1164          1149          1163
          1180          1183          1171
          1180          1168          1175
          1171          1168          1180
          1176          1183          1189
          1189          1178          1176
          1171          1183          1176
          1160          1171          1176
          1117          1130          1124
          1107          1122          1117
          1117          1122          1130
          1139          1152          1147
          1139          1125          1131
          1131          1144          1139
          1144          1152          1139
          1038          1034          1056
          1056          1034          1054
          1054          1075          1056
           996          1003           956
           956           960           905
           956          1003           960
          1050          1057          1035
          1046          1057          1069
          1046          1035          1057
          1096          1078          1086
          1086          1078          1069
          1103          1096          1086
          1086          1089          1103
          1086          1071          1089
          1069          1071          1086
          1061          1075          1054
          1061          1078          1075
          1069          1078          1061
          1061          1046          1069
          1065          1063          1048
          1065          1052          1073
          1048          1052          1065
           890           897           840
           840           819           778
           754           797           779
           779           840           778
           622           652           660
           726           715           754
           754           779           726
           654           682           676
           676           639           654
           676           682           714
           714           715           676
           652           639           676
           920           847           875
           847           817           875
           896           934           875
           875           934           920
           875           834           896
           875           817           834
           891           847           920
           920           953           891
           841           871           890
           797           871           841
           890           840           841
           841           779           797
           840           779           841
           776           765           732
           732           752           776
           776           752           794
           794           838           776
           776           838           765
           712           752           700
           897           935           882
           882           840           897
           819           840           882
           657           616           647
           632           616           657
           657           647           684
           684           688           657
           666           632           657
           657           688           666
           311           368           351
           324           368           311
           208           194           167
           354           408           343
           343           384           324
           343           324           289
           343           310           354
           960           984           928
           872           874           928
           928           874           960
           911           872           928
           928           975           911
           928           984           975
          1042          1049          1030
          1026           981          1030
          1010          1019          1042
          1042          1030          1010
          1010          1030           981
          1010           981           963
           963          1019          1010
           830           863           898
           863           923           898
           898           904           848
           848           830           898
           970           904           898
           979           970           898
           898           923           979
           867           833           902
           833           900           902
           902           925           867
           902           952           925
          1009           952           958
           958          1023          1009
           952           902           958
           958           902           900
           844           801           870
           801           859           870
           870           900           844
           926           900           870
           870           921           926
           870           859           921
           918           927           856
           918           980           987
           987           927           918
           912           971           978
           946           885           949
           946           883           885
           884           832           829
           829           883           884
           883           940           884
           909           910           968
           968           943           909
           968           998           943
           968           910           957
           856           927           866
           866           877           813
           866           796           856
           813           796           866
           933           927           994
           933           994           999
           999           936           933
           936           877           933
           877           866           933
           933           866           927
          1033           985           990
          1033          1032           985
          1052          1032          1033
          1047          1059          1033
          1059          1052          1033
           780           736           740
           740           787           780
           740           693           710
           736           693           740
           822           787           760
           811           822           760
           787           740           760
           760           710           721
           760           740           710
           721           722           758
           722           777           758
           758           777           811
           758           760           721
           811           760           758
           843           777           799
           799           861           843
           811           777           843
           843           861           906
           843           876           811
           843           906           876
           325           308           275
           626           576           595
           595           551           604
           595           539           551
           595           576           539
           522           476           524
           524           476           493
           569           522           524
           524           550           569
           493           550           524
           525           576           573
           539           576           525
           525           479           539
           525           472           479
          1031          1005           986
           986          1002          1031
          1031          1002          1040
          1031          1040          1053
          1053          1041          1031
          1041          1005          1031
          1024           990           964
           964          1005          1024
          1047          1033          1024
          1024          1033           990
          1024          1041          1047
          1024          1005          1041
           587           561           534
           222           253           209
           281           253           230
           281           230           242
           281           242           297
           306           253           281
           281           342           306
           297           341           281
           341           342           281
           393           342           399
           670           665           626
           670           709           665
           708           709           670
           670           674           708
           424           385           339
           339           385           330
           332           270           322
           322           357           388
           388           332           322
           276           322           270
           276           283           357
           357           322           276
           106            97            79
           118           135           106
           106           135           122
           122            97           106
            74            87            64
            74            97            87
            79            97            74
           158           147           131
           131           137           158
           131           147           118
           118            96           131
            68            96            86
            86            62            68
            86            96           118
           118           106            86
            79            62            86
            86           106            79
           110            82           105
            96            82           110
           110           131            96
           110           105           137
           137           131           110
            22            34            25
            25            15            22
            23            15            25
           184           226           216
           216           176           184
           216           201           176
           236           201           216
           327           361           377
           155           116           121
           158           137           171
           171           137           142
           469           416           481
           469           519           462
           462           407           469
           469           407           416
           469           481           529
           529           519           469
           481           416           423
           280           268           229
           229           262           280
           172           143           206
           148           136           119
           119           128           148
           128           160           148
           130           136           165
           165           195           186
           136           148           165
           207           195           165
            83            63            95
            63            73            95
            95           112            83
            95           132           112
            95           124           132
           138           141           167
           113           141           138
           167           156           138
           156           124           138
           167           141           179
           179           208           167
           159           141           123
           193           179           159
           159           179           141
            65            84            57
           102            84           113
           113           138           102
           102           138           124
            73            84           102
           102            95            73
           124            95           102
           249           206           191
           191           143           150
           191           206           143
           298           328           362
           298           329           249
           362           329           298
           278           328           298
           172           187           152
           152           187           155
           152           121           127
           155           121           152
           505           447           452
           452           474           505
           482           474           422
           422           435           482
           482           435           506
           482           506           556
           473           538           485
           485           538           535
           485           428           473
           485           423           428
           485           535           481
           481           423           485
            28            32            49
            49            32            47
            47            76            49
           163           191           150
           221           235           198
           198           170           221
           198           163           170
           191           163           198
           112           126            93
            93            76            67
            93            67            83
            83           112            93
           134           143           172
           134           152           127
           172           152           134
            77            60            88
            50            58            35
            50            66            58
            60            77            50
            50            77            66
           271           233           289
           271           311           257
           289           324           271
           324           311           271
           289           233           282
           233           232           282
           282           343           289
           310           343           282
           282           256           310
           282           232           256
           182           151           197
           264           313           273
           273           313           321
           221           264           273
           273           235           221
           278           235           273
           273           321           278
           338           313           279
           300           352           338
           338           279           300
           364           313           338
           415           468           412
           449           468           415
           415           372           449
           314           337           290
           290           252           314
           337           304           290
           449           372           409
           456           449           409
           409           394           456
           267           212           218
           243           212           267
           267           304           318
           267           318           292
           292           243           267
           791           744           808
           808           864           791
           718           759           724
           731           759           718
           683           731           718
           773           759           812
           564           552           596
           564           565           515
           596           618           564
           618           565           564
           515           442           465
           383           364           425
           425           444           383
           483           515           533
           483           442           515
           483           425           442
           701           690           668
           720           768           764
           825           774           764
           764           728           720
           764           774           728
           768           824           828
           825           764           828
           828           764           768
           828           885           825
           828           886           885
           828           824           886
           669           631           649
           669           707           701
           701           668           669
           629           631           669
           669           668           629
           586           553           603
           603           631           586
           553           570           603
           649           631           603
           146           129           114
           114           120           146
           146           120           151
           151           182           146
           735           713           755
           755           766           815
           815           806           755
           769           735           755
           755           806           769
           719           703           741
           719           675           703
           719           741           775
           775           766           719
           766           755           719
           719           755           713
           679           661           643
           679           713           661
           643           675           679
           675           719           679
           679           719           713
           403           417           478
           478           467           403
           523           584           566
           523           536           584
           523           478           536
           523           566           521
           521           467           523
           467           478           523
           504           468           449
           449           513           504
           532           468           504
           501           461           522
           522           547           501
           436           461           501
           501           547           536
          1174          1173          1184
          1173          1185          1184
          1184          1181          1174
          1190          1181          1184
          1184          1195          1190
          1184          1185          1195
          1178          1163          1167
          1167          1163          1156
          1167          1176          1178
          1167          1156          1160
          1160          1176          1167
          1135          1139          1147
          1130          1122          1135
          1135          1122          1125
          1125          1139          1135
          1135          1147          1143
          1143          1130          1135
          1079          1066          1060
          1038          1056          1060
          1060          1044          1038
          1066          1044          1060
          1075          1085          1070
          1070          1056          1075
          1070          1060          1056
          1070          1085          1079
          1079          1060          1070
           996           956           939
           939           882           935
           961           988          1017
           988          1035          1017
          1035          1046          1017
          1029           995          1039
          1029          1039          1050
          1050          1035          1029
           988           995          1029
          1029          1035           988
          1083          1063          1080
          1063          1065          1080
          1097          1083          1080
          1088          1097          1080
          1073          1088          1080
          1080          1065          1073
           633           588           622
           622           660           633
           584           588           633
           715           726           689
           652           676           689
           689           676           715
           689           726           697
           689           660           652
           697           660           689
           739           779           778
           739           726           779
           778           752           739
           752           712           739
           697           726           739
           739           712           697
           839           871           818
           818           788           839
           788           847           839
           847           891           839
           938           871           895
           895           953           938
           895           891           953
           871           839           895
           895           839           891
           852           838           794
           794           819           852
           819           882           852
           296           311           351
           351           333           296
           333           277           296
           257           311           296
           257           208           223
           223           271           257
           223           179           193
           208           179           223
           193           233           223
           233           271           223
           237           208           257
           257           296           237
           237           225           194
           194           208           237
           277           225           237
           237           296           277
           406           343           408
           384           343           406
           450           384           406
           406           408           463
           463           450           406
          1026          1023           974
          1023           958           974
           974           981          1026
           926           981           974
           974           900           926
           974           958           900
           849           918           856
           856           792           849
           849           792           773
           773           812           849
           849           812           862
           917           912           978
           862           912           917
           978           980           917
           980           918           917
           917           849           862
           918           849           917
           944           940           883
           883           946           944
           937           884           940
           957          1022          1008
          1008           968           957
           998           968          1008
           275           274           319
           319           325           275
           274           327           319
           319           376           325
           377           376           319
           319           327           377
           419           461           402
           419           476           461
           431           376           377
           377           420           431
           431           420           472
           592           606           645
           555           606           592
           592           587           534
           231           199           241
           199           209           241
           445           466           508
           508           491           445
           399           466           445
           445           393           399
           420           361           421
           393           445           421
           479           420           421
           421           491           479
           421           445           491
           626           595           637
           637           670           626
           604           646           637
           637           595           604
           646           674           637
           674           670           637
           460           424           400
           424           339           400
           400           339           350
           350           407           400
           462           460           400
           400           407           462
            54            56            79
            79            74            54
            36            38            54
            38            56            54
            54            44            36
            64            44            54
            54            74            64
           236           216           259
           285           236           259
           259           308           285
           275           308           259
           259           226           275
           259           216           226
           229           268           213
           213           187           229
           155           187           213
           387           428           373
           428           423           373
           196           228           219
           172           206           215
           215           187           172
           215           262           229
           229           187           215
           130           165           157
           157           165           186
           142           130           157
           157           171           142
           186           171           157
           207           165           180
           180           165           148
           180           219           207
           196           219           180
           160           196           180
           180           148           160
            78           104            84
            84            65            78
            90           104            78
           249           329           263
           262           215           263
           263           206           249
           263           215           206
           401           447           387
           401           452           447
           422           474           413
           474           452           413
           452           401           413
           531           474           528
           474           482           528
           528           482           556
           556           579           528
           528           579           531
            60            49            70
            70            49            76
            88            60            70
            70           100            88
            76           100            70
           249           191           234
           191           198           234
           234           198           235
           234           235           278
           234           298           249
           278           298           234
           111           100            76
            76            93           111
           111            93           126
           227           203           245
           227           190           203
           245           279           227
           227           279           264
           227           264           221
            48            42            27
            27            35            48
            35            58            48
            30            50            35
            35            20            30
            20            21            30
            30            21            28
           220           197           246
           220           182           197
           246           256           220
           404           465           442
           404           352           405
           404           338           352
           405           459           404
           459           465           404
           372           415           353
           412           356           353
           353           415           412
           292           318           353
           318           372           353
           353           302           292
           353           356           302
           254           290           304
           218           214           254
           214           252           254
           252           290           254
           254           267           218
           304           267           254
           355           409           372
           355           372           318
           318           304           355
           355           304           337
           337           394           355
           394           409           355
           785           812           759
           785           759           731
           731           744           785
           744           791           785
           552           564           514
           514           465           459
           514           564           515
           515           465           514
           514           459           499
           499           552           514
           444           425           488
           425           483           488
           543           498           488
           488           498           444
           488           533           543
           488           483           533
           613           577           629
           638           618           596
           677           690           716
           677           720           695
           677           716           720
           677           638           640
           685           649           696
           685           669           649
           707           669           685
           696           733           685
           685           733           707
           620           603           570
           620           661           649
           649           603           620
           173           146           182
           477           417           436
           477           478           417
           436           501           477
           536           478           477
           477           501           536
           567           513           526
           567           572           513
           567           541           590
           526           541           567
           653           644           612
           545           504           513
           513           572           545
           532           504           545
          1036          1017          1046
          1054          1034          1036
          1036          1034           996
          1036          1061          1054
          1046          1061          1036
           684           647           663
           663           700           684
           663           647           611
           697           712           672
           672           660           697
           672           633           660
           672           712           700
           700           663           672
           899           939           956
           899           956           905
           882           939           899
           899           852           882
           905           838           899
           838           852           899
           832           884           888
           884           937           888
           864           832           888
           888           945           864
           888           937           945
           325           376           365
           376           419           365
           345           308           365
           308           325           365
           402           345           365
           365           419           402
           503           431           472
           472           525           503
           503           550           493
           573           550           503
           503           525           573
           493           476           440
           476           419           440
           440           503           493
           431           503           440
           440           419           376
           376           431           440
           634           645           673
           634           592           645
           587           592           634
           673           658           634
           540           592           534
           555           592           540
           540           534           490
           490           489           540
           489           555           540
           261           209           253
           261           241           209
           261           307           241
           261           253           306
           306           307           261
           286           274           231
           231           241           286
           286           327           274
           241           307           286
           361           327           286
           286           307           361
           359           421           361
           393           421           359
           359           307           306
           361           307           359
           306           342           359
           342           393           359
           174           196           160
           174           213           196
           174           160           140
           140           155           174
           155           213           174
           239           228           196
           196           213           239
           366           423           416
           366           373           423
           309           280           262
           262           263           309
           309           263           329
           221           170           185
           185           227           221
           190           227           185
            43            30            28
            28            49            43
            43            49            60
            60            50            43
            50            30            43
           389           404           442
           389           425           364
           442           425           389
           364           338           389
           338           404           389
           864           945           903
           903           945           959
           959           971           903
           971           912           903
           862           812           851
           812           785           851
           851           912           862
           851           903           912
           629           668           656
           656           613           629
           640           613           656
           656           668           690
           690           677           656
           656           677           640
           549           577           598
           577           613           598
           596           552           598
           598           552           549
           598           613           640
           598           638           596
           640           638           598
           662           677           695
           638           677           662
           695           687           662
           687           648           662
           662           648           618
           618           638           662
           619           570           591
           619           620           570
           591           643           619
           643           661           619
           661           620           619
           129           146           153
           146           173           153
           123           129           153
           153           159           123
           192           233           193
           192           232           233
           192           153           173
           193           159           192
           159           153           192
           182           220           211
           211           173           182
           256           232           211
           211           220           256
           232           192           211
           211           192           173
           594           644           627
           594           612           644
           594           627           585
           572           612           594
           594           545           572
           585           532           594
           532           545           594
           653           612           614
           666           653           614
           614           632           666
           590           632           614
           614           567           590
           572           567           614
           614           612           572
          1017          1036           989
           989           935           961
           961          1017           989
           989          1036           996
           996           939           989
           989           939           935
           635           663           611
           611           584           635
           584           633           635
           633           672           635
           635           672           663
           624           634           658
           587           634           624
           624           646           604
           624           658           646
           604           561           624
           561           587           624
           255           213           268
           255           239           213
           358           366           416
           358           407           350
           416           407           358
           845           785           791
           845           851           785
           903           851           845
           845           791           864
           864           903           845
