   1.05491    
  0.981111    
  0.952925    
  0.880940    
  0.816493    
  0.783552    
  0.693623    
  0.530946    
  0.464421    
  0.409317    
  0.392847    
  0.370536    
  0.389411    
  0.379000    
  0.362172    
  0.381449    
  0.384453    
  0.399979    
  0.446787    
  0.498370    
  0.563119    
  0.721149    
  0.765863    
  0.840539    
  0.891719    
  0.949321    
   1.00054    
   1.06113    
   1.10930    
   1.12177    
   1.12573    
   1.19445    
   1.25438    
   1.26463    
   1.35689    
   1.48532    
   1.67399    
   1.79466    
   1.87921    
   1.87200    
   1.74623    
   1.78877    
   1.85896    
   1.90764    
   2.03729    
   2.15466    
   2.17804    
   2.20066    
   2.22101    
   2.18096    
   2.10367    
   2.02542    
   1.89336    
   1.87494    
   1.92625    
   2.02445    
   2.04796    
   2.02473    
   2.02671    
   2.08052    
   2.12988    
   2.22894    
   2.21301    
   2.31197    
   2.47795    
   2.57679    
   2.74459    
   2.86449    
   3.02384    
   3.12905    
   3.06549    
   3.01830    
   2.94810    
   2.89609    
   2.95471    
   2.89457    
   2.71063    
   2.55763    
   2.39433    
   2.21521    
   2.05682    
   1.90184    
   1.82537    
   1.77124    
   1.58039    
   1.55411    
   1.54898    
   1.33567    
   1.23226    
   1.11285    
  0.512093    
  0.552829    
  0.595342    
  0.619244    
  0.621277    
  0.640879    
  0.639347    
  0.599943    
  0.554313    
  0.509948    
  0.497378    
  0.433412    
  0.485340    
  0.398537    
  0.454380    
  0.508820    
  0.418295    
  0.493729    
  0.534050    
  0.561747    
  0.597384    
  0.421682    
  0.455574    
  0.513886    
  0.575722    
  0.628132    
  0.659016    
  0.378009    
  0.384756    
  0.570544    
  0.617410    
  0.659889    
  0.372142    
  0.414920    
  0.709917    
  0.725720    
  0.374645    
  0.397796    
  0.463950    
  0.557992    
  0.692523    
  0.754829    
  0.398030    
  0.496836    
  0.620246    
  0.745757    
  0.748961    
  0.787251    
  0.378078    
  0.403891    
  0.435931    
  0.440599    
  0.668755    
  0.796431    
  0.791582    
  0.383990    
  0.396707    
  0.435789    
  0.489276    
  0.627629    
  0.414244    
  0.458029    
  0.564532    
  0.716368    
  0.767465    
  0.801974    
  0.381716    
  0.385287    
  0.408108    
  0.417472    
  0.505388    
  0.551699    
  0.726806    
  0.776018    
  0.808693    
  0.366867    
  0.373065    
  0.417202    
  0.453839    
  0.500232    
  0.530100    
  0.587183    
  0.616049    
  0.691967    
  0.785570    
  0.836023    
   1.93984    
   2.01796    
   2.14942    
  0.366900    
  0.389609    
  0.466756    
  0.486931    
  0.530878    
  0.574539    
  0.553527    
  0.621523    
  0.621386    
  0.674939    
  0.824706    
  0.858621    
   1.85210    
   1.87529    
   1.99804    
   1.98052    
   2.20653    
  0.375648    
  0.371234    
  0.390602    
  0.415117    
  0.451774    
  0.470649    
  0.665354    
  0.769489    
  0.850215    
   1.87645    
   1.93044    
   2.07547    
   2.12029    
   2.28969    
   2.27598    
   2.33907    
   2.44944    
  0.405983    
  0.409117    
  0.503443    
  0.645539    
  0.750240    
  0.890028    
  0.903680    
   1.78892    
   1.80674    
   1.95833    
   1.94288    
   2.04023    
   2.14386    
   2.19063    
   2.50121    
  0.382458    
  0.407650    
  0.485486    
  0.531145    
  0.627034    
  0.688058    
  0.722321    
  0.840382    
  0.827224    
  0.929406    
   1.72386    
   1.74814    
   1.83420    
   1.86214    
   2.05204    
   2.24055    
   2.30030    
   2.38288    
   2.47786    
   2.60600    
  0.394021    
  0.389072    
  0.423289    
  0.410500    
  0.446355    
  0.494949    
  0.527304    
  0.569414    
  0.633971    
  0.662487    
  0.887124    
  0.923404    
  0.961497    
   1.67191    
   1.69799    
   1.76415    
   1.81458    
   2.00092    
   2.19335    
   2.26088    
   2.36588    
   2.41874    
   2.38896    
   2.56320    
  0.425385    
  0.450308    
  0.566924    
  0.583496    
  0.619155    
  0.656426    
  0.677098    
  0.707164    
  0.723217    
  0.942744    
  0.970163    
   1.62472    
   1.64870    
   1.71944    
   1.80006    
   1.91833    
   2.12734    
   2.15710    
   2.47296    
   2.54334    
   2.65630    
   2.77083    
  0.423231    
  0.450707    
  0.470611    
  0.577926    
  0.533585    
  0.604173    
  0.639946    
  0.672549    
  0.782728    
  0.920521    
  0.969009    
   1.60225    
   1.64959    
   1.68409    
   1.75637    
   1.89775    
   1.97334    
   2.10470    
   2.18095    
   2.50950    
   2.63420    
  0.472431    
  0.475707    
  0.511193    
  0.515678    
  0.516708    
  0.618830    
  0.667616    
  0.783064    
   1.57131    
   1.62228    
   1.90978    
   1.98397    
   2.22043    
   2.70621    
   2.83309    
   2.91309    
  0.548086    
  0.569854    
  0.668815    
  0.616466    
  0.704650    
  0.841818    
  0.892174    
  0.891210    
   1.00456    
   1.56288    
   1.67215    
   1.71010    
   1.98790    
   2.03953    
   2.54168    
   2.59858    
   2.62704    
   2.80319    
   2.93379    
  0.532083    
  0.587520    
  0.585336    
  0.624287    
  0.737897    
  0.918040    
  0.964416    
  0.980271    
   1.00905    
   1.03530    
   1.02748    
   1.55142    
   1.60199    
   1.80551    
   1.85694    
   1.95523    
   2.63073    
   2.70481    
   2.73104    
   2.82154    
   2.85655    
  0.614846    
  0.641640    
  0.726324    
  0.707021    
  0.754205    
  0.764236    
   1.05579    
   1.08033    
   1.15083    
   1.59679    
   1.60492    
   1.76540    
   1.91022    
   1.99806    
   2.03072    
   2.77336    
   2.86914    
   2.92112    
  0.664641    
  0.703023    
  0.761601    
  0.811773    
  0.805795    
  0.879917    
   1.11673    
   1.11400    
   1.16619    
   1.19190    
   1.48930    
   1.54115    
   1.54981    
   1.67004    
   1.89974    
   1.86978    
   1.94872    
   1.97481    
   2.68731    
   2.83933    
   2.94910    
  0.667077    
  0.695293    
  0.734914    
  0.749652    
  0.790423    
  0.800082    
  0.821005    
  0.857943    
   1.01672    
   1.20062    
   1.22673    
   1.28395    
   1.26856    
   1.30205    
   1.36851    
   1.40326    
   1.45449    
   1.61839    
   1.78536    
   1.83150    
   2.78513    
   2.95808    
  0.865609    
  0.913247    
  0.936752    
   1.28989    
   1.33547    
   1.37136    
   1.45319    
   1.52398    
   1.72562    
   1.83159    
   1.86015    
   3.03400    
  0.959207    
   1.00130    
   1.00382    
   1.14694    
   1.38512    
   1.42077    
   1.60281    
   1.92386    
   2.84104    
   2.94685    
   3.04991    
   1.02975    
   1.04727    
   1.08193    
   1.26074    
   1.49768    
   1.61427    
   1.89551    
   1.95961    
   2.91847    
   3.01746    
   1.08378    
   1.11785    
   1.12478    
   1.18872    
   1.19797    
   1.37318    
   1.43316    
   1.53786    
   1.99193    
   3.08469    
   1.30963    
   1.70171    
   1.83198    
   1.94410    
   2.05063    
   2.97207    
   3.07414    
   3.10670    
   1.11480    
   1.17077    
   1.26959    
   1.51649    
   1.90853    
   1.99984    
   1.16474    
   1.68380    
   1.93848    
   2.01669    
   2.07745    
   1.14424    
   1.48820    
   1.79322    
   2.02702    
   2.06797    
   1.19541    
   1.25367    
   2.01164    
   2.11689    
   1.15763    
   1.20342    
   1.88541    
   2.08998    
   2.13135    
   1.82205    
   1.71824    
   1.87694    
   2.10178    
   2.14848    
   1.23311    
   1.21501    
   1.24474    
   1.27601    
   1.36657    
   1.64868    
   2.02109    
   2.10736    
   2.16547    
   1.28434    
   1.28275    
   1.32809    
   1.41368    
   1.92216    
   2.03571    
   2.13164    
   2.13601    
   2.19334    
   1.25981    
   1.33372    
   1.42850    
   1.72843    
   2.13025    
   2.20771    
   1.29926    
   1.31819    
   1.41448    
   1.58018    
   2.05042    
   2.15462    
   2.21462    
   1.34549    
   1.39411    
   1.99388    
   2.20784    
   1.39997    
   1.40618    
   1.53249    
   1.70075    
   1.81155    
   1.94277    
   2.11106    
   2.20376    
   1.44020    
   1.46969    
   1.47615    
   1.58362    
   1.80215    
   1.91768    
   2.19235    
   2.14546    
   1.69389    
   1.85386    
   2.02887    
   2.10995    
   1.52629    
   1.55160    
   1.62739    
   1.64615    
   1.81160    
   1.87832    
   1.93572    
   2.05564    
   2.15279    
   2.18481    
   1.51654    
   1.56725    
   1.71189    
   1.72881    
   1.76466    
   1.83510    
   1.78090    
   1.87524    
   1.99017    
   1.99208    
   2.07478    
   2.11344    
   2.09452    
   2.16197    
   1.55984    
   1.59569    
   1.66407    
   1.69869    
   1.77001    
   1.81218    
   1.59777    
   1.61678    
   1.66416    
   1.72659    
   1.73837    
   1.76540    
   1.63018    
   1.68087    
   1.77421    
   1.79021    
   1.71409    
   1.68346    
   1.76114    
   1.83500    
   1.81059    
   1.75502    
   1.74731    
   1.80852    
   1.83434    
   1.83068    
   1.82155    
   1.87598    
   1.87359    
