           270           374           303
           104            55           232
           339           225            45
           410           374           315
           104           232           416
           232            55            34
           330           122           403
           410            82             0
            55             0            82
           481           417           420
           339            45           303
           339           303           374
           416           232           361
           122            34            55
            34           122           382
           169           225           104
           104           416           169
           330           403            92
           315           194           410
            16           261           374
           417           315           261
           270            16           374
            19           270           338
           420           261           298
           261           420           417
           440            65           361
           440           361           232
           232            34           440
            92            81           330
            45           494           356
           356           303            45
           338           303           356
           268           494           375
           361           393           179
           225           169           156
           375           494           156
           156            45           225
           156           494            45
           340           169           416
            82           403           122
            82           410           194
           194           315           417
           481           249           417
           194            13           403
           403            82           194
            34             8           440
           393           361            65
            23           330            81
           443           356           494
           494           268           443
           306           166           393
           375           156           137
           137           156           169
           169           340           137
           303           338           270
            65           440             8
            23           382           330
           122           330           382
            23            81           282
            81            92           424
           415           126            39
            39            92           403
           375           137           362
           338           356            31
           356           443            31
           268            80           102
           102           443           268
            66           340           369
           340           416           179
           361           179           416
           166           179           393
            19           186           188
           476           382            23
            23           282           476
           434           350           476
           476           282           434
           126           168           424
            42           282            81
            12           343           496
            92            39           126
           343           168           415
           343            12           322
           179           369           340
            66           137           340
            66           362           137
           478            66           449
           338           186            19
           316           182            31
           438           188           186
           338            31           186
           182            22           186
           438           186            22
           316            31           443
           443           102           316
           186            31           182
           159           182           316
           406           102           171
           375           362           160
           160           268           375
           160            80           268
            40            32           474
            32            40           259
           306           407           114
            96            94           386
           438           124           196
           427           467           351
           295           259            40
           106            32           259
           259           295           131
           324            32           106
           288           431           379
            56           350           434
           434            10            56
            56             4            33
           127            33             4
           437           464           350
           437            33           295
           350            56           437
           437            56            33
           208           306           393
           208           407           306
           393            65           208
            65           464           208
           382           476             8
           382             8            34
             8           464            65
           350           464             8
             8           476           350
           126           415           168
           427           351           424
           126           424            92
           427           424           168
           362            66           478
           449            94           478
           369           449            66
           397           319           331
           102           406           316
           159           316           271
           271           316           406
           442           319           406
           319           397           271
           159           271           397
            30           404           284
            53            26           193
            43           119            26
           224            40           407
           407           208           224
           224           208           464
           295            40           224
           224           437           295
           464           437           224
           166           306           164
           306           114           164
           121            41            52
            41           121            96
           449           386            94
           386           449           120
           420           134           481
           420           298           134
           322            17           427
           142           183           467
           391           351           244
            42           424           351
            81           424            42
           114           132           164
           292           164           132
           263           324           106
           106           288           263
            32           324           385
           145           385           324
           184           246           145
           385           145           246
           259           131           106
           288           106           131
           131           295           127
            33           127           295
           127           431           131
           431           288           131
           184            90           479
           352           264            90
           249           496           415
           376           496           481
            39            13           415
           249           481           496
            39           403            13
           249           415            13
           194           417            13
            13           417           249
           376           481           134
           230            43            26
           185           191           251
           191           284           404
           119           191           185
           119           165           150
           207           185           251
           191           119            43
           472           160           362
           362           478           472
            94            96           398
           398            96           121
           426           292           390
           390           132            87
           386           120           292
           164           292           120
           369           120           449
           166           164           120
           120           369           166
           179           166           369
            16           255           298
           315           374           261
            16           270           255
            19           255           270
           193           150           383
           276           331           319
           159           397           414
           414           397           138
           331           138           397
           275           199           223
           124           275            72
           172             2           412
           196            72           218
            72           196           124
           196           189           438
           188           438           189
           218           209           196
            64           189           209
            17           309           360
           286           360           309
           147            42           391
            88           432           391
            18           399           176
            18           176           258
           116           432            88
           429           400            48
           379           289            74
            57           238           183
            78           483           183
           142           467            17
           244           467           183
            78           183           238
           183           142            57
           441           266           139
           118           155            11
            11           155           266
           238            57           139
           256           139           266
           215           451           155
           213           395           176
           238           395            78
           213            78           395
           483            78           213
           212           229            35
           317           484           212
           405           317           497
           132           482            87
           474           482           114
           284           110            30
            93           284            43
           471           454           469
           229           111           371
             1           485           469
           264           163             1
           184           479           246
           246            87           482
            87           246           479
           479            90           217
           485             1           163
           111           469           454
           485           117           471
            60           436           144
            29           436            60
           324           263           349
            48           400           349
           349           263            48
           413           288           379
           413           263           288
            48           263           413
           379            74           413
           163             7           456
           487           134           298
           425           439           487
           134           487           439
           185           165           119
            51           150           165
           383           150            51
           319           442           276
            80           171           102
            94           398           260
           260           478            94
           260           472           478
           132           390           292
           426           386           292
           426            41            96
            96           386           426
           405           390           396
           497            41           405
           212           497           317
           390           405           426
            41           426           405
           405           396           317
            87           396           390
           305           223           280
           453           174           486
           257           423           486
           311           199           275
           138           331           245
            36            64           231
           318             5           209
           209            62            64
            36           274            64
           318           209           218
           318           218           305
           218            72           305
            17           360           142
           367           142           360
           367            57           142
            63           233           377
            42           147           282
           434           282           243
           243           282           147
           243           147           432
           243            10           434
           243           432            10
           391           244           483
           183           483           244
           244           351           467
           351           391            42
           391           483            88
           147           391           432
           418           289           399
           399            18           418
           418            18           310
           277           431           127
           177           116            88
           177           213           176
           177            88           213
           483           213            88
           162           429           180
           256           451           328
           328           395           238
           238           139           328
           328           139           256
           395           258           176
           395           328           258
           258           328           451
           310            18           258
           258           451           310
           132           114           482
           474           114           407
           474           385           482
           246           482           385
           385           474            32
           407            40           474
           497           212            52
           497            52            41
            24           475           154
           154            54           465
           285           313           158
           157           158           151
           206           371           111
           111           484           469
           152           469           484
           228           454           241
           471           469           485
           152           484           317
           217           388           152
           396           217           317
            67           145           349
           324           349           145
            67           352           184
           145            67           184
            67           349           400
            48           413           357
           357           413            74
           357           429            48
            28           429           357
           163           264             7
           352             7           264
           117           485           428
           388            90           264
           400           429           162
            28           180           429
           162           450           173
           162           180           450
           415           496           343
           231           425            36
           203           370            70
           376           134           439
           439           425           370
           490           113            62
            16           298           261
            36           487           274
           189           274           188
           188           255            19
            50            29           460
           383            51           460
           461           276           442
           300           461           442
           442           171           300
           271           406           319
           406           171           442
           276           461           329
           359           260           398
           342           346           135
           472           260            98
            98           359           346
           260           359            98
             1           152           388
           388           217            90
           469           152             1
           152           317           217
           217           396           479
            87           479           396
           223           305            72
           242           373           254
           143             5           318
           423             2            73
            73           486           423
           453           486            73
            73           341           453
            73             2            69
            69           341            73
           257           486           445
           193           383           445
           445           174           193
           445           486           174
           159           414            83
            83           182           159
            83            22           182
           325           245           331
           245           200           138
           234           138           200
           487            36           425
           189           196           209
           298           274           487
           274           298           255
           189            64           274
           255           188           274
            57           337           139
           367           337            57
           441           139           337
           140           216           203
           216           140           107
            75           175            63
            58           286           433
           337           367            58
           448           210           457
           216           457           210
            79            95           146
           372           459           205
           457           216            95
           149            74           289
           289           418           149
           202           277           116
           176           399           202
           202           177           176
           116           177           202
           354           289           379
           399           289           354
           379           431           354
           431           277           354
           354           202           399
           277           202           354
            10             4            56
             4           277           127
             4            10           116
           432           116            10
           116           277             4
           368           155           118
           144           436           465
           447           154           364
           313           347           240
           151           158           290
           388           264             1
           173           450             7
           456           428           163
           428           499           117
           499           428            15
           285           220            49
           456            15           428
           499           462           192
           220           192           462
           471           241           454
           157           241           192
            97           401           430
            29            60           430
           133           236           181
           133           181           279
           173            67           400
            90           184           352
           400           162           173
           456             7           450
           173           352            67
             7           352           173
           370           221           439
           168           343           322
           210           448           221
           273           221           448
           427           168           322
            99           425           231
           231           113            99
            62           231            64
            70            99           125
           495           125           113
           370           203           221
            99            70           425
           210           221           203
           113           125            99
             5           490            62
           231            62           113
           125           140            70
           205           107           125
           490           495           113
           128           436            50
            29            50           436
           364           128           207
           128            50           165
           103           329           461
           331           276           325
           329           325           276
           325           329            46
           105           174           453
           130           461           300
           130           103           461
           411           214           408
           411             6           214
            30           214             6
           214            30           110
           239            59            52
           239           135            59
           135           359            59
           121            52            59
           359           398            59
           121            59           398
            52            35           239
           153           239            35
            35            52           212
           408           153           345
           345            35           229
            35           345           153
           472            98           477
           160           472           477
            80           160           477
           477           171            80
           300           171           226
           226            98           346
           171           477           226
           226           477            98
           492           129           199
           199           311           492
           492           234           200
           311           234           492
           389           129            76
           280            44            85
            85           254           233
           199           129            44
           199            44           223
            44           280           223
            44           129           389
           254            85           389
           389            85            44
           294           296           381
            69             2           272
            69           272           314
           272             2           172
           172           296           272
           272           296           409
           409           358           272
           257           488           423
           423           412             2
           412           423           488
           412           488           422
           412           381           172
           422           381           412
            50           460            51
           488           257           401
           401           460            29
           460           401           257
           257           445           460
           383           460           445
           109           414           234
           109            83           414
           138           234           414
           109           234           311
            46           245           325
           480            46           329
            46           341            69
           480           341            46
           360            58           367
           210           203           216
           360           286            58
           459            95           107
           457           433           286
            95           433           457
           203            70           140
           216           107            95
           373           377           233
           493           418           310
           493           149           418
            20            86            28
           256           266           155
           326           297           441
           297           248           266
            11           266           248
           433            95            79
           459           146            95
           368           118           136
           190           368           167
           256           155           451
           155           368           215
           310           451           291
           215           368           190
           222           237           444
           444           237           269
           366            21           293
           293           269           237
           364           465           128
           436           128           465
            51           165            50
           347            24           447
           447           473           347
           290           240           304
           304           247           290
           151           228           157
           241           157           228
           192           117           499
           241           471           117
           158           157           220
           285           158           220
           117           192           241
           163           428           485
           484           111           229
           411           345           371
           408           345           411
           484           229           212
           435           248             9
           422           488            97
           279           181            97
            97           488           401
           422            97           181
            29           430           401
            97           430           279
             3           430            60
           279           430             3
           376           273           496
            17           322           309
           467           427            17
           221           273           376
           309            12           448
           322            12           309
            70           370           425
            12           496           273
           376           439           221
           273           448            12
           286           448           457
           309           448           286
           193           174            53
           150           193            26
           105            53           174
           197           480           103
           329           103           480
           387           130           300
           387           226           346
           300           226           387
            93           468           110
           110           123           214
           153           408           123
           408           214           123
           229           371           345
             6           411           161
            93           110           284
           278           254           389
           334           278            76
           265            76           129
           200           358           265
           265           358           409
           409            76           265
           265           492           200
           129           492           265
           143           280           175
            62           209             5
           318           305           143
           280           143           305
           236           133            77
            77            37           236
           124           109           275
            22           124           438
            22            83           124
           223            72           275
           311           275           109
            83           109           124
           245            46           314
           314           358           200
           200           245           314
           358           314           272
           314            46            69
           146           459           307
           107           205           459
           112           205           495
           140           125           107
           495           490            75
           495            75           112
           195           421            61
           178           377            61
           180            28            86
           148            86            20
           498            38            86
            38           450           180
           456           450            15
            38            15           450
            54           154           475
           144           465            54
           466            24           170
           154           447            24
           365           475           327
           313           170            24
           198           466           170
           347           313            24
           240           158           313
           473           304           240
           180            86            38
           281           498           148
           384            15           498
            38           498            15
            49           170           285
            79           326           433
           337            58           326
           441           337           326
           266           441           297
            58           433           326
           100           326            79
           297           326           100
             9           100           253
           100             9           297
           248           297             9
           252           293           237
           136           167           368
           167           222           190
           237           222           167
           167           252           237
           291           215           190
           222           267           190
           291           493           310
           215           291           451
           267           312           493
           281           269           201
           498           281           384
            86           148           498
           269           281           444
           148           444           281
           302           336           363
           363           491           366
           363           252           302
           293           252           363
           465           364           154
           473           447           187
           240           347           473
           206           454           228
           161            91           247
            91           151           290
           206           228            91
            14           404            30
           161           206            91
            30             6            14
           371           206           161
            14             6           247
           247           304            14
           151            91           228
           111           454           206
           371           161           411
           419           332           287
           458           136           118
           333            11           248
           248           435           333
           118            11           333
           333           458           118
            68           332           250
           250            89            68
           250           353            89
           204            89           353
            68            89           463
            54           219           211
           211           144            54
           211            60           144
           211             3            60
           299           133           279
           279             3           299
           480           197           141
           141           341           480
           453           341           141
           141           105           453
           130           387           227
           335           123           470
           123           110           468
           470           468            25
           233           254           373
           254           278           242
           172           381           296
           334            76           409
           389            76           278
           409           296           334
           296           294           334
           280            85           175
           233           175            85
           233            63           175
           175            75           143
             5            75           490
             5           143            75
            37           115            27
            37            77           115
            77           394           115
            71           421           320
           205           112           372
            63           112            75
           125           495           205
           178           372           112
           178           112           377
            63           377           112
           327           491           365
           466           327           475
            54           475           365
           365           219            54
           198           170            49
           475            24           466
            49           462           201
            21           201           269
           201           384           281
           201            21            49
           198            49            21
           462            49           220
           313           285           170
           384           201           462
           192           220           157
            15           384           499
           462           499           384
           262           222           444
            20           312           262
           444           148           262
           148            20           262
           291           190           267
           222           262           267
           267           262           312
           493           291           267
           149           493           312
           149           312           392
           392           357            74
            74           149           392
            20            28           392
           357           392            28
           392           312            20
           269           293            21
           293           363           366
           327           366           491
           198           366           466
           327           466           366
            21           366           198
            91           290           247
           304           473            84
           372           307           459
            47           307           178
            68           287           332
           287           435             9
           287            68           435
           463           435            68
           136           458           348
           252           167           348
           136           348           167
           302           252           348
           108           204           455
            89           204           308
           458           333           301
           301           333           463
           435           463           333
             3           211           344
           344           299             3
           344           219           455
           344           211           219
           130           227           283
           197           103           283
           130           283           103
           346           342           387
           359           135           346
           227           387           342
           468            93           323
           150            26           119
           230            26           355
            27           195           242
           377           373            61
            71            61           421
           195            61           373
           101           294           381
           181           101           422
           101           181           236
           381           422           101
           452           334           294
           452           242           278
           278           334           452
           299           344           380
           380           344           455
           380           204           353
           455           204           380
           133           299           402
           402            77           133
           402           394            77
           299           380           402
           353           394           402
           402           380           353
           320           332            71
           115           320           421
           320           115           394
           320           250           332
           353           250           394
           320           394           250
           378           365           491
           378           108           455
           455           219           378
           219           365           378
           187           251            84
           364           187           447
           404           251           191
           165           207           128
           191            43           284
            14            84           404
           251           187           207
           165           185           207
           372           178           307
           419           307            47
            47            61            71
           178            61            47
            71           332            47
           332           419            47
           307           419           146
           419           287           253
             9           253           287
           253           100           146
            79           146           100
           253           146           419
           108           308           204
           301           463           308
            89           308           463
           355            53           446
            53           355            26
           227           342            25
           242           452            27
           373           242           195
           421            27           115
           421           195            27
           294           101           235
           235           452           294
           236            37           235
           235           101           236
           235            37           452
            27           452            37
           187            84           473
           251           404            84
           240           290           158
           364           207           187
            84            14           304
           161           247             6
           301           308           321
           302           348           321
           321           348           458
           458           301           321
           308           108           321
           336           378           491
           108           378           336
           336           321           108
           491           363           336
           302           321           336
           141           197           105
           105           446            53
           446           105           197
           283           446           197
           489           283           227
           227            25           489
           489           446           283
           355           446           489
            43           230            93
            25           323           489
           323            25           468
           230           355           323
           230           323            93
           355           489           323
           335           470           135
           342           135           470
            25           342           470
           153           123           335
           335           135           239
           239           153           335
           468           470           123
           122            55            82
           225             0           104
            55           104             0
             0           225           339
             0           339           410
           374           410           339
