1.794762 1.103233 1.134187 
-3.267479 2.003559 0.407911 
-0.431129 -3.874586 0.207182 
-1.115008 -2.305706 -1.277755 
0.924927 3.803825 -0.031178 
3.324789 -2.066776 0.076493 
-3.713151 -0.646337 0.568357 
-2.825598 2.691138 -0.174681 
1.309298 2.762744 1.227161 
1.453971 -0.128690 -0.837539 
1.412184 3.640844 0.044395 
0.791176 0.618144 -0.628356 
3.644909 1.224349 -0.380108 
3.129482 1.475800 0.988225 
-3.759263 -1.012053 0.140534 
-2.781058 2.062381 -0.983676 
2.799997 -0.031425 1.288488 
3.080181 1.821177 -0.862687 
0.512156 2.668247 -1.284030 
2.384737 -0.710656 1.261248 
-1.337680 2.356187 -1.281924 
-2.078977 0.536194 -1.166661 
2.009937 -1.630548 1.280164 
2.196396 2.817371 0.857950 
-2.731818 -0.751049 -1.275646 
-2.049561 -1.480013 1.263047 
-2.608501 -2.669807 0.621268 
1.138459 -2.792382 -1.255846 
-1.557173 2.838995 -1.157464 
-1.839142 -2.895884 -1.009239 
-3.548683 -1.189376 0.640081 
1.516798 -0.919961 0.985129 
-0.814860 3.556796 0.761666 
0.643360 3.771280 0.430681 
1.588441 2.186047 1.290754 
-2.730235 0.363074 1.287400 
3.638157 -0.841121 0.649246 
0.661162 -2.866088 -1.266965 
-2.381042 2.378880 -1.071094 
3.073595 1.896184 0.808660 
-0.290216 3.455524 0.979718 
-1.869834 1.024428 1.148740 
2.573553 2.955244 0.031201 
-3.021059 -2.196339 0.623065 
2.176706 -3.225584 0.165784 
1.458696 0.205851 0.838406 
-0.220959 -3.233496 1.147472 
1.841405 -1.469009 -1.228987 
-1.450124 3.532089 -0.483467 
-2.686789 0.516373 -1.277245 
-2.339206 -2.772316 -0.799412 
-2.454225 -2.963096 -0.409677 
-2.239990 0.562147 1.204837 
-2.111022 -2.901825 0.850150 
-1.918813 -1.462639 -1.246559 
1.714237 1.637300 1.231756 
1.120325 3.624258 0.511091 
2.067050 1.685536 -1.278407 
2.598018 0.896267 -1.286361 
-1.813200 0.078818 1.017020 
-1.632554 -2.434290 -1.263680 
1.878276 -2.091240 -1.290250 
3.525033 -1.623665 0.249485 
2.752624 -2.337522 -0.817155 
3.439010 -1.302309 0.726232 
0.728515 2.546266 1.282963 
-0.038695 0.861671 0.573055 
-2.125802 3.265775 0.206414 
0.872022 -0.898559 -0.749353 
-0.271943 -3.686496 0.717578 
3.797075 -0.620352 -0.397800 
1.467426 -1.742745 -1.201313 
2.552821 -2.445262 0.923662 
-0.852527 -3.717957 0.485107 
-0.700487 3.289761 -1.058976 
3.120842 -2.170364 -0.514988 
1.342737 -3.677179 -0.077170 
0.291785 -2.439661 -1.247827 
1.774818 2.458399 -1.239337 
2.406804 0.020012 -1.246409 
0.143796 -0.724308 0.542608 
2.595450 2.745368 0.529668 
2.229817 1.484317 1.287589 
1.663897 -1.986644 1.272665 
-3.624751 -1.325045 -0.316469 
2.323007 -3.077483 -0.347882 
-1.873133 2.368006 -1.251561 
-1.702657 2.445009 1.247430 
1.716295 3.234445 -0.764370 
0.325118 -1.061645 -0.680224 
-2.591744 2.599794 0.734102 
-3.907073 0.087680 0.008227 
2.843546 2.337737 0.719372 
-2.915724 -1.777033 1.022272 
-0.946508 0.698931 0.709333 
2.873075 -0.224436 -1.270226 
-1.385903 0.890746 0.939446 
-0.932438 -3.252648 -1.067400 
-0.866648 -0.417038 0.619207 
3.761612 -0.981633 -0.191144 
1.950906 0.006361 -1.070899 
0.010218 -3.440615 -1.015662 
0.538302 -0.988689 0.694439 
-0.886396 -2.359284 1.259378 
1.303898 1.272043 1.026648 
-1.618111 -3.064463 0.991638 
-0.740377 3.819989 0.253211 
3.214190 -0.713602 -1.124025 
-0.603266 -0.797052 -0.637067 
1.746015 -2.497445 1.238399 
-3.137009 -1.280289 1.051938 
-3.555151 0.913663 0.745774 
2.869449 -1.851935 -1.019947 
3.619054 -1.412408 -0.272879 
-0.727460 2.645374 1.280299 
0.806569 -2.325575 -1.245148 
1.220481 3.588864 -0.508436 
-3.484504 1.517314 -0.527094 
0.323245 0.633101 -0.516454 
-2.975590 -2.508014 0.182717 
-0.590066 1.577127 0.957943 
-1.767050 0.560050 1.025635 
2.121048 2.033086 1.266122 
-2.811638 -0.826303 1.275194 
2.229751 -2.123379 1.224329 
3.527678 -1.079466 -0.715660 
3.189837 2.146938 0.408676 
0.358707 3.892874 0.045373 
-2.653259 -2.300421 -0.928478 
1.681344 -3.480902 0.311151 
-1.006692 -1.797699 1.134045 
-0.166095 3.894243 0.139512 
-1.172647 2.285949 1.265513 
-0.244869 -2.570938 -1.277171 
3.688914 0.172447 0.716846 
-1.831313 -0.496119 1.047939 
-0.206599 0.673526 -0.513974 
0.476689 0.650617 0.555184 
0.825981 -2.791602 1.277100 
1.543772 1.391059 -1.141865 
3.567744 -0.584447 -0.823385 
-1.129967 -3.164863 1.077114 
2.621468 1.856041 -1.173734 
3.003215 -2.486784 -0.049391 
-1.919105 -1.994165 -1.279871 
-1.735546 3.343974 0.591854 
2.278980 -0.516972 -1.231750 
2.186388 3.229111 -0.057159 
-1.674512 1.885662 -1.256990 
-0.497143 2.816628 -1.286034 
-2.646208 -2.866586 0.075091 
-3.799766 0.235536 -0.478918 
-3.076662 1.755535 0.896385 
-2.746520 -0.199109 1.273976 
-2.524236 -1.343184 -1.286026 
0.608201 1.124017 -0.747281 
0.978393 0.424610 0.667468 
-3.643052 0.635317 -0.711947 
-3.542167 0.077135 -0.910058 
1.193491 -1.802832 1.173150 
0.087837 -0.222629 0.424891 
-3.795867 -0.074902 0.492601 
-2.199879 3.023579 -0.616504 
-3.190653 2.266294 -0.100449 
-0.659044 2.100268 1.177758 
-2.822751 -2.592617 -0.437921 
-0.166927 1.905142 1.059177 
-0.643616 0.939353 -0.686676 
3.339866 2.037633 -0.010580 
0.898754 0.958951 0.777129 
-2.731166 -0.133541 -1.288838 
-0.121305 -1.154327 0.697356 
-0.059404 -3.897943 -0.113048 
-2.431683 3.032638 -0.211251 
-1.789089 -3.326551 0.558434 
2.746296 -2.669520 -0.425464 
0.941693 2.905747 -1.234086 
1.233548 3.272435 -0.943081 
2.325522 -1.723949 -1.270004 
0.310697 1.689964 0.972829 
-2.065150 2.772512 -0.986716 
-0.404218 -3.117022 -1.193577 
1.553729 -1.417792 1.133915 
2.235425 2.254509 -1.190048 
-2.188334 2.993023 0.692938 
-3.158762 -2.263677 -0.207129 
2.067382 -1.110804 1.222041 
-3.303469 -1.578818 -0.744660 
2.732150 -1.046230 1.267271 
3.053594 -1.409139 1.075982 
-0.358561 1.414699 -0.841371 
-3.311311 -2.023340 0.226349 
-3.403280 1.105299 -0.879580 
-2.256726 -3.100229 0.393551 
2.726787 1.285852 1.242918 
1.597001 -2.575250 -1.249885 
2.761518 -1.901664 1.071924 
-1.264619 -2.707013 1.247161 
-2.317961 0.124964 -1.216657 
1.958779 -3.162145 0.653548 
0.868273 -3.343512 0.991028 
-2.360361 1.003715 -1.270716 
0.779352 3.451685 -0.920195 
3.741950 -0.143757 -0.626273 
-0.235475 -1.196521 -0.732090 
3.128838 -1.263211 -1.073043 
-3.816402 0.492473 0.403705 
-3.075220 -2.087284 -0.664848 
0.245809 2.787101 1.290495 
3.236774 -1.808942 0.678203 
3.613988 0.268358 -0.796770 
-1.460635 -1.873576 -1.225154 
-2.758822 0.933647 1.269289 
1.490549 2.882014 -1.140070 
-3.370906 -0.804846 0.989500 
0.207173 1.448137 -0.842585 
3.375196 -0.174412 -1.054886 
-2.613228 2.115519 1.063272 
2.915314 -2.199817 0.772109 
-1.327771 -1.388738 -1.063396 
-3.266898 0.618645 -1.106410 
3.859247 0.312809 -0.297369 
-0.897896 1.396708 -0.951967 
2.399852 -2.896698 0.568727 
0.224631 3.319885 1.103463 
1.391645 0.747728 0.908597 
-0.729239 -0.965538 0.712123 
-1.528464 -1.621308 1.183172 
-3.858013 0.620730 -0.141135 
-3.210619 0.673013 1.123506 
-2.685661 -2.245923 0.952955 
3.708215 -1.153288 0.254832 
1.216419 1.781097 1.151770 
2.379789 -2.741169 -0.787800 
1.285470 -2.931824 1.181041 
0.495577 -3.286763 -1.097136 
0.116172 -2.956876 -1.257511 
-1.231335 0.968304 -0.886402 
1.663940 1.969153 -1.276490 
-2.258054 -0.005384 1.197038 
-3.580500 -0.506142 -0.830115 
-3.695863 1.052755 -0.370731 
1.529562 -3.062127 -1.016434 
1.841755 3.436873 0.178095 
2.434506 2.647439 -0.834102 
0.381659 -3.110128 1.199880 
-1.749951 2.949662 1.010942 
-3.876334 -0.461591 0.072911 
1.111261 0.260243 -0.701125 
3.476189 1.209085 0.718176 
0.702385 -1.409915 -0.891140 
-3.421231 -1.818599 -0.275553 
-1.044208 0.518571 -0.699302 
1.790497 -0.462988 -1.042054 
1.948920 -3.131435 -0.721093 
2.883964 -0.516318 1.268768 
1.021251 1.381508 -0.958694 
-1.480180 -3.560140 -0.334179 
0.797730 2.261648 -1.233445 
-0.355456 3.753578 0.586458 
-0.922000 0.136810 0.594102 
2.995228 0.373247 1.247285 
-1.120503 1.863067 -1.175785 
-1.112052 3.747207 -0.119326 
-2.956253 2.506337 0.312361 
1.158941 -3.632595 0.490368 
1.200057 0.875153 -0.865081 
-0.582807 1.854943 -1.075411 
0.601666 -0.447685 0.529255 
-1.776568 0.978357 -1.120658 
2.350049 -0.221221 1.235003 
0.755406 -1.690561 1.036201 
0.197122 -3.855591 0.351665 
3.799468 0.799142 -0.207494 
3.286819 -0.808685 1.055216 
2.156999 -2.701732 1.004456 
-0.059566 -2.228290 1.177961 
0.613994 3.753979 -0.472746 
1.449051 -3.449132 -0.616566 
-0.775471 -2.729373 -1.288156 
2.620606 -2.900961 0.054761 
-2.022660 1.446458 -1.252472 
2.154327 3.139062 0.480002 
-1.397584 -2.168340 1.263801 
-3.312917 -1.692326 0.672292 
-3.107135 0.180707 -1.209176 
3.151080 0.842596 -1.144820 
1.340577 -0.693686 -0.876255 
-0.547576 3.844561 -0.277631 
-0.150709 3.256846 -1.139127 
-3.822235 -0.249710 -0.449353 
-0.026975 1.835029 -1.029967 
-1.083908 1.754725 1.127819 
-1.567910 0.503547 -0.929450 
0.506428 -3.628014 -0.748993 
0.164813 3.730256 0.647087 
0.427757 -3.857572 -0.246607 
1.595254 0.404474 -0.934457 
3.318944 -0.155198 1.112524 
-0.589879 -2.175901 -1.203696 
-0.598727 -1.468550 0.903786 
0.125589 -0.245594 -0.419042 
-0.873057 0.033276 -0.575900 
1.911712 0.000808 1.054980 
-3.767627 -0.790951 -0.373845 
2.790651 -2.609577 0.449553 
-0.218871 2.443361 1.242262 
2.263768 -1.112583 -1.264847 
-0.067799 -0.706304 -0.532846 
3.363275 1.290074 -0.833989 
0.270849 2.218207 -1.182033 
1.724918 -2.952230 1.013034 
-0.805349 2.336175 -1.249378 
-3.193642 -0.327861 -1.175670 
0.248230 -3.539033 0.896451 
2.727178 0.768956 1.287192 
1.013999 -1.258649 0.922443 
-2.637357 1.562715 1.232372 
3.113413 -2.241734 0.388931 
0.340414 -1.950905 1.096096 
0.986255 -1.787211 -1.110244 
-0.427841 -0.245980 -0.464346 
3.405483 1.736674 -0.472946 
-2.416856 -1.884429 1.221443 
-1.245902 3.619746 0.437815 
0.003332 -2.787305 1.285459 
2.150796 0.533550 -1.183355 
-1.880424 -0.536536 -1.083931 
1.148906 1.843067 -1.177954 
-0.416768 -2.592976 1.280721 
2.438312 2.404734 1.031575 
0.394592 -2.505585 1.264325 
1.283364 -1.260555 -1.009035 
0.579157 0.085447 -0.475868 
0.953478 -3.695566 -0.470586 
-2.348799 -0.508297 1.237397 
-0.974361 -0.424098 -0.648388 
2.066958 1.115630 -1.227532 
1.917807 -0.562895 1.101950 
1.874536 0.546031 1.074641 
0.394182 1.179492 0.730835 
-0.712526 -3.439016 0.941099 
-1.670228 -1.070052 1.097506 
3.576958 1.564788 -0.004321 
-0.940349 -1.781546 -1.102338 
-3.199763 0.117683 1.173594 
-1.283943 -0.740855 0.854143 
-3.223850 -0.799052 -1.100285 
-0.546377 0.356996 -0.500575 
-1.628288 3.548051 0.066686 
1.213084 3.280073 0.964585 
2.737105 2.676342 -0.410467 
-2.567004 2.910597 0.288199 
0.140594 -1.552585 -0.895664 
0.221281 3.579567 -0.850127 
-2.276270 -2.441928 1.091920 
1.481105 -0.355983 0.874903 
-1.236465 3.272675 -0.947321 
0.651919 -3.688353 0.608842 
-1.370131 -0.203258 0.798344 
2.945210 1.360300 -1.149261 
0.719574 1.984707 1.144346 
0.026660 0.319889 0.427555 
-1.332697 0.034677 -0.790878 
-2.872179 -1.771007 -1.063046 
-1.646904 -0.984873 -1.071051 
-1.839682 -0.005501 -1.024092 
2.475044 1.389544 -1.280617 
-0.006123 1.060404 -0.654348 
-0.106547 1.386324 0.802972 
3.885320 -0.196330 -0.152386 
-3.582121 0.332295 0.854331 
2.693291 -1.379367 -1.232995 
2.002757 -2.674720 -1.090769 
2.377133 0.340096 1.246695 
0.547062 0.104092 0.487553 
3.854445 0.530357 0.256537 
2.385303 -2.246779 -1.126664 
-1.141980 -0.908374 -0.832221 
-0.347739 3.626596 -0.763146 
-0.409121 -1.681011 -0.965287 
-0.021219 -3.757625 -0.604436 
1.887377 2.568291 1.181803 
-2.249826 -3.201763 -0.089191 
-2.608628 1.532227 -1.241277 
-1.290914 3.297294 0.916506 
-1.003804 1.242098 0.905425 
-1.142175 -1.275749 0.958035 
-2.935773 2.212916 0.714231 
1.848384 -3.413484 -0.233439 
-1.604663 1.914263 1.263831 
2.251268 3.057847 -0.515634 
-1.028590 2.846847 -1.241671 
0.265223 2.225736 1.199048 
0.473722 -1.917852 -1.092887 
1.269119 2.402723 -1.273377 
-2.154281 2.028229 1.254104 
0.799040 -2.200189 1.222784 
-1.357583 0.344032 0.807054 
0.402389 3.160156 -1.170732 
-1.950482 3.344222 -0.301693 
-1.454687 -3.291687 -0.837007 
-0.056883 -2.048584 -1.124219 
2.671653 1.874992 1.144342 
-3.582259 -1.540831 0.196828 
-2.029715 1.537092 1.264450 
0.380668 -1.426698 0.854372 
-0.260241 2.995477 1.258003 
-3.148680 -0.419845 1.183836 
0.796749 -3.816038 0.102870 
2.260764 0.918594 1.256683 
-3.532118 -0.243072 0.903588 
-0.531868 -3.815002 -0.368754 
-0.910183 3.622360 -0.646101 
1.250397 -2.379945 1.288070 
3.436589 1.653585 0.473260 
0.806265 1.474182 0.949568 
3.202759 0.920649 1.096543 
0.024859 2.746076 -1.283528 
1.793766 -0.946517 -1.100728 
3.401646 0.406822 1.028180 
1.299647 -2.215375 -1.273371 
-0.501963 -3.555724 -0.856705 
-0.978110 -3.791691 -0.071750 
2.977682 2.530987 0.111852 
3.851611 -0.593587 0.207050 
-1.496791 1.402802 1.116552 
3.109687 2.249854 -0.436711 
-3.224014 1.951206 -0.578500 
-1.738619 3.185877 -0.788769 
-1.305854 -2.860267 -1.190323 
0.027165 3.836239 -0.393799 
1.775145 3.438435 -0.338013 
2.749410 0.392729 -1.290987 
1.601592 3.400564 0.576549 
0.976273 -0.311972 -0.648697 
-2.164938 -2.423219 -1.141453 
0.685080 3.498167 0.865248 
2.492437 -1.532312 1.264359 
3.870693 -0.014412 0.273706 
1.124184 2.280590 1.261082 
1.689929 0.868420 -1.064538 
-0.102105 -1.681431 0.952174 
1.046505 -0.709430 0.743521 
-1.449894 1.415814 -1.119594 
-1.864126 -3.429660 0.028546 
-1.783264 -2.578933 1.203125 
-3.045470 -1.256426 -1.128983 
3.596196 0.751576 -0.749457 
-0.530555 1.052404 0.713884 
-2.576330 2.657797 -0.695221 
0.588615 1.735979 -1.030527 
1.004269 -3.322843 -0.973927 
-1.269296 -3.452226 0.716458 
-3.752063 1.010671 0.242752 
-0.783556 -1.298533 -0.859446 
-2.948191 2.359730 -0.569174 
3.242039 0.317904 -1.134256 
-0.016074 0.201667 -0.412701 
2.743844 -0.824292 -1.283316 
-1.959244 -3.233185 -0.553739 
-0.514779 -2.001651 1.134033 
-2.928591 1.059456 -1.214136 
0.506644 -0.541865 -0.524781 
0.756891 3.059705 1.190377 
-2.387172 -1.882328 -1.243253 
-2.297500 -0.394209 -1.215618 
2.754158 2.273773 -0.859030 
-2.610408 -1.357819 1.257623 
-3.487532 1.483180 0.537290 
-2.206137 -0.963783 1.230829 
-3.649614 1.408061 0.001265 
-0.431015 -0.054354 0.448409 
-3.483818 -1.069346 -0.767272 
-0.782566 3.170009 1.139025 
-2.187931 -0.948056 -1.224160 
1.734964 3.051565 0.943920 
-0.349619 -0.610220 0.529271 
-0.482511 0.508894 0.513541 
-2.195095 2.558259 1.073545 
-0.730015 -2.943522 1.232636 
3.623882 0.739937 0.692369 
-1.253788 2.831241 1.226982 
2.017540 2.823903 -0.991913 
-3.170076 1.251277 1.031963 
-3.449923 1.818716 -0.036891 
-1.392408 -3.622857 0.233970 
3.658522 -0.366746 0.727233 
-1.008475 -3.607325 -0.622383 
-1.913590 -2.034164 1.288642 
3.411412 -1.819784 -0.277947 
-1.464031 -0.464623 -0.869691 
1.427474 -3.328949 0.809010 
-0.272083 2.294548 -1.223200 
1.039846 -0.132879 0.641378 
3.304680 -1.629461 -0.726386 
3.723655 1.120260 0.240478 
-2.330789 1.115520 1.269283 
-2.249277 1.935191 -1.261540 
-3.099361 1.568161 -0.970498 
