      0.0000      0.0000     -0.0000      0.0000
      0.0500      0.0000     -0.0000      0.0000
      0.1000      0.0000     -0.0000      0.0000
      0.1500      0.0000     -0.0000      0.0000
      0.2000      0.0000     -0.0000      0.0000
      0.2500      0.0000     -0.0000      0.0000
      0.3000      0.0000     -0.0000      0.0000
      0.3500      0.0000     -0.0000      0.0000
      0.4000      0.0000     -0.0000      0.0000
      0.4500      0.0000     -0.0000      0.0000
      0.5000      0.0000     -0.0000     -0.0000
      0.5500      0.0000     -0.0000     -0.0000
      0.6000      0.0000     -0.0000     -0.0000
      0.6500      0.0000     -0.0000     -0.0000
      0.7000      0.0000     -0.0000     -0.0000
      0.7500      0.0000     -0.0000     -0.0000
      0.8000      0.0000     -0.0000     -0.0000
      0.8500      0.0000     -0.0000     -0.0000
      0.9000      0.0000     -0.0000     -0.0000
      0.9500      0.0000     -0.0000     -0.0000
      1.0000      0.0000     -0.0000      0.0000
      0.0000      0.0500     -0.0000      0.0000
      0.0500      0.0500     -0.0008      0.0008
      0.1000      0.0500     -0.0028      0.0013
      0.1500      0.0500     -0.0056      0.0016
      0.2000      0.0500     -0.0088      0.0017
      0.2500      0.0500     -0.0120      0.0017
      0.3000      0.0500     -0.0151      0.0015
      0.3500      0.0500     -0.0177      0.0012
      0.4000      0.0500     -0.0197      0.0009
      0.4500      0.0500     -0.0209      0.0004
      0.5000      0.0500     -0.0214     -0.0000
      0.5500      0.0500     -0.0209     -0.0004
      0.6000      0.0500     -0.0197     -0.0009
      0.6500      0.0500     -0.0177     -0.0012
      0.7000      0.0500     -0.0151     -0.0015
      0.7500      0.0500     -0.0120     -0.0017
      0.8000      0.0500     -0.0088     -0.0017
      0.8500      0.0500     -0.0056     -0.0016
      0.9000      0.0500     -0.0028     -0.0013
      0.9500      0.0500     -0.0008     -0.0008
      1.0000      0.0500     -0.0000      0.0000
      0.0000      0.1000     -0.0000      0.0000
      0.0500      0.1000     -0.0013      0.0028
      0.1000      0.1000     -0.0047      0.0047
      0.1500      0.1000     -0.0094      0.0058
      0.2000      0.1000     -0.0147      0.0062
      0.2500      0.1000     -0.0203      0.0061
      0.3000      0.1000     -0.0254      0.0054
      0.3500      0.1000     -0.0298      0.0044
      0.4000      0.1000     -0.0332      0.0031
      0.4500      0.1000     -0.0353      0.0016
      0.5000      0.1000     -0.0360     -0.0000
      0.5500      0.1000     -0.0353     -0.0016
      0.6000      0.1000     -0.0332     -0.0031
      0.6500      0.1000     -0.0298     -0.0044
      0.7000      0.1000     -0.0254     -0.0054
      0.7500      0.1000     -0.0203     -0.0061
      0.8000      0.1000     -0.0147     -0.0062
      0.8500      0.1000     -0.0094     -0.0058
      0.9000      0.1000     -0.0047     -0.0047
      0.9500      0.1000     -0.0013     -0.0028
      1.0000      0.1000     -0.0000      0.0000
      0.0000      0.1500     -0.0000      0.0000
      0.0500      0.1500     -0.0016      0.0056
      0.1000      0.1500     -0.0058      0.0094
      0.1500      0.1500     -0.0116      0.0116
      0.2000      0.1500     -0.0183      0.0125
      0.2500      0.1500     -0.0251      0.0122
      0.3000      0.1500     -0.0315      0.0109
      0.3500      0.1500     -0.0370      0.0089
      0.4000      0.1500     -0.0411      0.0062
      0.4500      0.1500     -0.0437      0.0032
      0.5000      0.1500     -0.0446     -0.0000
      0.5500      0.1500     -0.0437     -0.0032
      0.6000      0.1500     -0.0411     -0.0062
      0.6500      0.1500     -0.0370     -0.0089
      0.7000      0.1500     -0.0315     -0.0109
      0.7500      0.1500     -0.0251     -0.0122
      0.8000      0.1500     -0.0183     -0.0125
      0.8500      0.1500     -0.0116     -0.0116
      0.9000      0.1500     -0.0058     -0.0094
      0.9500      0.1500     -0.0016     -0.0056
      1.0000      0.1500     -0.0000      0.0000
      0.0000      0.2000     -0.0000      0.0000
      0.0500      0.2000     -0.0017      0.0088
      0.1000      0.2000     -0.0062      0.0147
      0.1500      0.2000     -0.0125      0.0183
      0.2000      0.2000     -0.0197      0.0197
      0.2500      0.2000     -0.0270      0.0192
      0.3000      0.2000     -0.0339      0.0172
      0.3500      0.2000     -0.0397      0.0140
      0.4000      0.2000     -0.0442      0.0098
      0.4500      0.2000     -0.0470      0.0051
      0.5000      0.2000     -0.0480     -0.0000
      0.5500      0.2000     -0.0470     -0.0051
      0.6000      0.2000     -0.0442     -0.0098
      0.6500      0.2000     -0.0397     -0.0140
      0.7000      0.2000     -0.0339     -0.0172
      0.7500      0.2000     -0.0270     -0.0192
      0.8000      0.2000     -0.0197     -0.0197
      0.8500      0.2000     -0.0125     -0.0183
      0.9000      0.2000     -0.0062     -0.0147
      0.9500      0.2000     -0.0017     -0.0088
      1.0000      0.2000     -0.0000      0.0000
      0.0000      0.2500     -0.0000      0.0000
      0.0500      0.2500     -0.0017      0.0120
      0.1000      0.2500     -0.0061      0.0203
      0.1500      0.2500     -0.0122      0.0251
      0.2000      0.2500     -0.0192      0.0270
      0.2500      0.2500     -0.0264      0.0264
      0.3000      0.2500     -0.0331      0.0236
      0.3500      0.2500     -0.0388      0.0192
      0.4000      0.2500     -0.0432      0.0135
      0.4500      0.2500     -0.0459      0.0070
      0.5000      0.2500     -0.0469     -0.0000
      0.5500      0.2500     -0.0459     -0.0070
      0.6000      0.2500     -0.0432     -0.0135
      0.6500      0.2500     -0.0388     -0.0192
      0.7000      0.2500     -0.0331     -0.0236
      0.7500      0.2500     -0.0264     -0.0264
      0.8000      0.2500     -0.0192     -0.0270
      0.8500      0.2500     -0.0122     -0.0251
      0.9000      0.2500     -0.0061     -0.0202
      0.9500      0.2500     -0.0017     -0.0120
      1.0000      0.2500     -0.0000      0.0000
      0.0000      0.3000     -0.0000      0.0000
      0.0500      0.3000     -0.0015      0.0151
      0.1000      0.3000     -0.0054      0.0254
      0.1500      0.3000     -0.0109      0.0315
      0.2000      0.3000     -0.0172      0.0339
      0.2500      0.3000     -0.0236      0.0331
      0.3000      0.3000     -0.0296      0.0296
      0.3500      0.3000     -0.0348      0.0241
      0.4000      0.3000     -0.0387      0.0169
      0.4500      0.3000     -0.0412      0.0087
      0.5000      0.3000     -0.0420     -0.0000
      0.5500      0.3000     -0.0412     -0.0087
      0.6000      0.3000     -0.0387     -0.0169
      0.6500      0.3000     -0.0348     -0.0241
      0.7000      0.3000     -0.0296     -0.0296
      0.7500      0.3000     -0.0236     -0.0331
      0.8000      0.3000     -0.0172     -0.0339
      0.8500      0.3000     -0.0109     -0.0315
      0.9000      0.3000     -0.0054     -0.0254
      0.9500      0.3000     -0.0015     -0.0151
      1.0000      0.3000     -0.0000      0.0000
      0.0000      0.3500     -0.0000      0.0000
      0.0500      0.3500     -0.0012      0.0177
      0.1000      0.3500     -0.0044      0.0298
      0.1500      0.3500     -0.0089      0.0370
      0.2000      0.3500     -0.0140      0.0397
      0.2500      0.3500     -0.0192      0.0388
      0.3000      0.3500     -0.0241      0.0348
      0.3500      0.3500     -0.0283      0.0283
      0.4000      0.3500     -0.0314      0.0199
      0.4500      0.3500     -0.0334      0.0102
      0.5000      0.3500     -0.0341     -0.0000
      0.5500      0.3500     -0.0334     -0.0102
      0.6000      0.3500     -0.0314     -0.0199
      0.6500      0.3500     -0.0283     -0.0283
      0.7000      0.3500     -0.0241     -0.0348
      0.7500      0.3500     -0.0192     -0.0388
      0.8000      0.3500     -0.0140     -0.0397
      0.8500      0.3500     -0.0089     -0.0370
      0.9000      0.3500     -0.0044     -0.0298
      0.9500      0.3500     -0.0012     -0.0177
      1.0000      0.3500     -0.0000      0.0000
      0.0000      0.4000     -0.0000      0.0000
      0.0500      0.4000     -0.0009      0.0197
      0.1000      0.4000     -0.0031      0.0332
      0.1500      0.4000     -0.0062      0.0411
      0.2000      0.4000     -0.0098      0.0442
      0.2500      0.4000     -0.0135      0.0432
      0.3000      0.4000     -0.0169      0.0387
      0.3500      0.4000     -0.0199      0.0314
      0.4000      0.4000     -0.0221      0.0221
      0.4500      0.4000     -0.0235      0.0114
      0.5000      0.4000     -0.0240     -0.0000
      0.5500      0.4000     -0.0235     -0.0114
      0.6000      0.4000     -0.0221     -0.0221
      0.6500      0.4000     -0.0199     -0.0314
      0.7000      0.4000     -0.0169     -0.0387
      0.7500      0.4000     -0.0135     -0.0432
      0.8000      0.4000     -0.0098     -0.0442
      0.8500      0.4000     -0.0062     -0.0411
      0.9000      0.4000     -0.0031     -0.0332
      0.9500      0.4000     -0.0009     -0.0197
      1.0000      0.4000     -0.0000      0.0000
      0.0000      0.4500     -0.0000      0.0000
      0.0500      0.4500     -0.0004      0.0209
      0.1000      0.4500     -0.0016      0.0353
      0.1500      0.4500     -0.0032      0.0437
      0.2000      0.4500     -0.0051      0.0470
      0.2500      0.4500     -0.0070      0.0459
      0.3000      0.4500     -0.0087      0.0412
      0.3500      0.4500     -0.0102      0.0334
      0.4000      0.4500     -0.0114      0.0235
      0.4500      0.4500     -0.0121      0.0121
      0.5000      0.4500     -0.0124     -0.0000
      0.5500      0.4500     -0.0121     -0.0121
      0.6000      0.4500     -0.0114     -0.0235
      0.6500      0.4500     -0.0102     -0.0334
      0.7000      0.4500     -0.0087     -0.0412
      0.7500      0.4500     -0.0070     -0.0459
      0.8000      0.4500     -0.0051     -0.0470
      0.8500      0.4500     -0.0032     -0.0437
      0.9000      0.4500     -0.0016     -0.0353
      0.9500      0.4500     -0.0004     -0.0209
      1.0000      0.4500     -0.0000      0.0000
      0.0000      0.5000      0.0000      0.0000
      0.0500      0.5000      0.0000      0.0214
      0.1000      0.5000      0.0000      0.0360
      0.1500      0.5000      0.0000      0.0446
      0.2000      0.5000      0.0000      0.0480
      0.2500      0.5000      0.0000      0.0469
      0.3000      0.5000      0.0000      0.0420
      0.3500      0.5000      0.0000      0.0341
      0.4000      0.5000      0.0000      0.0240
      0.4500      0.5000      0.0000      0.0124
      0.5000      0.5000      0.0000     -0.0000
      0.5500      0.5000      0.0000     -0.0124
      0.6000      0.5000      0.0000     -0.0240
      0.6500      0.5000      0.0000     -0.0341
      0.7000      0.5000      0.0000     -0.0420
      0.7500      0.5000      0.0000     -0.0469
      0.8000      0.5000      0.0000     -0.0480
      0.8500      0.5000      0.0000     -0.0446
      0.9000      0.5000      0.0000     -0.0360
      0.9500      0.5000      0.0000     -0.0214
      1.0000      0.5000      0.0000      0.0000
      0.0000      0.5500      0.0000      0.0000
      0.0500      0.5500      0.0004      0.0209
      0.1000      0.5500      0.0016      0.0353
      0.1500      0.5500      0.0032      0.0437
      0.2000      0.5500      0.0051      0.0470
      0.2500      0.5500      0.0070      0.0459
      0.3000      0.5500      0.0087      0.0412
      0.3500      0.5500      0.0102      0.0334
      0.4000      0.5500      0.0114      0.0235
      0.4500      0.5500      0.0121      0.0121
      0.5000      0.5500      0.0124     -0.0000
      0.5500      0.5500      0.0121     -0.0121
      0.6000      0.5500      0.0114     -0.0235
      0.6500      0.5500      0.0102     -0.0334
      0.7000      0.5500      0.0087     -0.0412
      0.7500      0.5500      0.0070     -0.0459
      0.8000      0.5500      0.0051     -0.0470
      0.8500      0.5500      0.0032     -0.0437
      0.9000      0.5500      0.0016     -0.0353
      0.9500      0.5500      0.0004     -0.0209
      1.0000      0.5500      0.0000      0.0000
      0.0000      0.6000      0.0000      0.0000
      0.0500      0.6000      0.0009      0.0197
      0.1000      0.6000      0.0031      0.0332
      0.1500      0.6000      0.0062      0.0411
      0.2000      0.6000      0.0098      0.0442
      0.2500      0.6000      0.0135      0.0432
      0.3000      0.6000      0.0169      0.0387
      0.3500      0.6000      0.0199      0.0314
      0.4000      0.6000      0.0221      0.0221
      0.4500      0.6000      0.0235      0.0114
      0.5000      0.6000      0.0240     -0.0000
      0.5500      0.6000      0.0235     -0.0114
      0.6000      0.6000      0.0221     -0.0221
      0.6500      0.6000      0.0199     -0.0314
      0.7000      0.6000      0.0169     -0.0387
      0.7500      0.6000      0.0135     -0.0432
      0.8000      0.6000      0.0098     -0.0442
      0.8500      0.6000      0.0062     -0.0411
      0.9000      0.6000      0.0031     -0.0332
      0.9500      0.6000      0.0009     -0.0197
      1.0000      0.6000      0.0000      0.0000
      0.0000      0.6500      0.0000      0.0000
      0.0500      0.6500      0.0012      0.0177
      0.1000      0.6500      0.0044      0.0298
      0.1500      0.6500      0.0089      0.0370
      0.2000      0.6500      0.0140      0.0397
      0.2500      0.6500      0.0192      0.0388
      0.3000      0.6500      0.0241      0.0348
      0.3500      0.6500      0.0283      0.0283
      0.4000      0.6500      0.0314      0.0199
      0.4500      0.6500      0.0334      0.0102
      0.5000      0.6500      0.0341     -0.0000
      0.5500      0.6500      0.0334     -0.0102
      0.6000      0.6500      0.0314     -0.0199
      0.6500      0.6500      0.0283     -0.0283
      0.7000      0.6500      0.0241     -0.0348
      0.7500      0.6500      0.0192     -0.0388
      0.8000      0.6500      0.0140     -0.0397
      0.8500      0.6500      0.0089     -0.0370
      0.9000      0.6500      0.0044     -0.0298
      0.9500      0.6500      0.0012     -0.0177
      1.0000      0.6500      0.0000      0.0000
      0.0000      0.7000      0.0000      0.0000
      0.0500      0.7000      0.0015      0.0151
      0.1000      0.7000      0.0054      0.0254
      0.1500      0.7000      0.0109      0.0315
      0.2000      0.7000      0.0172      0.0339
      0.2500      0.7000      0.0236      0.0331
      0.3000      0.7000      0.0296      0.0296
      0.3500      0.7000      0.0348      0.0241
      0.4000      0.7000      0.0387      0.0169
      0.4500      0.7000      0.0412      0.0087
      0.5000      0.7000      0.0420     -0.0000
      0.5500      0.7000      0.0412     -0.0087
      0.6000      0.7000      0.0387     -0.0169
      0.6500      0.7000      0.0348     -0.0241
      0.7000      0.7000      0.0296     -0.0296
      0.7500      0.7000      0.0236     -0.0331
      0.8000      0.7000      0.0172     -0.0339
      0.8500      0.7000      0.0109     -0.0315
      0.9000      0.7000      0.0054     -0.0254
      0.9500      0.7000      0.0015     -0.0151
      1.0000      0.7000      0.0000      0.0000
      0.0000      0.7500      0.0000      0.0000
      0.0500      0.7500      0.0017      0.0120
      0.1000      0.7500      0.0061      0.0203
      0.1500      0.7500      0.0122      0.0251
      0.2000      0.7500      0.0192      0.0270
      0.2500      0.7500      0.0264      0.0264
      0.3000      0.7500      0.0331      0.0236
      0.3500      0.7500      0.0388      0.0192
      0.4000      0.7500      0.0432      0.0135
      0.4500      0.7500      0.0459      0.0070
      0.5000      0.7500      0.0469     -0.0000
      0.5500      0.7500      0.0459     -0.0070
      0.6000      0.7500      0.0432     -0.0135
      0.6500      0.7500      0.0388     -0.0192
      0.7000      0.7500      0.0331     -0.0236
      0.7500      0.7500      0.0264     -0.0264
      0.8000      0.7500      0.0192     -0.0270
      0.8500      0.7500      0.0122     -0.0251
      0.9000      0.7500      0.0061     -0.0202
      0.9500      0.7500      0.0017     -0.0120
      1.0000      0.7500      0.0000      0.0000
      0.0000      0.8000      0.0000      0.0000
      0.0500      0.8000      0.0017      0.0088
      0.1000      0.8000      0.0062      0.0147
      0.1500      0.8000      0.0125      0.0183
      0.2000      0.8000      0.0197      0.0197
      0.2500      0.8000      0.0270      0.0192
      0.3000      0.8000      0.0339      0.0172
      0.3500      0.8000      0.0397      0.0140
      0.4000      0.8000      0.0442      0.0098
      0.4500      0.8000      0.0470      0.0051
      0.5000      0.8000      0.0480     -0.0000
      0.5500      0.8000      0.0470     -0.0051
      0.6000      0.8000      0.0442     -0.0098
      0.6500      0.8000      0.0397     -0.0140
      0.7000      0.8000      0.0339     -0.0172
      0.7500      0.8000      0.0270     -0.0192
      0.8000      0.8000      0.0197     -0.0197
      0.8500      0.8000      0.0125     -0.0183
      0.9000      0.8000      0.0062     -0.0147
      0.9500      0.8000      0.0017     -0.0088
      1.0000      0.8000      0.0000      0.0000
      0.0000      0.8500      0.0000      0.0000
      0.0500      0.8500      0.0016      0.0056
      0.1000      0.8500      0.0058      0.0094
      0.1500      0.8500      0.0116      0.0116
      0.2000      0.8500      0.0183      0.0125
      0.2500      0.8500      0.0251      0.0122
      0.3000      0.8500      0.0315      0.0109
      0.3500      0.8500      0.0370      0.0089
      0.4000      0.8500      0.0411      0.0062
      0.4500      0.8500      0.0437      0.0032
      0.5000      0.8500      0.0446     -0.0000
      0.5500      0.8500      0.0437     -0.0032
      0.6000      0.8500      0.0411     -0.0062
      0.6500      0.8500      0.0370     -0.0089
      0.7000      0.8500      0.0315     -0.0109
      0.7500      0.8500      0.0251     -0.0122
      0.8000      0.8500      0.0183     -0.0125
      0.8500      0.8500      0.0116     -0.0116
      0.9000      0.8500      0.0058     -0.0094
      0.9500      0.8500      0.0016     -0.0056
      1.0000      0.8500      0.0000      0.0000
      0.0000      0.9000      0.0000      0.0000
      0.0500      0.9000      0.0013      0.0028
      0.1000      0.9000      0.0047      0.0047
      0.1500      0.9000      0.0094      0.0058
      0.2000      0.9000      0.0147      0.0062
      0.2500      0.9000      0.0202      0.0061
      0.3000      0.9000      0.0254      0.0054
      0.3500      0.9000      0.0298      0.0044
      0.4000      0.9000      0.0332      0.0031
      0.4500      0.9000      0.0353      0.0016
      0.5000      0.9000      0.0360     -0.0000
      0.5500      0.9000      0.0353     -0.0016
      0.6000      0.9000      0.0332     -0.0031
      0.6500      0.9000      0.0298     -0.0044
      0.7000      0.9000      0.0254     -0.0054
      0.7500      0.9000      0.0202     -0.0061
      0.8000      0.9000      0.0147     -0.0062
      0.8500      0.9000      0.0094     -0.0058
      0.9000      0.9000      0.0047     -0.0047
      0.9500      0.9000      0.0013     -0.0028
      1.0000      0.9000      0.0000      0.0000
      0.0000      0.9500      0.0000      0.0000
      0.0500      0.9500      0.0008      0.0008
      0.1000      0.9500      0.0028      0.0013
      0.1500      0.9500      0.0056      0.0016
      0.2000      0.9500      0.0088      0.0017
      0.2500      0.9500      0.0120      0.0017
      0.3000      0.9500      0.0151      0.0015
      0.3500      0.9500      0.0177      0.0012
      0.4000      0.9500      0.0197      0.0009
      0.4500      0.9500      0.0209      0.0004
      0.5000      0.9500      0.0214     -0.0000
      0.5500      0.9500      0.0209     -0.0004
      0.6000      0.9500      0.0197     -0.0009
      0.6500      0.9500      0.0177     -0.0012
      0.7000      0.9500      0.0151     -0.0015
      0.7500      0.9500      0.0120     -0.0017
      0.8000      0.9500      0.0088     -0.0017
      0.8500      0.9500      0.0056     -0.0016
      0.9000      0.9500      0.0028     -0.0013
      0.9500      0.9500      0.0008     -0.0008
      1.0000      0.9500      0.0000      0.0000
      0.0000      1.0000     -0.0000      0.0000
      0.0500      1.0000     -0.0000      0.0000
      0.1000      1.0000     -0.0000      0.0000
      0.1500      1.0000     -0.0000      0.0000
      0.2000      1.0000     -0.0000      0.0000
      0.2500      1.0000     -0.0000      0.0000
      0.3000      1.0000     -0.0000      0.0000
      0.3500      1.0000     -0.0000      0.0000
      0.4000      1.0000     -0.0000      0.0000
      0.4500      1.0000     -0.0000      0.0000
      0.5000      1.0000     -0.0000     -0.0000
      0.5500      1.0000     -0.0000     -0.0000
      0.6000      1.0000     -0.0000     -0.0000
      0.6500      1.0000     -0.0000     -0.0000
      0.7000      1.0000     -0.0000     -0.0000
      0.7500      1.0000     -0.0000     -0.0000
      0.8000      1.0000     -0.0000     -0.0000
      0.8500      1.0000     -0.0000     -0.0000
      0.9000      1.0000     -0.0000     -0.0000
      0.9500      1.0000     -0.0000     -0.0000
      1.0000      1.0000     -0.0000      0.0000
