     0.00000         0.00000         0.00000         0.00000    
    0.281250E-01    0.250000        0.187500       -0.557424E-16
    0.375000E-01    0.500000        0.250000       -0.892804E-16
    0.281250E-01    0.750000        0.187500        0.218575E-15
     0.00000         1.00000         0.00000         0.00000    
    0.250000         0.00000         0.00000         0.00000    
    0.278125        0.250000        0.187500       -0.428824E-14
    0.287500        0.500000        0.250000       -0.828967E-15
    0.278125        0.750000        0.187500       -0.676542E-15
    0.250000         1.00000         0.00000         0.00000    
    0.500000       -0.624501E-17     0.00000       -0.416334E-16
    0.528125        0.250000        0.187500        0.138999E-15
    0.537500        0.500000        0.250000       -0.762319E-15
    0.528125        0.750000        0.187500       -0.104389E-14
    0.500000         1.00000         0.00000         0.00000    
    0.750000         0.00000       -0.166533E-15     0.00000    
    0.778125        0.250000        0.187500        0.445643E-15
    0.787500        0.500000        0.250000       -0.638528E-15
    0.778125        0.750000        0.187500       -0.804686E-15
    0.750000         1.00000         0.00000         0.00000    
     1.00000         0.00000         0.00000         0.00000    
     1.02812        0.250000        0.187500       -0.855288E-16
     1.03750        0.500000        0.250000       -0.284894E-15
     1.02812        0.750000        0.187500       -0.310117E-15
     1.00000         1.00000         0.00000         0.00000    
     1.25000         0.00000         0.00000         0.00000    
     1.27812        0.250000        0.187500       -0.138852E-15
     1.28750        0.500000        0.250000       -0.129072E-15
     1.27812        0.750000        0.187500        0.421302E-16
     1.25000         1.00000         0.00000         0.00000    
     1.50000         0.00000         0.00000         0.00000    
     1.52812        0.250000        0.187500       -0.116029E-15
     1.53750        0.500000        0.250000         0.00000    
     1.52812        0.750000        0.187500        0.259113E-15
     1.50000         1.00000         0.00000         0.00000    
     1.75000         0.00000        0.166533E-15     0.00000    
     1.77812        0.250000        0.187500       -0.171765E-15
     1.78750        0.500000        0.250000        0.242713E-16
     1.77812        0.750000        0.187500        0.192752E-15
     1.75000         1.00000         0.00000         0.00000    
     2.00000         0.00000         0.00000         0.00000    
     2.02814        0.250000        0.187500       -0.208872E-15
     2.03750        0.500000        0.250000       -0.507660E-16
     2.02814        0.750000        0.187500        0.258993E-16
     2.00000         1.00000         0.00000         0.00000    
     2.25000         0.00000       -0.166533E-15     0.00000    
     2.27814        0.250000        0.187500       -0.775464E-16
     2.28750        0.500000        0.250000        0.121394E-16
     2.27814        0.750000        0.187500        0.120417E-16
     2.25000         1.00000         0.00000         0.00000    
     2.50000         0.00000         0.00000         0.00000    
     2.52814        0.250000        0.187500        0.938456E-16
     2.53750        0.500000        0.250000        0.507604E-16
     2.52814        0.750000        0.187500        0.647695E-16
     2.50000         1.00000         0.00000         0.00000    
     2.75000         0.00000         0.00000         0.00000    
     2.77814        0.250000        0.187500        0.871519E-17
     2.78750        0.500000        0.250000       -0.117306E-16
     2.77814        0.750000        0.187500        0.788952E-17
     2.75000         1.00000         0.00000         0.00000    
     3.00000         0.00000         0.00000         0.00000    
     3.02814        0.250000        0.187500         0.00000    
     3.03750        0.500000        0.250000         0.00000    
     3.02814        0.750000        0.187500         0.00000    
     3.00000         1.00000         0.00000         0.00000    
