     0.00000         0.00000         0.00000         0.00000    
    0.468750E-01    0.250000        0.187500       -0.557424E-16
    0.625000E-01    0.500000        0.250000       -0.892804E-16
    0.468750E-01    0.750000        0.187500        0.218575E-15
     0.00000         1.00000         0.00000         0.00000    
    0.250000         0.00000         0.00000         0.00000    
    0.296875        0.250000        0.187500       -0.428824E-14
    0.312500        0.500000        0.250000       -0.828967E-15
    0.296875        0.750000        0.187500       -0.676542E-15
    0.250000         1.00000         0.00000         0.00000    
    0.500000       -0.104083E-16     0.00000       -0.416334E-16
    0.546875        0.250000        0.187500        0.138999E-15
    0.562500        0.500000        0.250000       -0.762319E-15
    0.546875        0.750000        0.187500       -0.104389E-14
    0.500000         1.00000         0.00000         0.00000    
    0.750000         0.00000       -0.166533E-15     0.00000    
    0.796875        0.250000        0.187500        0.445643E-15
    0.812500        0.500000        0.250000       -0.638528E-15
    0.796875        0.750000        0.187500       -0.804686E-15
    0.750000         1.00000         0.00000         0.00000    
     1.00000         0.00000         0.00000         0.00000    
     1.04688        0.250000        0.187500       -0.855288E-16
     1.06250        0.500000        0.250000       -0.284894E-15
     1.04688        0.750000        0.187500       -0.310117E-15
     1.00000         1.00000         0.00000         0.00000    
     1.25000         0.00000         0.00000         0.00000    
     1.29688        0.250000        0.187500       -0.138852E-15
     1.31250        0.500000        0.250000       -0.129072E-15
     1.29688        0.750000        0.187500        0.421302E-16
     1.25000         1.00000         0.00000         0.00000    
     1.50000         0.00000         0.00000         0.00000    
     1.54688        0.250000        0.187500       -0.116029E-15
     1.56250        0.500000        0.250000         0.00000    
     1.54688        0.750000        0.187500        0.259113E-15
     1.50000         1.00000         0.00000         0.00000    
     1.75000         0.00000        0.166533E-15     0.00000    
     1.79688        0.250000        0.187500       -0.171765E-15
     1.81250        0.500000        0.250000        0.242713E-16
     1.79688        0.750000        0.187500        0.192752E-15
     1.75000         1.00000         0.00000         0.00000    
     2.00000         0.00000         0.00000         0.00000    
     2.04690        0.250000        0.187500       -0.208872E-15
     2.06250        0.500000        0.250000       -0.507660E-16
     2.04690        0.750000        0.187500        0.258993E-16
     2.00000         1.00000         0.00000         0.00000    
     2.25000         0.00000       -0.166533E-15     0.00000    
     2.29690        0.250000        0.187500       -0.775464E-16
     2.31250        0.500000        0.250000        0.121394E-16
     2.29690        0.750000        0.187500        0.120417E-16
     2.25000         1.00000         0.00000         0.00000    
     2.50000         0.00000         0.00000         0.00000    
     2.54690        0.250000        0.187500        0.938456E-16
     2.56250        0.500000        0.250000        0.507604E-16
     2.54690        0.750000        0.187500        0.647695E-16
     2.50000         1.00000         0.00000         0.00000    
     2.75000         0.00000         0.00000         0.00000    
     2.79690        0.250000        0.187500        0.871519E-17
     2.81250        0.500000        0.250000       -0.117306E-16
     2.79690        0.750000        0.187500        0.788952E-17
     2.75000         1.00000         0.00000         0.00000    
     3.00000         0.00000         0.00000         0.00000    
     3.04690        0.250000        0.187500         0.00000    
     3.06250        0.500000        0.250000         0.00000    
     3.04690        0.750000        0.187500         0.00000    
     3.00000         1.00000         0.00000         0.00000    
