     0.00000         0.00000         0.00000         0.00000    
    0.750000E-01    0.250000        0.187500       -0.557424E-16
    0.100000        0.500000        0.250000       -0.892804E-16
    0.750000E-01    0.750000        0.187500        0.218575E-15
     0.00000         1.00000         0.00000         0.00000    
    0.250000         0.00000         0.00000         0.00000    
    0.325000        0.250000        0.187500       -0.428824E-14
    0.350000        0.500000        0.250000       -0.828967E-15
    0.325000        0.750000        0.187500       -0.676542E-15
    0.250000         1.00000         0.00000         0.00000    
    0.500000       -0.166534E-16     0.00000       -0.416334E-16
    0.575000        0.250000        0.187500        0.138999E-15
    0.600000        0.500000        0.250000       -0.762319E-15
    0.575000        0.750000        0.187500       -0.104389E-14
    0.500000         1.00000         0.00000         0.00000    
    0.750000         0.00000       -0.166533E-15     0.00000    
    0.825000        0.250000        0.187500        0.445643E-15
    0.850000        0.500000        0.250000       -0.638528E-15
    0.825000        0.750000        0.187500       -0.804686E-15
    0.750000         1.00000         0.00000         0.00000    
     1.00000         0.00000         0.00000         0.00000    
     1.07499        0.250000        0.187500       -0.855288E-16
     1.10000        0.500000        0.250000       -0.284894E-15
     1.07499        0.750000        0.187500       -0.310117E-15
     1.00000         1.00000         0.00000         0.00000    
     1.25000         0.00000         0.00000         0.00000    
     1.32499        0.250000        0.187500       -0.138852E-15
     1.35000        0.500000        0.250000       -0.129072E-15
     1.32499        0.750000        0.187500        0.421302E-16
     1.25000         1.00000         0.00000         0.00000    
     1.50000         0.00000         0.00000         0.00000    
     1.57499        0.250000        0.187500       -0.116029E-15
     1.60000        0.500000        0.250000         0.00000    
     1.57499        0.750000        0.187500        0.259113E-15
     1.50000         1.00000         0.00000         0.00000    
     1.75000         0.00000        0.166533E-15     0.00000    
     1.82499        0.250000        0.187500       -0.171765E-15
     1.85000        0.500000        0.250000        0.242713E-16
     1.82499        0.750000        0.187500        0.192752E-15
     1.75000         1.00000         0.00000         0.00000    
     2.00000         0.00000         0.00000         0.00000    
     2.07503        0.250000        0.187500       -0.208872E-15
     2.10000        0.500000        0.250000       -0.507660E-16
     2.07503        0.750000        0.187500        0.258993E-16
     2.00000         1.00000         0.00000         0.00000    
     2.25000         0.00000       -0.166533E-15     0.00000    
     2.32503        0.250000        0.187500       -0.775464E-16
     2.35000        0.500000        0.250000        0.121394E-16
     2.32503        0.750000        0.187500        0.120417E-16
     2.25000         1.00000         0.00000         0.00000    
     2.50000         0.00000         0.00000         0.00000    
     2.57503        0.250000        0.187500        0.938456E-16
     2.60000        0.500000        0.250000        0.507604E-16
     2.57503        0.750000        0.187500        0.647695E-16
     2.50000         1.00000         0.00000         0.00000    
     2.75000         0.00000         0.00000         0.00000    
     2.82503        0.250000        0.187500        0.871519E-17
     2.85000        0.500000        0.250000       -0.117306E-16
     2.82503        0.750000        0.187500        0.788952E-17
     2.75000         1.00000         0.00000         0.00000    
     3.00000         0.00000         0.00000         0.00000    
     3.07503        0.250000        0.187500         0.00000    
     3.10000        0.500000        0.250000         0.00000    
     3.07503        0.750000        0.187500         0.00000    
     3.00000         1.00000         0.00000         0.00000    
