     0.00000         0.00000         0.00000         0.00000    
     0.00000        0.625000E-01    0.750000         0.00000    
     0.00000        0.125000         1.00000         0.00000    
     0.00000        0.187500        0.750000         0.00000    
     0.00000        0.250000         0.00000         0.00000    
     0.00000        0.312500         0.00000         0.00000    
     0.00000        0.375000         0.00000         0.00000    
     0.00000        0.437500         0.00000         0.00000    
     0.00000        0.500000         0.00000         0.00000    
     0.00000        0.562500         0.00000         0.00000    
     0.00000        0.625000         0.00000         0.00000    
     0.00000        0.687500         0.00000         0.00000    
     0.00000        0.750000         0.00000         0.00000    
     0.00000        0.812500         0.00000         0.00000    
     0.00000        0.875000         0.00000         0.00000    
     0.00000        0.937500         0.00000         0.00000    
     0.00000         1.00000         0.00000         0.00000    
    0.625000E-01     0.00000         0.00000         0.00000    
    0.625000E-01    0.625000E-01    0.685549        0.742841E-01
    0.625000E-01    0.125000        0.902910        0.200970    
    0.625000E-01    0.187500        0.644684        0.387899    
    0.625000E-01    0.250000        0.195764        0.378135    
    0.625000E-01    0.312500        0.457516E-01    0.183835    
    0.625000E-01    0.375000        0.133943E-01    0.113420    
    0.625000E-01    0.437500        0.409653E-02    0.989199E-01
    0.625000E-01    0.500000        0.962650E-02    0.812267E-01
    0.625000E-01    0.562500        0.396542E-02    0.673276E-01
    0.625000E-01    0.625000        0.929973E-02    0.564040E-01
    0.625000E-01    0.687500        0.839048E-03    0.432870E-01
    0.625000E-01    0.750000        0.114961E-01    0.303260E-01
    0.625000E-01    0.812500        0.241937E-02    0.177332E-01
    0.625000E-01    0.875000        0.485434E-02    0.654209E-02
    0.625000E-01    0.937500        0.187925E-02    0.187925E-02
    0.625000E-01     1.00000         0.00000         0.00000    
    0.125000         0.00000         0.00000         0.00000    
    0.125000        0.625000E-01    0.539196        0.969086E-01
    0.125000        0.125000        0.724167        0.254459    
    0.125000        0.187500        0.623166        0.400327    
    0.125000        0.250000        0.341284        0.423151    
    0.125000        0.312500        0.136816        0.303557    
    0.125000        0.375000        0.639474E-01    0.225134    
    0.125000        0.437500        0.404713E-01    0.192647    
    0.125000        0.500000        0.325238E-01    0.155842    
    0.125000        0.562500        0.291001E-01    0.126312    
    0.125000        0.625000        0.276608E-01    0.100592    
    0.125000        0.687500        0.267146E-01    0.782693E-01
    0.125000        0.750000        0.293612E-01    0.541753E-01
    0.125000        0.812500        0.230871E-01    0.330170E-01
    0.125000        0.875000        0.152589E-01    0.141691E-01
    0.125000        0.937500        0.838875E-02    0.460081E-02
    0.125000         1.00000         0.00000         0.00000    
    0.187500         0.00000         0.00000         0.00000    
    0.187500        0.625000E-01    0.385452        0.793632E-01
    0.187500        0.125000        0.545899        0.210525    
    0.187500        0.187500        0.503990        0.343679    
    0.187500        0.250000        0.351842        0.387834    
    0.187500        0.312500        0.218001        0.336374    
    0.187500        0.375000        0.140241        0.285379    
    0.187500        0.437500        0.918668E-01    0.243516    
    0.187500        0.500000        0.675724E-01    0.204827    
    0.187500        0.562500        0.518571E-01    0.162023    
    0.187500        0.625000        0.554448E-01    0.129434    
    0.187500        0.687500        0.470309E-01    0.955228E-01
    0.187500        0.750000        0.587335E-01    0.682262E-01
    0.187500        0.812500        0.419829E-01    0.390483E-01
    0.187500        0.875000        0.284102E-01    0.159432E-01
    0.187500        0.937500        0.189567E-01    0.784327E-02
    0.187500         1.00000         0.00000         0.00000    
    0.250000         0.00000         0.00000         0.00000    
    0.250000        0.625000E-01    0.281305        0.518784E-01
    0.250000        0.125000        0.413404        0.158267    
    0.250000        0.187500        0.425735        0.264606    
    0.250000        0.250000        0.346835        0.322011    
    0.250000        0.312500        0.250136        0.323751    
    0.250000        0.375000        0.182513        0.299406    
    0.250000        0.437500        0.134805        0.260813    
    0.250000        0.500000        0.105188        0.224217    
    0.250000        0.562500        0.904157E-01    0.181202    
    0.250000        0.625000        0.884220E-01    0.144549    
    0.250000        0.687500        0.838970E-01    0.105002    
    0.250000        0.750000        0.848703E-01    0.744887E-01
    0.250000        0.812500        0.670364E-01    0.399667E-01
    0.250000        0.875000        0.464934E-01    0.162076E-01
    0.250000        0.937500        0.251673E-01    0.372398E-03
    0.250000         1.00000         0.00000         0.00000    
    0.312500         0.00000         0.00000         0.00000    
    0.312500        0.625000E-01    0.196149        0.348305E-01
    0.312500        0.125000        0.313585        0.112773    
    0.312500        0.187500        0.345926        0.203535    
    0.312500        0.250000        0.315504        0.262408    
    0.312500        0.312500        0.258005        0.286846    
    0.312500        0.375000        0.204194        0.284063    
    0.312500        0.437500        0.163774        0.258377    
    0.312500        0.500000        0.141034        0.231143    
    0.312500        0.562500        0.127197        0.191772    
    0.312500        0.625000        0.131605        0.157119    
    0.312500        0.687500        0.121940        0.114961    
    0.312500        0.750000        0.124824        0.849956E-01
    0.312500        0.812500        0.975807E-01    0.491354E-01
    0.312500        0.875000        0.660281E-01    0.186728E-01
    0.312500        0.937500        0.400675E-01    0.133582E-01
    0.312500         1.00000         0.00000         0.00000    
    0.375000         0.00000         0.00000         0.00000    
    0.375000        0.625000E-01    0.139885        0.247396E-01
    0.375000        0.125000        0.234246        0.834520E-01
    0.375000        0.187500        0.276986        0.154159    
    0.375000        0.250000        0.273645        0.209441    
    0.375000        0.312500        0.245044        0.240118    
    0.375000        0.375000        0.211372        0.251792    
    0.375000        0.437500        0.184247        0.238166    
    0.375000        0.500000        0.169597        0.221534    
    0.375000        0.562500        0.163808        0.187357    
    0.375000        0.625000        0.166665        0.157133    
    0.375000        0.687500        0.163241        0.112152    
    0.375000        0.750000        0.155242        0.839639E-01
    0.375000        0.812500        0.127068        0.425474E-01
    0.375000        0.875000        0.885181E-01    0.166716E-01
    0.375000        0.937500        0.464002E-01   -0.308122E-02
    0.375000         1.00000         0.00000         0.00000    
    0.437500         0.00000         0.00000         0.00000    
    0.437500        0.625000E-01    0.100572        0.181494E-01
    0.437500        0.125000        0.176167        0.625084E-01
    0.437500        0.187500        0.217474        0.120173    
    0.437500        0.250000        0.227977        0.169914    
    0.437500        0.312500        0.219866        0.205142    
    0.437500        0.375000        0.204867        0.224340    
    0.437500        0.437500        0.193798        0.224949    
    0.437500        0.500000        0.191048        0.217592    
    0.437500        0.562500        0.192865        0.194682    
    0.437500        0.625000        0.202489        0.170395    
    0.437500        0.687500        0.199078        0.131242    
    0.437500        0.750000        0.192716        0.101120    
    0.437500        0.812500        0.159143        0.623499E-01
    0.437500        0.875000        0.111924        0.236329E-01
    0.437500        0.937500        0.612985E-01    0.165953E-01
    0.437500         1.00000         0.00000         0.00000    
    0.500000         0.00000         0.00000         0.00000    
    0.500000        0.625000E-01    0.704938E-01    0.132535E-01
    0.500000        0.125000        0.128492        0.475844E-01
    0.500000        0.187500        0.167526        0.914923E-01
    0.500000        0.250000        0.185851        0.135852    
    0.500000        0.312500        0.191178        0.169141    
    0.500000        0.375000        0.191191        0.194870    
    0.500000        0.437500        0.193769        0.201556    
    0.500000        0.500000        0.202161        0.205480    
    0.500000        0.562500        0.217252        0.186379    
    0.500000        0.625000        0.231329        0.172442    
    0.500000        0.687500        0.239234        0.131990    
    0.500000        0.750000        0.228436        0.107398    
    0.500000        0.812500        0.196775        0.604450E-01
    0.500000        0.875000        0.141728        0.268568E-01
    0.500000        0.937500        0.745283E-01   -0.374703E-03
    0.500000         1.00000         0.00000         0.00000    
    0.562500         0.00000         0.00000         0.00000    
    0.562500        0.625000E-01    0.479651E-01    0.102451E-01
    0.562500        0.125000        0.919296E-01    0.373566E-01
    0.562500        0.187500        0.125465        0.739186E-01
    0.562500        0.250000        0.147057        0.112441    
    0.562500        0.312500        0.160314        0.147442    
    0.562500        0.375000        0.169945        0.176443    
    0.562500        0.437500        0.183259        0.195272    
    0.562500        0.500000        0.200782        0.208460    
    0.562500        0.562500        0.225005        0.207733    
    0.562500        0.625000        0.250687        0.200471    
    0.562500        0.687500        0.266944        0.173991    
    0.562500        0.750000        0.265620        0.141494    
    0.562500        0.812500        0.234867        0.977405E-01
    0.562500        0.875000        0.177331        0.424093E-01
    0.562500        0.937500        0.950805E-01    0.224314E-01
    0.562500         1.00000         0.00000         0.00000    
    0.625000         0.00000         0.00000         0.00000    
    0.625000        0.625000E-01    0.308427E-01    0.693923E-02
    0.625000        0.125000        0.624672E-01    0.281267E-01
    0.625000        0.187500        0.902392E-01    0.559359E-01
    0.625000        0.250000        0.111412        0.898348E-01
    0.625000        0.312500        0.128841        0.120397    
    0.625000        0.375000        0.145361        0.154353    
    0.625000        0.437500        0.168660        0.175376    
    0.625000        0.500000        0.193350        0.201341    
    0.625000        0.562500        0.229560        0.206615    
    0.625000        0.625000        0.265442        0.217621    
    0.625000        0.687500        0.301522        0.193188    
    0.625000        0.750000        0.307844        0.168164    
    0.625000        0.812500        0.287977        0.113300    
    0.625000        0.875000        0.224536        0.580996E-01
    0.625000        0.937500        0.127102        0.130128E-01
    0.625000         1.00000         0.00000         0.00000    
    0.687500         0.00000         0.00000         0.00000    
    0.687500        0.625000E-01    0.180069E-01    0.548096E-02
    0.687500        0.125000        0.400945E-01    0.221270E-01
    0.687500        0.187500        0.610316E-01    0.451072E-01
    0.687500        0.250000        0.794128E-01    0.735986E-01
    0.687500        0.312500        0.955073E-01    0.104681    
    0.687500        0.375000        0.112715        0.141155    
    0.687500        0.437500        0.136608        0.173534    
    0.687500        0.500000        0.165991        0.204545    
    0.687500        0.562500        0.205921        0.233410    
    0.687500        0.625000        0.257263        0.258061    
    0.687500        0.687500        0.315419        0.250875    
    0.687500        0.750000        0.348260        0.218157    
    0.687500        0.812500        0.339115        0.165370    
    0.687500        0.875000        0.284953        0.827219E-01
    0.687500        0.937500        0.166544        0.331704E-01
    0.687500         1.00000         0.00000         0.00000    
    0.750000         0.00000         0.00000         0.00000    
    0.750000        0.625000E-01    0.906930E-02    0.291432E-02
    0.750000        0.125000        0.229145E-01    0.144951E-01
    0.750000        0.187500        0.378310E-01    0.299145E-01
    0.750000        0.250000        0.515791E-01    0.531428E-01
    0.750000        0.312500        0.659956E-01    0.772474E-01
    0.750000        0.375000        0.803575E-01    0.115207    
    0.750000        0.437500        0.102884        0.146937    
    0.750000        0.500000        0.126801        0.186435    
    0.750000        0.562500        0.169637        0.225437    
    0.750000        0.625000        0.238296        0.279943    
    0.750000        0.687500        0.337697        0.286054    
    0.750000        0.750000        0.400966        0.263472    
    0.750000        0.812500        0.423629        0.197060    
    0.750000        0.875000        0.365448        0.113561    
    0.750000        0.937500        0.234833        0.387925E-01
    0.750000         1.00000         0.00000         0.00000    
    0.812500         0.00000         0.00000         0.00000    
    0.812500        0.625000E-01    0.330269E-02    0.206867E-02
    0.812500        0.125000        0.113565E-01    0.982386E-02
    0.812500        0.187500        0.197096E-01    0.211969E-01
    0.812500        0.250000        0.286789E-01    0.387771E-01
    0.812500        0.312500        0.364697E-01    0.602385E-01
    0.812500        0.375000        0.465085E-01    0.935152E-01
    0.812500        0.437500        0.588321E-01    0.125663    
    0.812500        0.500000        0.792031E-01    0.155402    
    0.812500        0.562500        0.113795        0.208923    
    0.812500        0.625000        0.183586        0.301767    
    0.812500        0.687500        0.313641        0.339396    
    0.812500        0.750000        0.440899        0.312128    
    0.812500        0.812500        0.495014        0.247669    
    0.812500        0.875000        0.454988        0.137230    
    0.812500        0.937500        0.304691        0.524012E-01
    0.812500         1.00000         0.00000         0.00000    
    0.875000         0.00000         0.00000         0.00000    
    0.875000        0.625000E-01    0.571404E-03    0.419324E-03
    0.875000        0.125000        0.438458E-02    0.390841E-02
    0.875000        0.187500        0.927141E-02    0.924727E-02
    0.875000        0.250000        0.140397E-01    0.209007E-01
    0.875000        0.312500        0.207400E-01    0.334559E-01
    0.875000        0.375000        0.243797E-01    0.590079E-01
    0.875000        0.437500        0.318558E-01    0.782366E-01
    0.875000        0.500000        0.372455E-01    0.955684E-01
    0.875000        0.562500        0.689993E-01    0.138762    
    0.875000        0.625000        0.139967        0.258434    
    0.875000        0.687500        0.305828        0.314499    
    0.875000        0.750000        0.478762        0.330260    
    0.875000        0.812500        0.618076        0.250644    
    0.875000        0.875000        0.582734        0.138916    
    0.875000        0.937500        0.381732        0.432966E-01
    0.875000         1.00000         0.00000         0.00000    
    0.937500         0.00000         0.00000         0.00000    
    0.937500        0.625000E-01   -0.584765E-04   -0.584765E-04
    0.937500        0.125000        0.119297E-02    0.108373E-02
    0.937500        0.187500        0.179559E-02    0.355225E-02
    0.937500        0.250000        0.351462E-02    0.102366E-01
    0.937500        0.312500        0.457893E-02    0.170745E-01
    0.937500        0.375000        0.694555E-02    0.297350E-01
    0.937500        0.437500        0.349326E-02    0.402794E-01
    0.937500        0.500000        0.446542E-02    0.402736E-01
    0.937500        0.562500        0.112699E-02    0.751476E-01
    0.937500        0.625000        0.500631E-01    0.196716    
    0.937500        0.687500        0.187851        0.276808    
    0.937500        0.750000        0.526117        0.278714    
    0.937500        0.812500        0.708703        0.224567    
    0.937500        0.875000        0.677482        0.965319E-01
    0.937500        0.937500        0.452586        0.185691E-01
    0.937500         1.00000         0.00000         0.00000    
     1.00000         0.00000         0.00000         0.00000    
     1.00000        0.625000E-01     0.00000         0.00000    
     1.00000        0.125000         0.00000         0.00000    
     1.00000        0.187500         0.00000         0.00000    
     1.00000        0.250000         0.00000         0.00000    
     1.00000        0.312500         0.00000         0.00000    
     1.00000        0.375000         0.00000         0.00000    
     1.00000        0.437500         0.00000         0.00000    
     1.00000        0.500000         0.00000         0.00000    
     1.00000        0.562500         0.00000         0.00000    
     1.00000        0.625000         0.00000         0.00000    
     1.00000        0.687500         0.00000         0.00000    
     1.00000        0.750000        0.694875         0.00000    
     1.00000        0.812500        0.835109         0.00000    
     1.00000        0.875000        0.692092         0.00000    
     1.00000        0.937500        0.468104         0.00000    
     1.00000         1.00000         0.00000         0.00000    
