     0.00000         0.00000         0.00000         0.00000    
     0.00000        0.625000E-01    0.750000         0.00000    
     0.00000        0.125000         1.00000         0.00000    
     0.00000        0.187500        0.750000         0.00000    
     0.00000        0.250000         0.00000         0.00000    
     0.00000        0.312500         0.00000         0.00000    
     0.00000        0.375000         0.00000         0.00000    
     0.00000        0.437500         0.00000         0.00000    
     0.00000        0.500000         0.00000         0.00000    
     0.00000        0.562500         0.00000         0.00000    
     0.00000        0.625000         0.00000         0.00000    
     0.00000        0.687500         0.00000         0.00000    
     0.00000        0.750000         0.00000         0.00000    
     0.00000        0.812500         0.00000         0.00000    
     0.00000        0.875000         0.00000         0.00000    
     0.00000        0.937500         0.00000         0.00000    
     0.00000         1.00000         0.00000         0.00000    
    0.625000E-01     0.00000         0.00000         0.00000    
    0.625000E-01    0.625000E-01    0.654425        0.127059    
    0.625000E-01    0.125000         1.02001        0.179666    
    0.625000E-01    0.187500        0.556829        0.313283    
    0.625000E-01    0.250000        0.179309        0.372010    
    0.625000E-01    0.312500        0.607854E-01    0.187837    
    0.625000E-01    0.375000        0.132251E-01    0.123810    
    0.625000E-01    0.437500        0.341159E-02    0.101844    
    0.625000E-01    0.500000        0.729481E-02    0.848254E-01
    0.625000E-01    0.562500        0.387574E-02    0.742317E-01
    0.625000E-01    0.625000        0.944399E-02    0.641070E-01
    0.625000E-01    0.687500        0.471066E-03    0.507199E-01
    0.625000E-01    0.750000        0.136366E-01    0.373906E-01
    0.625000E-01    0.812500        0.238891E-02    0.226657E-01
    0.625000E-01    0.875000        0.560232E-02    0.945473E-02
    0.625000E-01    0.937500        0.341307E-02    0.341307E-02
    0.625000E-01     1.00000         0.00000         0.00000    
    0.125000         0.00000         0.00000         0.00000    
    0.125000        0.625000E-01    0.538851        0.806716E-01
    0.125000        0.125000        0.777091        0.236490    
    0.125000        0.187500        0.620154        0.410083    
    0.125000        0.250000        0.333715        0.441665    
    0.125000        0.312500        0.147415        0.291140    
    0.125000        0.375000        0.617465E-01    0.222100    
    0.125000        0.437500        0.343307E-01    0.195266    
    0.125000        0.500000        0.279450E-01    0.163414    
    0.125000        0.562500        0.264541E-01    0.137247    
    0.125000        0.625000        0.270952E-01    0.112605    
    0.125000        0.687500        0.269934E-01    0.880464E-01
    0.125000        0.750000        0.328874E-01    0.634135E-01
    0.125000        0.812500        0.258570E-01    0.379706E-01
    0.125000        0.875000        0.180295E-01    0.171188E-01
    0.125000        0.937500        0.117007E-01    0.493224E-02
    0.125000         1.00000         0.00000         0.00000    
    0.187500         0.00000         0.00000         0.00000    
    0.187500        0.625000E-01    0.380068        0.663394E-01
    0.187500        0.125000        0.590546        0.188918    
    0.187500        0.187500        0.496666        0.378470    
    0.187500        0.250000        0.349176        0.456766    
    0.187500        0.312500        0.201252        0.337723    
    0.187500        0.375000        0.123565        0.283769    
    0.187500        0.437500        0.823062E-01    0.253250    
    0.187500        0.500000        0.630108E-01    0.216258    
    0.187500        0.562500        0.519757E-01    0.174796    
    0.187500        0.625000        0.558903E-01    0.143312    
    0.187500        0.687500        0.493142E-01    0.106073    
    0.187500        0.750000        0.667769E-01    0.789622E-01
    0.187500        0.812500        0.481951E-01    0.452613E-01
    0.187500        0.875000        0.322712E-01    0.184713E-01
    0.187500        0.937500        0.255758E-01    0.111312E-01
    0.187500         1.00000         0.00000         0.00000    
    0.250000         0.00000         0.00000         0.00000    
    0.250000        0.625000E-01    0.269548        0.513282E-01
    0.250000        0.125000        0.419445        0.157812    
    0.250000        0.187500        0.420064        0.289696    
    0.250000        0.250000        0.340800        0.361430    
    0.250000        0.312500        0.241954        0.334448    
    0.250000        0.375000        0.171523        0.305661    
    0.250000        0.437500        0.124802        0.276619    
    0.250000        0.500000        0.100180        0.238716    
    0.250000        0.562500        0.877309E-01    0.188476    
    0.250000        0.625000        0.891525E-01    0.152764    
    0.250000        0.687500        0.864080E-01    0.106755    
    0.250000        0.750000        0.932811E-01    0.787935E-01
    0.250000        0.812500        0.741585E-01    0.375947E-01
    0.250000        0.875000        0.524833E-01    0.144765E-01
    0.250000        0.937500        0.304038E-01   -0.334829E-02
    0.250000         1.00000         0.00000         0.00000    
    0.312500         0.00000         0.00000         0.00000    
    0.312500        0.625000E-01    0.192738        0.376381E-01
    0.312500        0.125000        0.314555        0.114304    
    0.312500        0.187500        0.334011        0.215570    
    0.312500        0.250000        0.308035        0.283765    
    0.312500        0.312500        0.249812        0.293273    
    0.312500        0.375000        0.201846        0.292486    
    0.312500        0.437500        0.161673        0.273712    
    0.312500        0.500000        0.139480        0.248180    
    0.312500        0.562500        0.127631        0.201116    
    0.312500        0.625000        0.135952        0.167063    
    0.312500        0.687500        0.128836        0.118966    
    0.312500        0.750000        0.138384        0.909081E-01
    0.312500        0.812500        0.108205        0.502969E-01
    0.312500        0.875000        0.720461E-01    0.172399E-01
    0.312500        0.937500        0.465396E-01    0.167609E-01
    0.312500         1.00000         0.00000         0.00000    
    0.375000         0.00000         0.00000         0.00000    
    0.375000        0.625000E-01    0.135940        0.256463E-01
    0.375000        0.125000        0.227621        0.853230E-01
    0.375000        0.187500        0.266156        0.158522    
    0.375000        0.250000        0.262639        0.216395    
    0.375000        0.312500        0.235390        0.245438    
    0.375000        0.375000        0.207662        0.259107    
    0.375000        0.437500        0.182768        0.248117    
    0.375000        0.500000        0.169315        0.231701    
    0.375000        0.562500        0.165262        0.188929    
    0.375000        0.625000        0.173538        0.159142    
    0.375000        0.687500        0.173246        0.105343    
    0.375000        0.750000        0.169015        0.807053E-01
    0.375000        0.812500        0.137818        0.321327E-01
    0.375000        0.875000        0.944087E-01    0.101994E-01
    0.375000        0.937500        0.488612E-01   -0.954438E-02
    0.375000         1.00000         0.00000         0.00000    
    0.437500         0.00000         0.00000         0.00000    
    0.437500        0.625000E-01    0.941315E-01    0.185602E-01
    0.437500        0.125000        0.166260        0.627542E-01
    0.437500        0.187500        0.205046        0.120967    
    0.437500        0.250000        0.215605        0.171544    
    0.437500        0.312500        0.210030        0.206472    
    0.437500        0.375000        0.199619        0.228279    
    0.437500        0.437500        0.191215        0.230028    
    0.437500        0.500000        0.191399        0.225414    
    0.437500        0.562500        0.197938        0.196575    
    0.437500        0.625000        0.214356        0.174203    
    0.437500        0.687500        0.213276        0.128132    
    0.437500        0.750000        0.209006        0.100371    
    0.437500        0.812500        0.169382        0.579363E-01
    0.437500        0.875000        0.115543        0.193901E-01
    0.437500        0.937500        0.614704E-01    0.184762E-01
    0.437500         1.00000         0.00000         0.00000    
    0.500000         0.00000         0.00000         0.00000    
    0.500000        0.625000E-01    0.643013E-01    0.127431E-01
    0.500000        0.125000        0.118103        0.468206E-01
    0.500000        0.187500        0.154743        0.904279E-01
    0.500000        0.250000        0.172998        0.134477    
    0.500000        0.312500        0.179669        0.167786    
    0.500000        0.375000        0.183069        0.194239    
    0.500000        0.437500        0.188817        0.200406    
    0.500000        0.500000        0.202477        0.205186    
    0.500000        0.562500        0.223553        0.179962    
    0.500000        0.625000        0.245328        0.167280    
    0.500000        0.687500        0.256873        0.116869    
    0.500000        0.750000        0.244408        0.984200E-01
    0.500000        0.812500        0.206541        0.458041E-01
    0.500000        0.875000        0.142671        0.192984E-01
    0.500000        0.937500        0.715089E-01   -0.674531E-02
    0.500000         1.00000         0.00000         0.00000    
    0.562500         0.00000         0.00000         0.00000    
    0.562500        0.625000E-01    0.424184E-01    0.986213E-02
    0.562500        0.125000        0.827042E-01    0.361792E-01
    0.562500        0.187500        0.114290        0.721853E-01
    0.562500        0.250000        0.135028        0.109495    
    0.562500        0.312500        0.149626        0.143996    
    0.562500        0.375000        0.161516        0.173030    
    0.562500        0.437500        0.179405        0.190931    
    0.562500        0.500000        0.202677        0.206330    
    0.562500        0.562500        0.234202        0.203828    
    0.562500        0.625000        0.267267        0.198993    
    0.562500        0.687500        0.284993        0.170004    
    0.562500        0.750000        0.280862        0.140038    
    0.562500        0.812500        0.241025        0.949939E-01
    0.562500        0.875000        0.174753        0.404079E-01
    0.562500        0.937500        0.880279E-01    0.248294E-01
    0.562500         1.00000         0.00000         0.00000    
    0.625000         0.00000         0.00000         0.00000    
    0.625000        0.625000E-01    0.259266E-01    0.660177E-02
    0.625000        0.125000        0.541732E-01    0.267706E-01
    0.625000        0.187500        0.797927E-01    0.535232E-01
    0.625000        0.250000        0.100392        0.858363E-01
    0.625000        0.312500        0.119038        0.115052    
    0.625000        0.375000        0.138519        0.148367    
    0.625000        0.437500        0.167193        0.166693    
    0.625000        0.500000        0.198349        0.192996    
    0.625000        0.562500        0.242138        0.192108    
    0.625000        0.625000        0.283836        0.209994    
    0.625000        0.687500        0.323400        0.178264    
    0.625000        0.750000        0.323224        0.164005    
    0.625000        0.812500        0.296640        0.105465    
    0.625000        0.875000        0.222512        0.552274E-01
    0.625000        0.937500        0.122277        0.942283E-02
    0.625000         1.00000         0.00000         0.00000    
    0.687500         0.00000         0.00000         0.00000    
    0.687500        0.625000E-01    0.139743E-01    0.502924E-02
    0.687500        0.125000        0.331160E-01    0.202359E-01
    0.687500        0.187500        0.521060E-01    0.416351E-01
    0.687500        0.250000        0.696778E-01    0.685063E-01
    0.687500        0.312500        0.869959E-01    0.981839E-01
    0.687500        0.375000        0.106611        0.135225    
    0.687500        0.437500        0.134991        0.167793    
    0.687500        0.500000        0.170063        0.200016    
    0.687500        0.562500        0.212865        0.232941    
    0.687500        0.625000        0.271457        0.263520    
    0.687500        0.687500        0.330746        0.258447    
    0.687500        0.750000        0.359488        0.227497    
    0.687500        0.812500        0.341369        0.176346    
    0.687500        0.875000        0.282505        0.857245E-01
    0.687500        0.937500        0.157707        0.363639E-01
    0.687500         1.00000         0.00000         0.00000    
    0.750000         0.00000         0.00000         0.00000    
    0.750000        0.625000E-01    0.603990E-02    0.226411E-02
    0.750000        0.125000        0.175838E-01    0.122563E-01
    0.750000        0.187500        0.307504E-01    0.253920E-01
    0.750000        0.250000        0.437493E-01    0.466558E-01
    0.750000        0.312500        0.580505E-01    0.685249E-01
    0.750000        0.375000        0.733928E-01    0.106521    
    0.750000        0.437500        0.965260E-01    0.139029    
    0.750000        0.500000        0.123266        0.181092    
    0.750000        0.562500        0.169065        0.225590    
    0.750000        0.625000        0.244108        0.287333    
    0.750000        0.687500        0.351381        0.294518    
    0.750000        0.750000        0.412109        0.273363    
    0.750000        0.812500        0.430203        0.205222    
    0.750000        0.875000        0.368665        0.118050    
    0.750000        0.937500        0.234237        0.423855E-01
    0.750000         1.00000         0.00000         0.00000    
    0.812500         0.00000         0.00000         0.00000    
    0.812500        0.625000E-01    0.153336E-02    0.139764E-02
    0.812500        0.125000        0.801741E-02    0.779655E-02
    0.812500        0.187500        0.152000E-01    0.168074E-01
    0.812500        0.250000        0.234263E-01    0.325380E-01
    0.812500        0.312500        0.306743E-01    0.510957E-01
    0.812500        0.375000        0.405142E-01    0.826619E-01
    0.812500        0.437500        0.502418E-01    0.113984    
    0.812500        0.500000        0.720158E-01    0.144840    
    0.812500        0.562500        0.109030        0.199790    
    0.812500        0.625000        0.183325        0.303831    
    0.812500        0.687500        0.323208        0.341993    
    0.812500        0.750000        0.451980        0.314218    
    0.812500        0.812500        0.497115        0.255644    
    0.812500        0.875000        0.465056        0.137212    
    0.812500        0.937500        0.303992        0.513865E-01
    0.812500         1.00000         0.00000         0.00000    
    0.875000         0.00000         0.00000         0.00000    
    0.875000        0.625000E-01   -0.270778E-03   -0.146713E-03
    0.875000        0.125000        0.276642E-02    0.225264E-02
    0.875000        0.187500        0.693275E-02    0.547781E-02
    0.875000        0.250000        0.112593E-01    0.153613E-01
    0.875000        0.312500        0.173261E-01    0.247763E-01
    0.875000        0.375000        0.205593E-01    0.473917E-01
    0.875000        0.437500        0.283766E-01    0.619884E-01
    0.875000        0.500000        0.356297E-01    0.779425E-01
    0.875000        0.562500        0.765501E-01    0.111684    
    0.875000        0.625000        0.152406        0.237388    
    0.875000        0.687500        0.332636        0.279214    
    0.875000        0.750000        0.490895        0.316078    
    0.875000        0.812500        0.629099        0.239530    
    0.875000        0.875000        0.589400        0.136986    
    0.875000        0.937500        0.382439        0.432579E-01
    0.875000         1.00000         0.00000         0.00000    
    0.937500         0.00000         0.00000         0.00000    
    0.937500        0.625000E-01   -0.188146E-03   -0.188146E-03
    0.937500        0.125000        0.830694E-03    0.534666E-03
    0.937500        0.187500        0.129154E-02    0.177119E-02
    0.937500        0.250000        0.286172E-02    0.736683E-02
    0.937500        0.312500        0.338780E-02    0.122745E-01
    0.937500        0.375000        0.553165E-02    0.227047E-01
    0.937500        0.437500        0.182038E-02    0.305342E-01
    0.937500        0.500000        0.400456E-02    0.317824E-01
    0.937500        0.562500        0.283890E-02    0.625014E-01
    0.937500        0.625000        0.573660E-01    0.187773    
    0.937500        0.687500        0.171325        0.271957    
    0.937500        0.750000        0.517939        0.277207    
    0.937500        0.812500        0.705738        0.228244    
    0.937500        0.875000        0.680935        0.994922E-01
    0.937500        0.937500        0.456711        0.258064E-01
    0.937500         1.00000         0.00000         0.00000    
     1.00000         0.00000         0.00000         0.00000    
     1.00000        0.625000E-01     0.00000         0.00000    
     1.00000        0.125000         0.00000         0.00000    
     1.00000        0.187500         0.00000         0.00000    
     1.00000        0.250000         0.00000         0.00000    
     1.00000        0.312500         0.00000         0.00000    
     1.00000        0.375000         0.00000         0.00000    
     1.00000        0.437500         0.00000         0.00000    
     1.00000        0.500000         0.00000         0.00000    
     1.00000        0.562500         0.00000         0.00000    
     1.00000        0.625000         0.00000         0.00000    
     1.00000        0.687500         0.00000         0.00000    
     1.00000        0.750000        0.681955         0.00000    
     1.00000        0.812500        0.835945         0.00000    
     1.00000        0.875000        0.697750         0.00000    
     1.00000        0.937500        0.466180         0.00000    
     1.00000         1.00000         0.00000         0.00000    
