     0.00000         0.00000         0.00000         0.00000    
     0.00000        0.625000E-01    0.750000         0.00000    
     0.00000        0.125000         1.00000         0.00000    
     0.00000        0.187500        0.750000         0.00000    
     0.00000        0.250000         0.00000         0.00000    
     0.00000        0.312500         0.00000         0.00000    
     0.00000        0.375000         0.00000         0.00000    
     0.00000        0.437500         0.00000         0.00000    
     0.00000        0.500000         0.00000         0.00000    
     0.00000        0.562500         0.00000         0.00000    
     0.00000        0.625000         0.00000         0.00000    
     0.00000        0.687500         0.00000         0.00000    
     0.00000        0.750000         0.00000         0.00000    
     0.00000        0.812500         0.00000         0.00000    
     0.00000        0.875000         0.00000         0.00000    
     0.00000        0.937500         0.00000         0.00000    
     0.00000         1.00000         0.00000         0.00000    
    0.625000E-01     0.00000         0.00000         0.00000    
    0.625000E-01    0.625000E-01    0.683617        0.795661E-01
    0.625000E-01    0.125000        0.916888        0.196602    
    0.625000E-01    0.187500        0.626728        0.379821    
    0.625000E-01    0.250000        0.194698        0.380478    
    0.625000E-01    0.312500        0.492036E-01    0.187869    
    0.625000E-01    0.375000        0.133693E-01    0.118641    
    0.625000E-01    0.437500        0.406418E-02    0.102339    
    0.625000E-01    0.500000        0.918964E-02    0.847151E-01
    0.625000E-01    0.562500        0.376777E-02    0.714267E-01
    0.625000E-01    0.625000        0.951490E-02    0.607712E-01
    0.625000E-01    0.687500        0.454165E-03    0.474851E-01
    0.625000E-01    0.750000        0.126665E-01    0.341958E-01
    0.625000E-01    0.812500        0.247057E-02    0.204403E-01
    0.625000E-01    0.875000        0.527253E-02    0.810732E-02
    0.625000E-01    0.937500        0.266384E-02    0.266384E-02
    0.625000E-01     1.00000         0.00000         0.00000    
    0.125000         0.00000         0.00000         0.00000    
    0.125000        0.625000E-01    0.540215        0.952781E-01
    0.125000        0.125000        0.729991        0.252557    
    0.125000        0.187500        0.621748        0.403265    
    0.125000        0.250000        0.339490        0.427932    
    0.125000        0.312500        0.138463        0.305478    
    0.125000        0.375000        0.637037E-01    0.229178    
    0.125000        0.437500        0.394491E-01    0.197533    
    0.125000        0.500000        0.317284E-01    0.161548    
    0.125000        0.562500        0.286451E-01    0.132627    
    0.125000        0.625000        0.278116E-01    0.107066    
    0.125000        0.687500        0.272652E-01    0.837624E-01
    0.125000        0.750000        0.314236E-01    0.591763E-01
    0.125000        0.812500        0.248755E-01    0.358211E-01
    0.125000        0.875000        0.168473E-01    0.157917E-01
    0.125000        0.937500        0.102043E-01    0.487962E-02
    0.125000         1.00000         0.00000         0.00000    
    0.187500         0.00000         0.00000         0.00000    
    0.187500        0.625000E-01    0.385887        0.783810E-01
    0.187500        0.125000        0.549032        0.209367    
    0.187500        0.187500        0.498617        0.349070    
    0.187500        0.250000        0.347502        0.396883    
    0.187500        0.312500        0.214087        0.338903    
    0.187500        0.375000        0.137488        0.288909    
    0.187500        0.437500        0.904709E-01    0.249023    
    0.187500        0.500000        0.667534E-01    0.211196    
    0.187500        0.562500        0.518266E-01    0.168496    
    0.187500        0.625000        0.561145E-01    0.136347    
    0.187500        0.687500        0.481596E-01    0.100801    
    0.187500        0.750000        0.629802E-01    0.735938E-01
    0.187500        0.812500        0.453133E-01    0.421024E-01
    0.187500        0.875000        0.304687E-01    0.171955E-01
    0.187500        0.937500        0.223918E-01    0.940192E-02
    0.187500         1.00000         0.00000         0.00000    
    0.250000         0.00000         0.00000         0.00000    
    0.250000        0.625000E-01    0.280075        0.524087E-01
    0.250000        0.125000        0.412150        0.159428    
    0.250000        0.187500        0.422052        0.268500    
    0.250000        0.250000        0.342061        0.327501    
    0.250000        0.312500        0.246124        0.326567    
    0.250000        0.375000        0.179413        0.302628    
    0.250000        0.437500        0.132309        0.265375    
    0.250000        0.500000        0.103892        0.229465    
    0.250000        0.562500        0.896292E-01    0.184598    
    0.250000        0.625000        0.892677E-01    0.148515    
    0.250000        0.687500        0.857198E-01    0.105948    
    0.250000        0.750000        0.894079E-01    0.765190E-01
    0.250000        0.812500        0.710346E-01    0.389021E-01
    0.250000        0.875000        0.496933E-01    0.153369E-01
    0.250000        0.937500        0.280097E-01   -0.133606E-02
    0.250000         1.00000         0.00000         0.00000    
    0.312500         0.00000         0.00000         0.00000    
    0.312500        0.625000E-01    0.194988        0.354814E-01
    0.312500        0.125000        0.311003        0.114075    
    0.312500        0.187500        0.341302        0.205818    
    0.312500        0.250000        0.310375        0.265696    
    0.312500        0.312500        0.253811        0.288685    
    0.312500        0.375000        0.201743        0.286846    
    0.312500        0.437500        0.162218        0.262435    
    0.312500        0.500000        0.140259        0.236269    
    0.312500        0.562500        0.127596        0.195175    
    0.312500        0.625000        0.134139        0.161140    
    0.312500        0.687500        0.125550        0.116064    
    0.312500        0.750000        0.131569        0.872710E-01
    0.312500        0.812500        0.102946        0.492709E-01
    0.312500        0.875000        0.689645E-01    0.176251E-01
    0.312500        0.937500        0.434369E-01    0.149252E-01
    0.312500         1.00000         0.00000         0.00000    
    0.375000         0.00000         0.00000         0.00000    
    0.375000        0.625000E-01    0.138219        0.250013E-01
    0.375000        0.125000        0.230799        0.842053E-01
    0.375000        0.187500        0.272268        0.154967    
    0.375000        0.250000        0.268428        0.210588    
    0.375000        0.312500        0.240163        0.240732    
    0.375000        0.375000        0.208045        0.253108    
    0.375000        0.437500        0.181729        0.239294    
    0.375000        0.500000        0.168685        0.223487    
    0.375000        0.562500        0.164427        0.186464    
    0.375000        0.625000        0.170085        0.156899    
    0.375000        0.687500        0.168352        0.107683    
    0.375000        0.750000        0.161935        0.816025E-01
    0.375000        0.812500        0.132360        0.371725E-01
    0.375000        0.875000        0.913353E-01    0.131935E-01
    0.375000        0.937500        0.477266E-01   -0.625384E-02
    0.375000         1.00000         0.00000         0.00000    
    0.437500         0.00000         0.00000         0.00000    
    0.437500        0.625000E-01    0.982984E-01    0.182828E-01
    0.437500        0.125000        0.172181        0.629729E-01
    0.437500        0.187500        0.212925        0.120664    
    0.437500        0.250000        0.222883        0.170454    
    0.437500        0.312500        0.215367        0.205636    
    0.437500        0.375000        0.201394        0.225186    
    0.437500        0.437500        0.191739        0.225856    
    0.437500        0.500000        0.190649        0.219333    
    0.437500        0.562500        0.195107        0.194495    
    0.437500        0.625000        0.207730        0.170997    
    0.437500        0.687500        0.205639        0.128692    
    0.437500        0.750000        0.200134        0.999347E-01
    0.437500        0.812500        0.163851        0.598636E-01
    0.437500        0.875000        0.113323        0.209323E-01
    0.437500        0.937500        0.613644E-01    0.176018E-01
    0.437500         1.00000         0.00000         0.00000    
    0.500000         0.00000         0.00000         0.00000    
    0.500000        0.625000E-01    0.681685E-01    0.131850E-01
    0.500000        0.125000        0.124515        0.475863E-01
    0.500000        0.187500        0.162626        0.912158E-01
    0.500000        0.250000        0.180717        0.135524    
    0.500000        0.312500        0.186032        0.168342    
    0.500000        0.375000        0.187051        0.194229    
    0.500000        0.437500        0.190921        0.199796    
    0.500000        0.500000        0.202014        0.204124    
    0.500000        0.562500        0.220386        0.181609    
    0.500000        0.625000        0.237678        0.168744    
    0.500000        0.687500        0.247442        0.123421    
    0.500000        0.750000        0.235607        0.102403    
    0.500000        0.812500        0.201118        0.529992E-01
    0.500000        0.875000        0.141848        0.226431E-01
    0.500000        0.937500        0.728892E-01   -0.371509E-02
    0.500000         1.00000         0.00000         0.00000    
    0.562500         0.00000         0.00000         0.00000    
    0.562500        0.625000E-01    0.456715E-01    0.101974E-01
    0.562500        0.125000        0.881788E-01    0.372541E-01
    0.562500        0.187500        0.121027        0.736300E-01
    0.562500        0.250000        0.142323        0.111810    
    0.562500        0.312500        0.155774        0.146707    
    0.562500        0.375000        0.166114        0.175667    
    0.562500        0.437500        0.181369        0.193995    
    0.562500        0.500000        0.201382        0.207807    
    0.562500        0.562500        0.229039        0.206143    
    0.562500        0.625000        0.257851        0.199710    
    0.562500        0.687500        0.274925        0.172090    
    0.562500        0.750000        0.272138        0.140698    
    0.562500        0.812500        0.237239        0.966901E-01
    0.562500        0.875000        0.175747        0.406815E-01
    0.562500        0.937500        0.912245E-01    0.239188E-01
    0.562500         1.00000         0.00000         0.00000    
    0.625000         0.00000         0.00000         0.00000    
    0.625000        0.625000E-01    0.286911E-01    0.680219E-02
    0.625000        0.125000        0.589240E-01    0.277463E-01
    0.625000        0.187500        0.858020E-01    0.550753E-01
    0.625000        0.250000        0.106859        0.886015E-01
    0.625000        0.312500        0.124646        0.118482    
    0.625000        0.375000        0.142462        0.152463    
    0.625000        0.437500        0.168284        0.171819    
    0.625000        0.500000        0.195779        0.198240    
    0.625000        0.562500        0.235703        0.200301    
    0.625000        0.625000        0.273798        0.214598    
    0.625000        0.687500        0.311604        0.186610    
    0.625000        0.750000        0.314580        0.166389    
    0.625000        0.812500        0.291497        0.109761    
    0.625000        0.875000        0.223193        0.562783E-01
    0.625000        0.937500        0.124183        0.111469E-01
    0.625000         1.00000         0.00000         0.00000    
    0.687500         0.00000         0.00000         0.00000    
    0.687500        0.625000E-01    0.161528E-01    0.524915E-02
    0.687500        0.125000        0.370690E-01    0.215370E-01
    0.687500        0.187500        0.571649E-01    0.438141E-01
    0.687500        0.250000        0.753645E-01    0.719786E-01
    0.687500        0.312500        0.917693E-01    0.102575    
    0.687500        0.375000        0.110034        0.139639    
    0.687500        0.437500        0.135742        0.172175    
    0.687500        0.500000        0.167795        0.203782    
    0.687500        0.562500        0.209167        0.234496    
    0.687500        0.625000        0.263624        0.261513    
    0.687500        0.687500        0.322631        0.254766    
    0.687500        0.750000        0.353292        0.222377    
    0.687500        0.812500        0.339556        0.170543    
    0.687500        0.875000        0.283844        0.833139E-01
    0.687500        0.937500        0.161652        0.348270E-01
    0.687500         1.00000         0.00000         0.00000    
    0.750000         0.00000         0.00000         0.00000    
    0.750000        0.625000E-01    0.762179E-02    0.256042E-02
    0.750000        0.125000        0.205015E-01    0.135305E-01
    0.750000        0.187500        0.346400E-01    0.277782E-01
    0.750000        0.250000        0.481278E-01    0.504334E-01
    0.750000        0.312500        0.623872E-01    0.733953E-01
    0.750000        0.375000        0.770778E-01    0.111796    
    0.750000        0.437500        0.999005E-01    0.143687    
    0.750000        0.500000        0.125038        0.184774    
    0.750000        0.562500        0.169710        0.225968    
    0.750000        0.625000        0.241520        0.283986    
    0.750000        0.687500        0.345307        0.289909    
    0.750000        0.750000        0.406568        0.267832    
    0.750000        0.812500        0.426398        0.200314    
    0.750000        0.875000        0.366339        0.115240    
    0.750000        0.937500        0.233910        0.405350E-01
    0.750000         1.00000         0.00000         0.00000    
    0.812500         0.00000         0.00000         0.00000    
    0.812500        0.625000E-01    0.246141E-02    0.171604E-02
    0.812500        0.125000        0.985369E-02    0.904818E-02
    0.812500        0.187500        0.176014E-01    0.191824E-01
    0.812500        0.250000        0.263031E-01    0.362060E-01
    0.812500        0.312500        0.335434E-01    0.562330E-01
    0.812500        0.375000        0.434698E-01    0.889453E-01
    0.812500        0.437500        0.542886E-01    0.120665    
    0.812500        0.500000        0.755015E-01    0.151136    
    0.812500        0.562500        0.111621        0.205310    
    0.812500        0.625000        0.184007        0.303465    
    0.812500        0.687500        0.318956        0.341243    
    0.812500        0.750000        0.446592        0.313256    
    0.812500        0.812500        0.494923        0.251424    
    0.812500        0.875000        0.458527        0.137054    
    0.812500        0.937500        0.304173        0.530381E-01
    0.812500         1.00000         0.00000         0.00000    
    0.875000         0.00000         0.00000         0.00000    
    0.875000        0.625000E-01    0.178980E-03    0.111144E-03
    0.875000        0.125000        0.366786E-02    0.314925E-02
    0.875000        0.187500        0.823312E-02    0.732687E-02
    0.875000        0.250000        0.128062E-01    0.183034E-01
    0.875000        0.312500        0.192348E-01    0.291154E-01
    0.875000        0.375000        0.226047E-01    0.534443E-01
    0.875000        0.437500        0.304997E-01    0.699918E-01
    0.875000        0.500000        0.367984E-01    0.869832E-01
    0.875000        0.562500        0.736808E-01    0.125182    
    0.875000        0.625000        0.146951        0.248390    
    0.875000        0.687500        0.320149        0.297418    
    0.875000        0.750000        0.485098        0.323827    
    0.875000        0.812500        0.622975        0.245505    
    0.875000        0.875000        0.584892        0.137878    
    0.875000        0.937500        0.381532        0.429897E-01
    0.875000         1.00000         0.00000         0.00000    
    0.937500         0.00000         0.00000         0.00000    
    0.937500        0.625000E-01   -0.108983E-03   -0.108983E-03
    0.937500        0.125000        0.106470E-02    0.920031E-03
    0.937500        0.187500        0.155076E-02    0.272116E-02
    0.937500        0.250000        0.324762E-02    0.901876E-02
    0.937500        0.312500        0.392413E-02    0.148257E-01
    0.937500        0.375000        0.628044E-02    0.265513E-01
    0.937500        0.437500        0.254332E-02    0.355563E-01
    0.937500        0.500000        0.436155E-02    0.362917E-01
    0.937500        0.562500        0.148631E-02    0.690683E-01
    0.937500        0.625000        0.538700E-01    0.192804    
    0.937500        0.687500        0.180196        0.275659    
    0.937500        0.750000        0.522605        0.278827    
    0.937500        0.812500        0.707233        0.227317    
    0.937500        0.875000        0.678105        0.978519E-01
    0.937500        0.937500        0.454005        0.213818E-01
    0.937500         1.00000         0.00000         0.00000    
     1.00000         0.00000         0.00000         0.00000    
     1.00000        0.625000E-01     0.00000         0.00000    
     1.00000        0.125000         0.00000         0.00000    
     1.00000        0.187500         0.00000         0.00000    
     1.00000        0.250000         0.00000         0.00000    
     1.00000        0.312500         0.00000         0.00000    
     1.00000        0.375000         0.00000         0.00000    
     1.00000        0.437500         0.00000         0.00000    
     1.00000        0.500000         0.00000         0.00000    
     1.00000        0.562500         0.00000         0.00000    
     1.00000        0.625000         0.00000         0.00000    
     1.00000        0.687500         0.00000         0.00000    
     1.00000        0.750000        0.689691         0.00000    
     1.00000        0.812500        0.835726         0.00000    
     1.00000        0.875000        0.694410         0.00000    
     1.00000        0.937500        0.467062         0.00000    
     1.00000         1.00000         0.00000         0.00000    
