        0.0000000000000000        0.0000000000000000
        0.1666666666666667        0.0000000000000000
        0.3333333333333333        0.0000000000000000
        0.5000000000000000        0.0000000000000000
        0.6666666666666666        0.0000000000000000
        0.8333333333333334        0.0000000000000000
        1.0000000000000000        0.0000000000000000
        0.0000000000000000        0.1666666666666667
        0.1666666666666667        0.1666666666666667
        0.3333333333333333        0.1666666666666667
        0.5000000000000000        0.1666666666666667
        0.6666666666666666        0.1666666666666667
        0.8333333333333334        0.1666666666666667
        1.0000000000000000        0.1666666666666667
        0.0000000000000000        0.3333333333333333
        0.1666666666666667        0.3333333333333333
        0.3333333333333333        0.3333333333333333
        0.5000000000000000        0.3333333333333333
        0.6666666666666666        0.3333333333333333
        0.8333333333333334        0.3333333333333333
        1.0000000000000000        0.3333333333333333
        0.0000000000000000        0.5000000000000000
        0.1666666666666667        0.5000000000000000
        0.3333333333333333        0.5000000000000000
        0.5000000000000000        0.5000000000000000
        0.6666666666666666        0.5000000000000000
        0.8333333333333334        0.5000000000000000
        1.0000000000000000        0.5000000000000000
        0.0000000000000000        0.6666666666666666
        0.1666666666666667        0.6666666666666666
        0.3333333333333333        0.6666666666666666
        0.5000000000000000        0.6666666666666666
        0.6666666666666666        0.6666666666666666
        0.8333333333333334        0.6666666666666666
        1.0000000000000000        0.6666666666666666
        0.0000000000000000        0.8333333333333334
        0.1666666666666667        0.8333333333333334
        0.3333333333333333        0.8333333333333334
        0.5000000000000000        0.8333333333333334
        0.6666666666666666        0.8333333333333334
        0.8333333333333334        0.8333333333333334
        1.0000000000000000        0.8333333333333334
        0.0000000000000000        1.0000000000000000
        0.1666666666666667        1.0000000000000000
        0.3333333333333333        1.0000000000000000
        0.5000000000000000        1.0000000000000000
        0.6666666666666666        1.0000000000000000
        0.8333333333333334        1.0000000000000000
        1.0000000000000000        1.0000000000000000
