        0.0000000000000000
        0.1666666666666667
        0.3333333333333333
        0.5000000000000000
        0.6666666666666666
        0.8333333333333334
        1.0000000000000000
        0.0000000000000000
        0.4072459079577263
        0.7536314838674441
        0.9885371624633666
        1.0925397029046380
        1.0812912545056403
        1.0000000000000000
        0.0000000000000000
        0.5869648172007774
        1.0639801494308652
        1.3461711867720823
        1.4016313379592353
        1.2592063695713047
        1.0000000000000000
        0.0000000000000000
        0.6552038291300334
        1.1795045201054155
        1.4770743249267340
        1.5128378534387499
        1.3218704957967002
        1.0000000000000002
        0.0000000000000000
        0.5925397029046379
        1.0682980046259014
        1.3461711867720825
        1.3973134827641998
        1.2536314838674452
        1.0000000000000000
        0.0000000000000000
        0.4146245878389736
        0.7592063695713046
        0.9885371624633668
        1.0869648172007784
        1.0739125746243936
        1.0000000000000000
        0.0000000000000000
        0.1666666666666667
        0.3333333333333334
        0.5000000000000001
        0.6666666666666667
        0.8333333333333335
        1.0000000000000000
