             1             2             8
             9             8             2
             2             3             9
            10             9             3
             3             4            10
            11            10             4
             4             5            11
            12            11             5
             5             6            12
            13            12             6
             6             7            13
            14            13             7
             8             9            15
            16            15             9
             9            10            16
            17            16            10
            10            11            17
            18            17            11
            11            12            18
            19            18            12
            12            13            19
            20            19            13
            13            14            20
            21            20            14
            15            16            22
            23            22            16
            16            17            23
            24            23            17
            17            18            24
            25            24            18
            18            19            25
            26            25            19
            19            20            26
            27            26            20
            20            21            27
            28            27            21
            22            23            29
            30            29            23
            23            24            30
            31            30            24
            24            25            31
            32            31            25
            25            26            32
            33            32            26
            26            27            33
            34            33            27
            27            28            34
            35            34            28
            29            30            36
            37            36            30
            30            31            37
            38            37            31
            31            32            38
            39            38            32
            32            33            39
            40            39            33
            33            34            40
            41            40            34
            34            35            41
            42            41            35
            36            37            43
            44            43            37
            37            38            44
            45            44            38
            38            39            45
            46            45            39
            39            40            46
            47            46            40
            40            41            47
            48            47            41
            41            42            48
            49            48            42
