1Real unsymmetric assembled matrix based on IBM32                       RUA_32  
            36             3             8            13            12
RUA                       32            32           126             0
(16I5)          (16I5)          (10F7.1)            (10F7.1)            
  FGX                        2             0
    1    7   12   18   22   26   29   34   39   46   53   58   61   63   65   68
   71   74   79   82   85   88   90   94   97  102  106  110  112  117  121  124
  127
    1    2    3    4    7   26    1    2    9   21   28    2    3    6    8    9
   29    3    4    5   12    3    5   23   27    1    6   16    3    7   14   21
   31    1    8   12   17   27    7    9   10   13   19   23   27    1   10   11
   21   23   25   27    2   11   15   18   29    6   12   24   11   13    3   14
    2   15   20    4   16   22    4   16   17    6   10   18   20   30    1   19
   26    8   16   20    3   21   32   11   22    2   17   21   23   12   24   26
    6   15   18   24   25   13   18   22   26    5   24   26   27    9   28    3
    5   27   29   32   12   17   23   30   13   14   31   24   28   32101.000000102.000000103.000000104.000000107.000000126.000000201.000000202.000000209.000000221.000000
228.000000302.000000303.000000306.000000308.000000309.000000329.000000403.000000404.000000405.000000
412.000000503.000000505.000000523.000000527.000000601.000000606.000000616.000000703.000000707.000000
714.000000721.000000731.000000801.000000808.000000812.000000817.000000827.000000907.000000909.000000
910.000000913.000000919.000000923.000000927.0000001001.0000001010.0000001011.0000001021.0000001023.000000
1025.0000001027.0000001102.0000001111.0000001115.0000001118.0000001129.0000001206.0000001212.0000001224.000000
1311.0000001313.0000001403.0000001414.0000001502.0000001515.0000001520.0000001604.0000001616.0000001622.000000
1704.0000001716.0000001717.0000001806.0000001810.0000001818.0000001820.0000001830.0000001901.0000001919.000000
1926.0000002008.0000002016.0000002020.0000002103.0000002121.0000002132.0000002211.0000002222.0000002302.000000
2317.0000002321.0000002323.0000002412.0000002424.0000002426.0000002506.0000002515.0000002518.0000002524.000000
2525.0000002613.0000002618.0000002622.0000002626.0000002705.0000002724.0000002726.0000002727.0000002809.000000
2828.0000002903.0000002905.0000002927.0000002929.0000002932.0000003012.0000003017.0000003023.0000003030.000000
3113.0000003114.0000003131.0000003224.0000003228.0000003232.000000
1001.0000000.0000000.0000000.0000000.0000000.0000000.0000000.0000000.0000001010.000000
1011.0000000.0000000.0000000.0000000.0000000.0000000.0000000.0000000.0000000.000000
1021.0000000.0000001023.0000000.0000001025.0000000.0000001027.0000000.0000000.0000000.000000
0.0000000.0000004606.0000005512.0000008424.0000003816.0000006520.0000006430.0000001721.0000003124.000000
4236.0000003730.0000005644.0000007860.0000007952.0000005242.0000005145.0000005964.0000007868.0000008072.000000
2838.0000005360.0000006405.0000006466.0000007815.00000012120.0000003550.0000009830.0000008962.0000006284.000000
4387.0000004860.0000003862.0000008296.000000
1.0000001.0000001.0000001.0000001.0000001.0000001.0000001.0000001.0000001.000000
1.0000001.0000001.0000001.0000001.0000001.0000001.0000001.0000001.0000001.000000
1.0000001.0000001.0000001.0000001.0000001.0000001.0000001.0000001.0000001.000000
1.0000001.0000001.0000001.0000001.0000001.0000001.0000001.0000001.0000001.000000
1.0000001.0000001.0000001.0000001.0000001.0000001.0000001.0000001.0000001.000000
1.0000001.0000001.0000001.0000001.0000001.0000001.0000001.0000001.0000001.000000
1.0000001.0000001.0000001.000000
0.0000000.0000000.0000000.0000000.0000000.0000000.0000000.0000000.0000001.000000
0.0000000.0000000.0000000.0000000.0000000.0000000.0000000.0000000.0000000.000000
0.0000000.0000000.0000000.0000000.0000000.0000000.0000000.0000000.0000000.000000
0.0000000.0000001.0000001.0000001.0000001.0000001.0000001.0000001.0000001.000000
1.0000001.0000001.0000001.0000001.0000001.0000001.0000001.0000001.0000001.000000
1.0000001.0000001.0000001.0000001.0000001.0000001.0000001.0000001.0000001.000000
1.0000001.0000001.0000001.000000
