       -2.6519613568352334        0.0000000000000000
       -1.6735516287674714        0.0000000000000000
       -0.8162878828589647        0.0000000000000000
        0.0000000000000000        0.0000000000000000
        0.8162878828589647        0.0000000000000000
        1.6735516287674714        0.0000000000000000
        2.6519613568352334        0.0000000000000000
       -1.2247448713915889       -1.2247448713915889
        0.0000000000000000       -1.2247448713915889
        1.2247448713915889       -1.2247448713915889
       -1.2247448713915889        0.0000000000000000
        0.0000000000000000        0.0000000000000000
        1.2247448713915889        0.0000000000000000
       -1.2247448713915889        1.2247448713915889
        0.0000000000000000        1.2247448713915889
        1.2247448713915889        1.2247448713915889
        0.0000000000000000       -2.6519613568352334
        0.0000000000000000       -1.6735516287674714
        0.0000000000000000       -0.8162878828589647
        0.0000000000000000        0.0000000000000000
        0.0000000000000000        0.8162878828589647
        0.0000000000000000        1.6735516287674714
        0.0000000000000000        2.6519613568352334
       -4.4999907073093919        0.0000000000000000
       -3.6699503734044527        0.0000000000000000
       -2.9671669279056032        0.0000000000000000
       -2.3257324861738575        0.0000000000000000
       -1.7199925751864888        0.0000000000000000
       -1.1361155852109206        0.0000000000000000
       -0.5650695832555758        0.0000000000000000
        0.5650695832555758        0.0000000000000000
        1.1361155852109206        0.0000000000000000
        1.7199925751864888        0.0000000000000000
        2.3257324861738575        0.0000000000000000
        2.9671669279056032        0.0000000000000000
        3.6699503734044527        0.0000000000000000
        4.4999907073093919        0.0000000000000000
       -2.6519613568352334       -1.2247448713915889
       -1.6735516287674714       -1.2247448713915889
       -0.8162878828589647       -1.2247448713915889
        0.8162878828589647       -1.2247448713915889
        1.6735516287674714       -1.2247448713915889
        2.6519613568352334       -1.2247448713915889
       -2.6519613568352334        1.2247448713915889
       -1.6735516287674714        1.2247448713915889
       -0.8162878828589647        1.2247448713915889
        0.8162878828589647        1.2247448713915889
        1.6735516287674714        1.2247448713915889
        2.6519613568352334        1.2247448713915889
       -1.2247448713915889       -2.6519613568352334
        1.2247448713915889       -2.6519613568352334
       -1.2247448713915889       -1.6735516287674714
        1.2247448713915889       -1.6735516287674714
       -1.2247448713915889       -0.8162878828589647
        1.2247448713915889       -0.8162878828589647
       -1.2247448713915889        0.8162878828589647
        1.2247448713915889        0.8162878828589647
       -1.2247448713915889        1.6735516287674714
        1.2247448713915889        1.6735516287674714
       -1.2247448713915889        2.6519613568352334
        1.2247448713915889        2.6519613568352334
        0.0000000000000000       -4.4999907073093919
        0.0000000000000000       -3.6699503734044527
        0.0000000000000000       -2.9671669279056032
        0.0000000000000000       -2.3257324861738575
        0.0000000000000000       -1.7199925751864888
        0.0000000000000000       -1.1361155852109206
        0.0000000000000000       -0.5650695832555758
        0.0000000000000000        0.5650695832555758
        0.0000000000000000        1.1361155852109206
        0.0000000000000000        1.7199925751864888
        0.0000000000000000        2.3257324861738575
        0.0000000000000000        2.9671669279056032
        0.0000000000000000        3.6699503734044527
        0.0000000000000000        4.4999907073093919
