       -0.0005741458033715
       -0.0322087849007068
       -0.2514564046207126
        2.4784024095452750
       -0.2514564046207126
       -0.0322087849007068
       -0.0005741458033715
       -0.0872664625997165
       -0.1097064101253579
       -0.0872664625997165
       -0.1097064101253579
       -1.3962634015954638
       -0.1097064101253579
       -0.0872664625997165
       -0.1097064101253579
       -0.0872664625997165
       -0.0005741458033715
       -0.0322087849007068
       -0.2514564046207126
       -1.4361566416410485
       -0.2514564046207126
       -0.0322087849007068
       -0.0005741458033715
        0.0000000026985181
        0.0000018772334311
        0.0001772532569702
        0.0049239988187014
        0.0545561895683965
        0.2809142891283464
        0.7303018338409684
        0.7303018338409684
        0.2809142891283464
        0.0545561895683965
        0.0049239988187014
        0.0001772532569702
        0.0000018772334311
        0.0000000026985181
        0.0002870729016857
        0.0161043924503534
        0.1257282023103563
        0.1257282023103563
        0.0161043924503534
        0.0002870729016857
        0.0002870729016857
        0.0161043924503534
        0.1257282023103563
        0.1257282023103563
        0.0161043924503534
        0.0002870729016857
        0.0002870729016857
        0.0002870729016857
        0.0161043924503534
        0.0161043924503534
        0.1257282023103563
        0.1257282023103563
        0.1257282023103563
        0.1257282023103563
        0.0161043924503534
        0.0161043924503534
        0.0002870729016857
        0.0002870729016857
        0.0000000026985181
        0.0000018772334311
        0.0001772532569702
        0.0049239988187014
        0.0545561895683965
        0.2809142891283464
        0.7303018338409684
        0.7303018338409684
        0.2809142891283464
        0.0545561895683965
        0.0049239988187014
        0.0001772532569702
        0.0000018772334311
        0.0000000026985181
