      0.0000000000000001      0.0000000000000001
     -1.0000000000000000      0.0000000000000001
      1.0000000000000000      0.0000000000000001
      0.0000000000000001     -1.0000000000000000
      0.0000000000000001      1.0000000000000000
     -0.7071067811865475      0.0000000000000001
      0.7071067811865476      0.0000000000000001
     -1.0000000000000000     -1.0000000000000000
      1.0000000000000000     -1.0000000000000000
     -1.0000000000000000      1.0000000000000000
      1.0000000000000000      1.0000000000000000
      0.0000000000000001     -0.7071067811865475
      0.0000000000000001      0.7071067811865476
     -0.9238795325112867      0.0000000000000001
     -0.3826834323650897      0.0000000000000001
      0.3826834323650898      0.0000000000000001
      0.9238795325112867      0.0000000000000001
     -0.7071067811865475     -1.0000000000000000
      0.7071067811865476     -1.0000000000000000
     -0.7071067811865475      1.0000000000000000
      0.7071067811865476      1.0000000000000000
     -1.0000000000000000     -0.7071067811865475
      1.0000000000000000     -0.7071067811865475
     -1.0000000000000000      0.7071067811865476
      1.0000000000000000      0.7071067811865476
      0.0000000000000001     -0.9238795325112867
      0.0000000000000001     -0.3826834323650897
      0.0000000000000001      0.3826834323650898
      0.0000000000000001      0.9238795325112867
     -0.9807852804032304      0.0000000000000001
     -0.8314696123025453      0.0000000000000001
     -0.5555702330196020      0.0000000000000001
     -0.1950903220161282      0.0000000000000001
      0.1950903220161283      0.0000000000000001
      0.5555702330196023      0.0000000000000001
      0.8314696123025452      0.0000000000000001
      0.9807852804032304      0.0000000000000001
     -0.9238795325112867     -1.0000000000000000
     -0.3826834323650897     -1.0000000000000000
      0.3826834323650898     -1.0000000000000000
      0.9238795325112867     -1.0000000000000000
     -0.9238795325112867      1.0000000000000000
     -0.3826834323650897      1.0000000000000000
      0.3826834323650898      1.0000000000000000
      0.9238795325112867      1.0000000000000000
     -0.7071067811865475     -0.7071067811865475
      0.7071067811865476     -0.7071067811865475
     -0.7071067811865475      0.7071067811865476
      0.7071067811865476      0.7071067811865476
     -1.0000000000000000     -0.9238795325112867
      1.0000000000000000     -0.9238795325112867
     -1.0000000000000000     -0.3826834323650897
      1.0000000000000000     -0.3826834323650897
     -1.0000000000000000      0.3826834323650898
      1.0000000000000000      0.3826834323650898
     -1.0000000000000000      0.9238795325112867
      1.0000000000000000      0.9238795325112867
      0.0000000000000001     -0.9807852804032304
      0.0000000000000001     -0.8314696123025453
      0.0000000000000001     -0.5555702330196020
      0.0000000000000001     -0.1950903220161282
      0.0000000000000001      0.1950903220161283
      0.0000000000000001      0.5555702330196023
      0.0000000000000001      0.8314696123025452
      0.0000000000000001      0.9807852804032304
