   -1.0000000000    0.0000000000
   -0.9807852804    0.0000000000
   -0.9238795325    0.0000000000
   -0.8314696123    0.0000000000
   -0.7071067812    0.0000000000
   -0.5555702330    0.0000000000
   -0.3826834324    0.0000000000
   -0.1950903220    0.0000000000
    0.0000000000    0.0000000000
    0.1950903220    0.0000000000
    0.3826834324    0.0000000000
    0.5555702330    0.0000000000
    0.7071067812    0.0000000000
    0.8314696123    0.0000000000
    0.9238795325    0.0000000000
    0.9807852804    0.0000000000
    1.0000000000    0.0000000000
