#  p01_nodes.txt
#  created by TABLE_IO.M
#  at 05-Jul-2008 14:22:39
#
#  Spatial dimension M = 2
#  Number of points N = 362
#  EPSILON (unit roundoff) = 2.220446e-16
#
     -0.999833       -0.018260  
     -0.995651        0.093159  
     -0.992567       -0.121700  
     -0.980563        0.196206  
     -0.976315       -0.216352  
     -0.956968        0.290193  
     -0.946592       -0.322433  
     -0.919815        0.034119  
     -0.918651        0.395070  
     -0.908023       -0.418921  
     -0.903061       -0.063429  
     -0.896403        0.130634  
     -0.885766       -0.245136  
     -0.872802       -0.152470  
     -0.871387        0.490596  
     -0.866488        0.311034  
     -0.860658       -0.509184  
     -0.860345        0.218078  
     -0.841551       -0.336668  
     -0.832067        0.031669  
     -0.816480        0.400135  
     -0.814344        0.580382  
     -0.805725       -0.592290  
     -0.800468       -0.064089  
     -0.797399       -0.425119  
     -0.794366        0.126151  
     -0.791610       -0.238447  
     -0.774040        0.300462  
     -0.766776        0.486166  
     -0.754792       -0.150049  
     -0.747373        0.664405  
     -0.745917       -0.510077  
     -0.745007       -0.667056  
     -0.744456        0.211033  
     -0.739614       -0.331445  
     -0.736292        0.030026  
     -0.716467        0.392048  
     -0.710682        0.568662  
     -0.692973       -0.061863  
     -0.689100       -0.421033  
     -0.688592       -0.238960  
     -0.687770        0.121216  
     -0.687128       -0.591547  
     -0.679903       -0.733302  
     -0.673150        0.299021  
     -0.667822        0.744321  
     -0.660806        0.481863  
     -0.650419        0.652105  
     -0.642184       -0.149931  
     -0.634167       -0.330296  
     -0.633582        0.209345  
     -0.633415       -0.507524  
     -0.633394        0.029265  
     -0.622972       -0.672449  
     -0.614031        0.391626  
     -0.609493       -0.792791  
     -0.603053        0.574442  
     -0.590262        0.807211  
     -0.584841       -0.061230  
     -0.582607       -0.239554  
     -0.580709        0.119944  
     -0.580162       -0.419900  
     -0.574055       -0.595590  
     -0.570205        0.300535  
     -0.565216        0.691154  
     -0.558373        0.487497  
     -0.536858       -0.843673  
     -0.534237       -0.708260  
     -0.532313       -0.150314  
     -0.528042        0.029323  
     -0.527394       -0.330383  
     -0.525958        0.210440  
     -0.524311       -0.510628  
     -0.513239        0.396522  
     -0.511766        0.595430  
     -0.502626        0.770263  
     -0.495399        0.868665  
     -0.477185       -0.060859  
     -0.476643       -0.613299  
     -0.475721       -0.240456  
     -0.474426        0.120455  
     -0.473045       -0.422145  
     -0.471141       -0.783084  
     -0.468037        0.304075  
     -0.462883        0.498307  
     -0.456934        0.686351  
     -0.452304       -0.891864  
     -0.424115       -0.150766  
     -0.422462       -0.519319  
     -0.422224        0.029914  
     -0.421352       -0.700344  
     -0.421154       -0.332268  
     -0.420672        0.212514  
     -0.415006        0.401160  
     -0.410582        0.592303  
     -0.408035        0.794800  
     -0.404389        0.914587  
     -0.375206       -0.805452  
     -0.370294       -0.060569  
     -0.370279       -0.928921  
     -0.369348       -0.609994  
     -0.369344       -0.241889  
     -0.369114       -0.426816  
     -0.369032        0.121525  
     -0.366462        0.306293  
     -0.363170        0.494245  
     -0.361320        0.692335  
     -0.329493        0.862014  
     -0.320533       -0.706971  
     -0.317274       -0.151362  
     -0.316622        0.030553  
     -0.316341       -0.518795  
     -0.316315       -0.334928  
     -0.316304        0.213618  
     -0.313933        0.588116  
     -0.313561        0.398427  
     -0.300946       -0.864669  
     -0.299907        0.776055  
     -0.294356        0.955696  
     -0.273526       -0.961865  
     -0.265329       -0.613072  
     -0.264177       -0.060453  
     -0.263938        0.122060  
     -0.263880       -0.243306  
     -0.263490       -0.427192  
     -0.262942        0.304906  
     -0.262759        0.490280  
     -0.261664        0.673386  
     -0.258331       -0.783550  
     -0.229453        0.876761  
     -0.211427       -0.520407  
     -0.211402       -0.151870  
     -0.211243        0.212996  
     -0.211173        0.030811  
     -0.211029        0.577814  
     -0.210873       -0.335332  
     -0.210769        0.395932  
     -0.208453        0.761421  
     -0.208084       -0.698731  
     -0.201091       -0.881397  
     -0.186674        0.982422  
     -0.179376       -0.983781  
     -0.159168        0.665364  
     -0.158664        0.484757  
     -0.158513       -0.060511  
     -0.158486        0.303620  
     -0.158469        0.121830  
     -0.158399       -0.427874  
     -0.158339       -0.243491  
     -0.156643       -0.610214  
     -0.152711       -0.794003  
     -0.148895        0.834341  
     -0.116781        0.922147  
     -0.106625        0.572981  
     -0.105864        0.393133  
     -0.105782        0.212542  
     -0.105689       -0.151887  
     -0.105638       -0.335497  
     -0.105625        0.030670  
     -0.104876       -0.519124  
     -0.102419       -0.704828  
     -0.102105       -0.895790  
     -0.101676        0.746446  
     -0.087139       -0.996196  
     -0.061839        0.998086  
     -0.053468        0.482029  
     -0.052870        0.121640  
     -0.052863        0.302692  
     -0.052863       -0.243515  
     -0.052824       -0.060556  
     -0.052655       -0.427038  
     -0.052051        0.657954  
     -0.051730       -0.612657  
     -0.050516       -0.803794  
     -0.050398        0.839561  
     -0.000001        0.925342  
     -0.000000       -0.903358  
     -0.000000       -0.708343  
     -0.000000       -0.519519  
     -0.000000       -0.335065  
      0.000000       -0.151973  
      0.000000        0.030655  
      0.000000       -1.000000  
      0.000000        0.212224  
      0.000000        0.392640  
      0.000000        0.569023  
      0.000001        0.748702  
      0.050399        0.839563  
      0.050516       -0.803794  
      0.051730       -0.612657  
      0.052052        0.657955  
      0.052655       -0.427038  
      0.052824       -0.060556  
      0.052863       -0.243515  
      0.052863        0.302692  
      0.052870        0.121640  
      0.053468        0.482029  
      0.061836        0.998086  
      0.087139       -0.996196  
      0.101677        0.746448  
      0.102105       -0.895790  
      0.102419       -0.704828  
      0.104876       -0.519124  
      0.105625        0.030670  
      0.105638       -0.335497  
      0.105689       -0.151887  
      0.105782        0.212542  
      0.105864        0.393133  
      0.106625        0.572981  
      0.116781        0.922151  
      0.148895        0.834345  
      0.152711       -0.794003  
      0.156643       -0.610214  
      0.158339       -0.243491  
      0.158399       -0.427874  
      0.158469        0.121830  
      0.158486        0.303620  
      0.158513       -0.060511  
      0.158664        0.484757  
      0.159168        0.665364  
      0.179376       -0.983781  
      0.186674        0.982422  
      0.201091       -0.881397  
      0.208084       -0.698731  
      0.208452        0.761422  
      0.210769        0.395932  
      0.210873       -0.335332  
      0.211029        0.577814  
      0.211173        0.030811  
      0.211243        0.212996  
      0.211402       -0.151870  
      0.211427       -0.520407  
      0.229454        0.876762  
      0.258331       -0.783550  
      0.261664        0.673387  
      0.262759        0.490280  
      0.262942        0.304906  
      0.263490       -0.427192  
      0.263880       -0.243306  
      0.263938        0.122060  
      0.264177       -0.060453  
      0.265329       -0.613072  
      0.273526       -0.961865  
      0.294357        0.955696  
      0.299907        0.776055  
      0.300946       -0.864669  
      0.313561        0.398427  
      0.313933        0.588116  
      0.316304        0.213618  
      0.316315       -0.334928  
      0.316341       -0.518795  
      0.316622        0.030553  
      0.317274       -0.151362  
      0.320533       -0.706971  
      0.329493        0.862013  
      0.361320        0.692335  
      0.363169        0.494245  
      0.366462        0.306293  
      0.369032        0.121525  
      0.369114       -0.426816  
      0.369344       -0.241889  
      0.369348       -0.609994  
      0.370279       -0.928921  
      0.370294       -0.060569  
      0.375206       -0.805452  
      0.404390        0.914587  
      0.408035        0.794800  
      0.410582        0.592303  
      0.415005        0.401160  
      0.420672        0.212514  
      0.421154       -0.332268  
      0.421352       -0.700344  
      0.422224        0.029914  
      0.422462       -0.519319  
      0.424115       -0.150766  
      0.452304       -0.891864  
      0.456934        0.686351  
      0.462883        0.498307  
      0.468037        0.304075  
      0.471141       -0.783084  
      0.473045       -0.422145  
      0.474426        0.120455  
      0.475721       -0.240456  
      0.476643       -0.613299  
      0.477185       -0.060859  
      0.495400        0.868665  
      0.502626        0.770263  
      0.511766        0.595429  
      0.513239        0.396522  
      0.524311       -0.510628  
      0.525958        0.210440  
      0.527394       -0.330383  
      0.528042        0.029323  
      0.532313       -0.150314  
      0.534237       -0.708260  
      0.536858       -0.843673  
      0.558373        0.487497  
      0.565216        0.691154  
      0.570205        0.300535  
      0.574055       -0.595590  
      0.580162       -0.419900  
      0.580709        0.119944  
      0.582607       -0.239554  
      0.584841       -0.061230  
      0.590263        0.807211  
      0.603053        0.574442  
      0.609493       -0.792791  
      0.614031        0.391626  
      0.622972       -0.672449  
      0.633394        0.029265  
      0.633415       -0.507524  
      0.633582        0.209345  
      0.634167       -0.330296  
      0.642184       -0.149931  
      0.650419        0.652105  
      0.660806        0.481863  
      0.667823        0.744321  
      0.673150        0.299021  
      0.679903       -0.733302  
      0.687128       -0.591547  
      0.687770        0.121216  
      0.688592       -0.238960  
      0.689100       -0.421033  
      0.692973       -0.061863  
      0.710682        0.568662  
      0.716467        0.392048  
      0.736292        0.030026  
      0.739614       -0.331445  
      0.744456        0.211033  
      0.745007       -0.667056  
      0.745917       -0.510077  
      0.747373        0.664405  
      0.754792       -0.150049  
      0.766776        0.486166  
      0.774040        0.300462  
      0.791610       -0.238447  
      0.794366        0.126151  
      0.797399       -0.425119  
      0.800468       -0.064089  
      0.805725       -0.592290  
      0.814344        0.580382  
      0.816480        0.400135  
      0.832067        0.031669  
      0.841551       -0.336668  
      0.860345        0.218078  
      0.860658       -0.509184  
      0.866488        0.311034  
      0.871387        0.490596  
      0.872802       -0.152470  
      0.885766       -0.245136  
      0.896403        0.130634  
      0.903061       -0.063429  
      0.908023       -0.418921  
      0.918651        0.395070  
      0.919815        0.034119  
      0.946592       -0.322433  
      0.956968        0.290193  
      0.976315       -0.216352  
      0.980563        0.196206  
      0.992567       -0.121700  
      0.995651        0.093159  
      0.999833       -0.018260  
