#  p01_triangles.txt
#  created by TABLE_IO.M
#  at 05-Jul-2008 14:22:39
#
#  Spatial dimension M = 3
#  Number of points N = 661
#
         264           252           241  
         241           218           231  
         273           252           264  
         198           210           222  
         244           222           233  
         233           222           210  
         226           219           208  
         198           165           176  
         176           210           198  
         225           233           211  
         211           233           210  
         122           145           134  
         122           134           111  
         111           134           123  
         122           111            99  
          99           111            90  
         296           295           280  
         183           199           177  
         177           164           183  
         177           162           164  
          22            38            31  
          12             4             2  
          70            90            81  
          24            30            39  
          45            64            55  
         355           351           343  
         355           361           351  
         362           361           355  
         231           218           206  
         182           170           193  
         170           181           193  
         181           206           193  
         193           206           218  
         253           241           231  
         264           241           253  
         343           351           337  
         327           321           310  
         310           324           327  
         343           337           327  
         327           337           321  
         252           273           259  
         352           355           343  
         352           360           362  
         362           355           352  
         245           233           225  
         267           286           266  
         210           176           188  
         188           211           210  
         187           188           175  
         175           188           176  
         200           188           187  
         211           188           200  
         225           211           200  
         200           220           225  
         159           145           170  
         159           134           145  
         159           170           182  
          81            90           104  
          90           111           104  
         104           111           123  
         170           145           157  
         157           181           170  
         136           124           113  
         113           124           102  
         122            99           110  
         102           124           110  
         101           112            89  
          83            68            67  
         322           328           336  
         313           328           322  
         323           313           301  
         328           313           323  
         276           296           280  
         139           129           151  
         340           346           331  
         331           320           340  
         340           320           330  
         331           346           338  
         338           323           331  
         328           323           338  
         319           330           309  
         330           320           309  
          76            77            58  
          46            65            58  
          58            65            76  
          48            31            38  
          48            65            46  
          46            31            48  
          21             9            16  
          50            35            40  
          25            40            35  
          32            40            25  
          36            24            39  
          42            36            53  
          53            36            39  
          51            64            45  
          30            27            41  
          41            35            50  
          41            27            35  
          92            71            82  
          92           113           102  
          80            92           102  
          71            92            80  
           8             2             1  
          12             2             8  
          74            55            64  
         351           361           359  
         354           348           342  
         261           283           275  
         275           253           261  
         264           253           275  
         283           294           275  
         182           193           204  
         204           193           218  
         229           241           252  
         218           241           229  
         229           204           218  
         216           204           229  
         310           321           302  
         321           312           302  
         329           312           321  
         321           337           329  
         240           259           249  
         216           229           240  
         252           259           240  
         240           229           252  
         282           259           273  
         244           233           255  
         233           245           255  
         255           266           244  
         255           245           267  
         267           266           255  
         197           208           219  
         209           197           219  
         186           197           209  
         166           197           186  
         130           141           119  
          97            77            96  
          96            77            76  
         225           220           235  
         235           245           225  
         182           204           196  
         216           207           196  
         196           204           216  
         156           146           133  
         169           146           156  
         132           157           145  
         132           145           122  
         122           110           132  
         132           110           124  
         149           124           136  
         149           132           124  
         157           132           149  
          89           112           103  
         103            82            89  
         103            92            82  
         113            92           103  
          79           101            89  
         109           129           139  
         112           101           121  
         121           109           139  
         101           109           121  
         344           336           328  
         328           338           344  
         322           336           333  
         301           313           292  
         311           323           301  
         311           301           290  
         311           320           331  
         331           323           311  
         295           296           307  
         319           309           307  
         307           309           295  
          15             9            21  
          18             4            12  
           6            16             9  
           4            18             6  
           6            18            16  
          19            25            35  
          35            27            19  
          10            19             7  
          25            19            10  
          61            70            81  
          61            53            70  
          42            53            61  
          61            51            42  
          30            24            14  
          14            27            30  
          78            99            90  
          90            70            78  
          26            36            42  
          26            18            12  
          24            36            20  
          36            26            20  
          12             8            20  
          20            26            12  
          29            47            38  
          29            15            21  
          29            38            22  
          22            15            29  
          55            47            37  
          45            55            37  
          37            29            21  
          47            29            37  
          57            48            38  
          38            47            57  
          75            65            57  
          65            48            57  
          66            47            55  
          55            74            66  
          66            57            47  
          75            57            66  
         304           324           310  
         303           313           322  
         303           292           313  
         303           294           283  
         283           292           303  
         231           206           214  
         217           208           194  
         194           207           217  
         226           208           217  
         217           237           226  
         291           312           299  
         291           302           312  
         291           282           302  
         341           332           325  
         312           329           318  
         299           312           318  
         351           359           345  
         345           359           357  
         345           337           351  
         345           329           337  
         226           237           247  
         297           289           308  
         308           289           299  
         299           318           308  
         308           318           326  
         194           208           185  
         208           197           185  
         197           166           185  
         185           169           194  
         220           209           228  
         228           235           220  
         248           235           228  
         228           209           219  
         220           200           191  
         191           209           220  
         186           209           191  
         191           200           187  
         108           118           130  
         130           119           108  
         108           119            97  
          97            96           108  
         108            96           118  
          86            96            76  
          75            95            86  
          86            65            75  
          76            65            86  
         153           141           130  
         130           152           153  
         165           141           153  
         153           152           175  
         153           176           165  
         153           175           176  
         248           257           268  
         288           277           268  
         278           289           297  
         278           268           257  
         278           297           288  
         288           268           278  
         267           277           287  
         287           286           267  
         287           305           286  
         245           235           256  
         267           245           256  
         256           277           267  
         256           268           277  
         256           235           248  
         248           268           256  
         155           146           169  
         169           185           155  
         155           185           166  
         137           146           155  
         169           156           184  
         194           169           184  
         184           207           194  
         184           196           207  
         147           133           123  
         147           156           133  
         123           134           147  
         134           159           147  
          52            40            32  
         164           162           142  
         140           151           129  
         120           142           140  
         162           151           140  
         140           142           162  
         129           109            98  
         101            79            91  
          91           109           101  
          91            68            83  
          91            79            68  
          83            98            91  
          91            98           109  
          56            67            68  
         350           344           356  
         336           344           350  
         356           358           350  
         353           338           346  
         353           344           338  
         356           344           353  
         339           352           343  
         324           333           339  
         343           327           339  
         339           327           324  
         300           309           320  
         320           311           300  
         300           311           290  
         295           309           300  
         221           243           223  
           7            19            13  
          13            19            27  
          27            14            13  
          25            10            17  
          17            23            32  
          32            25            17  
          11            14            24  
          24            20            11  
          11            20             8  
          11             8             1  
          99            78            88  
          88           110            99  
         102           110            88  
          88            80           102  
          80            88            69  
          69            88            78  
          18            26            34  
          34            51            45  
          42            51            34  
          34            26            42  
          84            74            64  
         126           146           137  
         133           146           126  
          74            84            94  
          94            84           105  
          85            95            75  
          75            66            85  
         106            95            85  
          85            94           106  
          85            66            74  
          74            94            85  
         294           304           285  
         285           275           294  
         285           273           264  
         264           275           285  
         324           304           314  
         322           333           314  
         314           333           324  
         314           304           294  
         314           303           322  
         294           303           314  
         261           250           271  
         271           283           261  
         271           292           283  
         195           206           181  
         195           214           206  
         231           214           239  
         239           253           231  
         261           253           239  
         239           250           261  
         239           227           250  
         214           227           239  
         284           300           290  
         295           300           284  
         242           262           251  
         201           177           199  
         199           221           201  
         201           221           223  
         216           240           230  
         230           207           216  
         230           217           207  
         230           240           249  
         249           237           230  
         237           217           230  
         299           289           279  
         279           291           299  
         259           282           270  
         282           291           270  
         291           279           270  
         249           259           270  
         288           297           306  
         334           348           341  
         341           325           334  
         342           348           334  
         334           326           342  
         335           318           329  
         329           345           335  
         342           326           335  
         326           318           335  
         316           308           326  
         326           334           316  
         316           334           325  
         297           308           316  
         316           306           297  
         325           306           316  
         236           257           248  
         248           228           236  
         236           228           219  
         236           247           257  
         236           219           226  
         226           247           236  
         154           166           186  
         130           118           138  
         138           152           130  
         107            86            95  
         118            96           107  
          96            86           107  
         167           184           156  
         167           147           159  
         156           147           167  
         167           159           182  
         182           196           167  
         196           184           167  
         150           121           139  
         125           103           112  
         125           148           136  
         136           113           125  
         113           103           125  
          43            52            32  
          43            23            33  
          32            23            43  
          50            40            62  
          40            52            62  
          62            71            50  
          82            71            62  
          73            79            89  
          89            82            73  
          82            62            73  
          73            62            52  
         117           140           129  
         120           140           117  
         117           100           120  
         129            98           117  
         117            98           100  
          83            67            87  
          87            98            83  
         100            98            87  
         349           333           336  
         336           350           349  
         352           339           349  
         349           339           333  
         360           352           349  
         358           360           349  
         349           350           358  
           3            11             1  
          14            11             3  
          60            41            50  
          50            71            60  
          71            80            60  
          80            69            60  
          39            30            49  
          30            41            49  
          41            60            49  
          49            60            69  
          16            18            28  
          18            34            28  
          28            34            45  
          45            37            28  
          21            16            28  
          28            37            21  
          72            84            64  
          72            61            81  
          64            51            72  
          51            61            72  
         114           104           123  
         123           133           114  
         133           126           114  
         114           126           105  
         106            94           116  
         116           126           137  
         105           126           116  
         116            94           105  
         293           304           310  
         293           285           304  
         310           302           293  
         302           282           293  
         293           282           273  
         273           285           293  
         168           195           181  
         181           157           168  
         157           149           168  
         205           227           214  
         214           195           205  
         215           227           205  
         284           262           272  
         280           295           272  
         295           284           272  
         238           227           215  
         250           227           238  
         292           271           281  
         290           301           281  
         301           292           281  
         263           276           265  
         265           276           280  
         280           272           265  
         242           251           232  
         232           213           242  
         232           238           215  
         251           238           232  
         162           177           174  
         174           151           162  
         269           279           289  
         257           247           269  
         289           278           269  
         269           278           257  
         288           306           298  
         298           277           288  
         298           287           277  
         317           305           298  
         305           287           298  
         315           325           332  
         315           306           325  
         315           332           317  
         317           298           315  
         315           298           306  
         347           345           357  
         347           335           345  
         357           354           347  
         347           354           342  
         342           335           347  
         187           175           163  
         175           152           163  
         152           138           163  
         163           138           143  
         166           154           144  
         137           155           144  
         144           155           166  
         186           191           172  
         172           154           186  
         172           191           187  
         187           163           172  
         143           154           172  
         172           163           143  
         112           121           131  
         121           150           131  
         131           125           112  
         148           125           131  
         139           151           161  
         161           150           139  
         151           174           161  
          33            44            54  
          54            43            33  
          54            56            68  
          44            56            54  
           5            13            14  
          14             3             5  
           7            13             5  
          59            53            39  
          39            49            59  
          59            49            69  
          70            53            59  
          59            78            70  
          59            69            78  
          84            72            93  
         104           114            93  
          81           104            93  
          93            72            81  
         105            84            93  
          93           114           105  
         195           168           180  
         180           205           195  
         254           262           242  
         254           272           262  
         234           265           254  
         254           265           272  
         260           238           251  
         250           238           260  
         260           271           250  
         260           281           271  
         263           265           246  
         246           265           234  
         246           243           263  
         223           243           246  
         246           234           223  
         213           202           224  
         242           213           224  
         224           254           242  
         234           254           224  
         223           234           212  
         212           201           223  
         234           224           212  
         212           224           202  
         258           269           247  
         279           269           258  
         258           247           237  
         258           237           249  
         249           270           258  
         258           270           279  
         115            95           106  
         115           107            95  
         135           154           143  
         135           144           154  
         178           161           174  
         203           232           215  
         213           232           203  
         148           131           160  
         160           131           150  
         150           161           173  
         173           160           150  
         179           160           173  
         161           178           173  
          52            43            63  
          43            54            63  
          63            73            52  
          79            73            63  
          68            79            63  
          63            54            68  
         158           180           168  
         158           149           136  
         158           168           149  
         136           148           158  
         290           281           274  
         281           260           274  
         274           260           251  
         274           251           262  
         274           284           290  
         274           262           284  
         201           212           189  
         177           201           189  
         189           174           177  
         189           178           174  
         189           212           202  
         202           178           189  
         143           138           128  
         128           135           143  
         115           135           128  
         107           115           128  
         128           138           118  
         118           107           128  
         144           135           127  
         106           116           127  
         127           115           106  
         127           135           115  
         127           116           137  
         137           144           127  
         205           180           192  
         215           205           192  
         192           203           215  
         179           203           192  
         179           173           190  
         213           203           190  
         190           203           179  
         190           202           213  
         190           178           202  
         190           173           178  
         180           158           171  
         171           192           180  
         171           158           148  
         148           160           171  
         171           160           179  
         179           192           171  
