#  p04_triangles.txt
#  created by TABLE_IO.M
#  at 15-Mar-2005 09:03:49
#
#  Spatial dimension M = 3
#  Number of points N = 385
#
          89            88            75  
          18            19             4  
          76            59            58  
          42            56            41  
          74            88            75  
         101            89            88  
         219           220           232  
          26            19            20  
          26            18            19  
          26            18            25  
          57            76            58  
          57            42            58  
          57            42            56  
          57            74            56  
          57            76            75  
          57            74            75  
         102           101            89  
          55            74            56  
          77            76            59  
          31            32            21  
          31            32            46  
          64            46            45  
          64            65            84  
         222           208           209  
         176           163           177  
         195           212           213  
         210           222           223  
         210           222           209  
         158           171           159  
         204           184           183  
         242           236             7  
         226           212           213  
         187           170           169  
         230           239           231  
         186           187           169  
         186           206             2  
         186           187             2  
         166           184           167  
         166           153           167  
         166           184           183  
         133           124           132  
         133           142           132  
         115           104           103  
         115           104           105  
         154           153           167  
          10           142           132  
          37            26            25  
          33            32            21  
          49            67            68  
          50            49            34  
          50            49            68  
          69            67            68  
          15            18             4  
          24            17            16  
          24            18            25  
          24            15            18  
          24            17            15  
          40            55            56  
          40            56            41  
          40            29            41  
          40            29            39  
          93           104           105  
          93            79           104  
          78            77            59  
          91           104           103  
          91           102           103  
          30            31            46  
          30            44            45  
          30            46            45  
          85            65            86  
          85            65            84  
          47            64            46  
          47            32            46  
          47            65            66  
          47            64            65  
         139           162           149  
         139           148           149  
         139           148           138  
         175           162           163  
         175           192           174  
         175           176           163  
         175           192           176  
         151           163           177  
         151           162           163  
           8           176           177  
         196           195           213  
         196           197           213  
         196           197           179  
         224           210           223  
         194             8           176  
         194             8           195  
         147           158           159  
         161           173           174  
         161           175           174  
         161           162           149  
         161           175           162  
         160           148           149  
         160           161           149  
         160           161           173  
         160           147           148  
         160           173           159  
         160           147           159  
         172           173           159  
         172           171           159  
         172             6           188  
         172           171             6  
         200           180             9  
         165           153           152  
         198           197           179  
         237           242           238  
         237           242           236  
         214           226           213  
         214           197           213  
         168           186           169  
         168           184           167  
         185           204           184  
         185           168           184  
         185           168           186  
         185           186           206  
         181           164             9  
         181           200             9  
         114           115           103  
         114           102           103  
         116           115           105  
         131           154           142  
         131            10           142  
          27            37            26  
          27            26            20  
          27            39            38  
          27            37            38  
          22            33            21  
          48            33            32  
          48            47            66  
          48            47            32  
          48            33            34  
          48            49            66  
          48            49            34  
          12            65            66  
          12            65            86  
          12            49            66  
          12            49            67  
          35            50            34  
          35            24            25  
          52            37            38  
         100           101           111  
         100           101            88  
          28            29            39  
          28            27            20  
          28            27            39  
          54            40            55  
          54            39            38  
          54            40            39  
          92            78            77  
          92            79           104  
          92            79             3  
          92            78             3  
          92            91           104  
          92            91            77  
          90            77            76  
          90            91            77  
          90            76            75  
          90            89            75  
          90           102            89  
          90            91           102  
          62            44            45  
          62            43            44  
          63            64            84  
          63            64            45  
          63            62            45  
          63            62            82  
          81            95            94  
          99            85            86  
          98            85            84  
          98            99           110  
          98            99            85  
         118           117           127  
         118           117           107  
         191           192           209  
         191           192           174  
         191           208           209  
         191           207           208  
         150           151           162  
         150           139           140  
         150           139           162  
         178             8           195  
         178           196           195  
         178           196           179  
         211           224           210  
         211           224           212  
         211           195           212  
         211           194           195  
         193           210           209  
         193           192           209  
         193           211           210  
         193           211           194  
         193           192           176  
         193           194           176  
         190           172           173  
         190           173           174  
         190           189           188  
         190           172           188  
         190           191           174  
         190           189           207  
         190           191           207  
         203           221           204  
         203           202           219  
         203           219           220  
         203           221           220  
         203           204           183  
         203           202           183  
         199           200           180  
         199           198           180  
         199           198           197  
         199           200           216  
         182           166           153  
         182           165           153  
         182           165           164  
         182           181           164  
         182           166           183  
         182           202           183  
         182           181           202  
         229           237           228  
         229           228           216  
         229           230           216  
         229           230           239  
         229           239           238  
         229           237           238  
         227           214           226  
         227           214           228  
         227           237           236  
         227           237           228  
         215           228           216  
         215           214           228  
         215           199           216  
         215           214           197  
         215           199           197  
         205           221           204  
         205           185           204  
         205           185           206  
         201           181           200  
         201           202           219  
         201           181           202  
         134           126           135  
         134           144           135  
         134           133           124  
         134           144           133  
         145           144           135  
         155           168           167  
         155           168           169  
         123            10           132  
         123           124           132  
         123           114           124  
         141           131           154  
         141           153           152  
         141           154           153  
          23            24            16  
          23            35            24  
          23            22            16  
          23            22            33  
          23            33            34  
          23            35            34  
          36            37            25  
          36            52            37  
          36            35            25  
          36            35            50  
          83            63            84  
          83            63            82  
          83            98            84  
         106            95            94  
         106           117           107  
         106            95           107  
          80            81            94  
          61            62            82  
          61            81            82  
          61            80             5  
          61            80            81  
         130           139           140  
         130            13           140  
         130           139           138  
         130           129           138  
         235           227           236  
         235           227           226  
         225           226           212  
         225           224           212  
         225           235           226  
         225           235           234  
         233           224           223  
         233           225           224  
         233           225           234  
         137           148           138  
         137           147           148  
         146           147           158  
         146           137           147  
         146           137           136  
         218           201           219  
         218           219           232  
         218           231           232  
         218           230           231  
         217           200           216  
         217           201           200  
         217           218           201  
         217           230           216  
         217           218           230  
         125           116           126  
         125           134           126  
         125           116           115  
         125           134           124  
         125           114           124  
         125           114           115  
         157           170           169  
         143           144           133  
         143           133           142  
         143           154           142  
         143           154           167  
         143           155           167  
         113           102           101  
         113           114           102  
         113           123           114  
          51            69            68  
          51            36            52  
          51            50            68  
          51            36            50  
          70            51            69  
          72            54            38  
          72            54            55  
          87           100            88  
          96            83            82  
          96            81            82  
          96            81            95  
          60            62            43  
          60            61            62  
          60            61             5  
         241           236             7  
         241           235           236  
         128           136           127  
         128           137           136  
         128           118           127  
         128           118           129  
         128           129           138  
         128           137           138  
         156           145           144  
         156           157           145  
         156           143           144  
         156           143           155  
         156           155           169  
         156           157           169  
         112           101           111  
         112           113           101  
          53            52            38  
          53            72            38  
          53            72            71  
          53            51            52  
          53            70            71  
          53            70            51  
          73            72            55  
          73            87            88  
          73            74            88  
          73            55            74  
          97            83            98  
          97            96            83  
         240           235           234  
         240           241           235  
         122           113           123  
         122           112           113  
         122           123            10  
          11            72            71  
          11            73            72  
          11            73            87  
         109            97            98  
         109            98           110  
         109           121           110  
         108            97            96  
         108            95           107  
         108            96            95  
         108           109            97  
         119           108           109  
         119           118           129  
         119           118           107  
         119           108           107  
         120           119           109  
         120           121            13  
         120           109           121  
         120           119           129  
         120           130           129  
         120           130            13  
