#  p04_nodes.txt
#  created by TABLE_IO.M
#  at 28-Jan-2005 11:04:22
#
#  Spatial dimension M = 2
#  Number of points N = 242
#  EPSILON (unit roundoff) = 0.000000
#
      1.000000        0.000000  
      0.500000        0.866025  
     -0.500000        0.866025  
     -1.000000        0.000000  
     -0.500000       -0.866025  
      0.500000       -0.866025  
      1.000000       -0.000000  
      0.433013       -0.250000  
      0.433013        0.250000  
      0.000000        0.500000  
     -0.433013        0.250000  
     -0.433013       -0.250000  
      0.000000       -0.500000  
      0.433013       -0.250000  
     -0.953472       -0.080588  
     -0.866911       -0.230517  
     -0.909881       -0.156091  
     -0.883325       -0.008203  
     -0.950014        0.086578  
     -0.898701        0.175455  
     -0.773506       -0.392298  
     -0.821062       -0.309930  
     -0.769479       -0.199452  
     -0.828957       -0.105772  
     -0.773839       -0.010621  
     -0.837766        0.083555  
     -0.778801        0.169609  
     -0.849411        0.260828  
     -0.798913        0.348293  
     -0.678037       -0.557657  
     -0.725338       -0.475728  
     -0.663769       -0.384769  
     -0.717943       -0.290665  
     -0.656447       -0.194220  
     -0.720291       -0.105023  
     -0.661128       -0.013103  
     -0.724868        0.081966  
     -0.652154        0.167684  
     -0.736868        0.254061  
     -0.689095        0.348490  
     -0.747065        0.438097  
     -0.697326        0.524246  
     -0.589549       -0.710922  
     -0.632532       -0.636474  
     -0.556345       -0.567327  
     -0.609170       -0.478223  
     -0.554906       -0.388342  
     -0.612807       -0.288851  
     -0.542815       -0.196663  
     -0.610287       -0.098183  
     -0.539628        0.005959  
     -0.618029        0.074234  
     -0.532952        0.122287  
     -0.632115        0.258569  
     -0.574455        0.337766  
     -0.630677        0.431861  
     -0.582089        0.517832  
     -0.647455        0.610626  
     -0.598450        0.695506  
     -0.546272       -0.785879  
     -0.449838       -0.760637  
     -0.506421       -0.664901  
     -0.449906       -0.570785  
     -0.494190       -0.472053  
     -0.439385       -0.372600  
     -0.512843       -0.297724  
     -0.433013       -0.151960  
     -0.517709       -0.095381  
     -0.433013       -0.042509  
     -0.433013        0.056211  
     -0.433013        0.155428  
     -0.536045        0.225728  
     -0.472081        0.334119  
     -0.513906        0.426355  
     -0.465572        0.504927  
     -0.529589        0.600749  
     -0.483702        0.687537  
     -0.548698        0.781678  
     -0.406676        0.866025  
     -0.401034       -0.866025  
     -0.349160       -0.767627  
     -0.398274       -0.664329  
     -0.340714       -0.565792  
     -0.387200       -0.479581  
     -0.338423       -0.401785  
     -0.347284       -0.299496  
     -0.359493        0.292447  
     -0.389557        0.404658  
     -0.361292        0.506198  
     -0.412823        0.596249  
     -0.366582        0.676352  
     -0.430299        0.769794  
     -0.319594        0.866025  
     -0.299120       -0.866025  
     -0.246106       -0.762228  
     -0.296611       -0.669484  
     -0.244160       -0.572072  
     -0.260488       -0.471402  
     -0.251850       -0.354595  
     -0.288562        0.333398  
     -0.277828        0.454257  
     -0.286414        0.578893  
     -0.264455        0.675703  
     -0.318481        0.772235  
     -0.232065        0.866025  
     -0.199988       -0.866025  
     -0.150148       -0.764146  
     -0.190845       -0.654171  
     -0.156666       -0.529700  
     -0.165801       -0.404275  
     -0.215563        0.375545  
     -0.146403        0.415474  
     -0.192258        0.520984  
     -0.170498        0.644911  
     -0.207489        0.761977  
     -0.141144        0.866025  
     -0.100227       -0.866025  
     -0.050059       -0.765219  
     -0.101631       -0.664737  
     -0.062907       -0.573311  
     -0.082668       -0.452271  
     -0.075758        0.456261  
     -0.101122        0.563196  
     -0.061790        0.672592  
     -0.110138        0.759851  
     -0.048463        0.866025  
      0.000000       -0.866025  
      0.050059       -0.765219  
      0.000000       -0.664518  
      0.062907       -0.573311  
      0.075758        0.456261  
     -0.000000        0.595684  
      0.061790        0.672592  
     -0.000000        0.765307  
      0.048463        0.866025  
      0.100227       -0.866025  
      0.150148       -0.764146  
      0.101631       -0.664737  
      0.156666       -0.529700  
      0.082668       -0.452271  
      0.146403        0.415474  
      0.101122        0.563196  
      0.170498        0.644911  
      0.110138        0.759851  
      0.141144        0.866025  
      0.199988       -0.866025  
      0.246106       -0.762228  
      0.190845       -0.654171  
      0.244160       -0.572072  
      0.165801       -0.404275  
      0.251850       -0.354595  
      0.215563        0.375545  
      0.277828        0.454257  
      0.192258        0.520984  
      0.264455        0.675703  
      0.207489        0.761977  
      0.232065        0.866025  
      0.299120       -0.866025  
      0.349160       -0.767627  
      0.296611       -0.669484  
      0.340714       -0.565792  
      0.260488       -0.471402  
      0.338423       -0.401785  
      0.359493        0.292447  
      0.288562        0.333398  
      0.361292        0.506198  
      0.286414        0.578893  
      0.366582        0.676352  
      0.318481        0.772235  
      0.319594        0.866025  
      0.401034       -0.866025  
      0.449838       -0.760637  
      0.398274       -0.664329  
      0.449906       -0.570785  
      0.387200       -0.479581  
      0.439385       -0.372600  
      0.347284       -0.299496  
      0.433013       -0.151960  
      0.433013       -0.042509  
      0.433013        0.155428  
      0.472081        0.334119  
      0.389557        0.404658  
      0.465572        0.504927  
      0.412823        0.596249  
      0.483702        0.687537  
      0.430299        0.769794  
      0.406676        0.866025  
      0.546272       -0.785879  
      0.589549       -0.710922  
      0.506421       -0.664901  
      0.556345       -0.567327  
      0.494190       -0.472053  
      0.554906       -0.388342  
      0.512843       -0.297724  
      0.542815       -0.196663  
      0.517709       -0.095381  
      0.539628        0.005959  
      0.433013        0.056211  
      0.532952        0.122287  
      0.536045        0.225728  
      0.574455        0.337766  
      0.513906        0.426355  
      0.582089        0.517832  
      0.529589        0.600749  
      0.598450        0.695506  
      0.548698        0.781678  
      0.632532       -0.636474  
      0.678037       -0.557657  
      0.609170       -0.478223  
      0.663769       -0.384769  
      0.612807       -0.288851  
      0.656447       -0.194220  
      0.610287       -0.098183  
      0.661128       -0.013103  
      0.618029        0.074234  
      0.652154        0.167684  
      0.632115        0.258569  
      0.689095        0.348490  
      0.630677        0.431861  
      0.697326        0.524246  
      0.647455        0.610626  
      0.725338       -0.475728  
      0.773506       -0.392298  
      0.717943       -0.290665  
      0.769479       -0.199452  
      0.720291       -0.105023  
      0.773839       -0.010621  
      0.724868        0.081966  
      0.778801        0.169609  
      0.736868        0.254061  
      0.798913        0.348293  
      0.747065        0.438097  
      0.821062       -0.309930  
      0.866911       -0.230517  
      0.828957       -0.105772  
      0.883325       -0.008203  
      0.837766        0.083555  
      0.898701        0.175455  
      0.849411        0.260828  
      0.909881       -0.156091  
      0.953472       -0.080588  
      0.950014        0.086578  
