#  p06_nodes.txt
#  created by TABLE_IO.M
#  at 28-Jan-2005 11:09:01
#
#  Spatial dimension M = 2
#  Number of points N = 228
#  EPSILON (unit roundoff) = 0.000000
#
     -1.003834       -0.145668  
     -1.004041        0.050101  
     -1.002817        0.234788  
     -0.996443        0.414139  
     -0.961176       -0.630698  
     -0.990024       -0.474412  
     -0.840567       -0.368494  
     -1.000565       -0.315293  
     -0.840915       -0.221524  
     -0.839105        0.130840  
     -0.973091        0.585144  
     -0.915022        0.748921  
     -0.900127       -0.772205  
     -0.695547        0.123674  
     -0.859207        0.304273  
     -0.814116        0.596491  
     -0.706939       -0.770112  
     -0.782046       -0.653327  
     -0.828630       -0.519795  
     -0.721289       -0.431280  
     -0.709495       -0.283700  
     -0.710017       -0.152809  
     -0.845084       -0.054787  
     -0.715251       -0.005701  
     -0.727804        0.387031  
     -0.843895        0.458010  
     -0.662897        0.634467  
     -0.763233        0.728020  
     -0.794268        0.886294  
     -0.799969       -0.882672  
     -0.573722       -0.817849  
     -0.617342       -0.667620  
     -0.676980       -0.557556  
     -0.596595       -0.476091  
     -0.633764       -0.367143  
     -0.581529       -0.273971  
     -0.594195       -0.183377  
     -0.598034       -0.077322  
     -0.591445        0.042697  
     -0.573082        0.152565  
     -0.636013        0.228439  
     -0.742500        0.253193  
     -0.630377        0.338208  
     -0.699785        0.510975  
     -0.568288        0.553594  
     -0.550053        0.687100  
     -0.644137        0.794903  
     -0.638286        0.959216  
     -0.667737       -0.949816  
     -0.498132       -0.462990  
     -0.539089       -0.371885  
     -0.484527       -0.286981  
     -0.495234       -0.204494  
     -0.498263       -0.116533  
     -0.497949       -0.014414  
     -0.497395        0.095170  
     -0.494644        0.198354  
     -0.550740        0.268896  
     -0.531163        0.378071  
     -0.600774        0.447844  
     -0.483701        0.478673  
     -0.465103        0.594777  
     -0.436416        0.720288  
     -0.516510        0.835812  
     -0.473173        0.990722  
     -0.494531       -0.706778  
     -0.532228       -0.576739  
     -0.429481       -0.524586  
     -0.456629       -0.367823  
     -0.480736        0.298934  
     -0.446643        0.385336  
     -0.388205        0.444999  
     -0.385715        0.530541  
     -0.356867        0.629224  
     -0.380407        0.858103  
     -0.439033       -0.845810  
     -0.417547       -0.625297  
     -0.408305       -0.430081  
     -0.305789        0.479615  
     -0.280772        0.555722  
     -0.245118        0.641436  
     -0.319063        0.743222  
     -0.233849        0.872074  
     -0.302920        1.001998  
     -0.525909       -0.983428  
     -0.367202       -0.738585  
     -0.337873       -0.555591  
     -0.342353       -0.468586  
     -0.214481        0.494081  
     -0.170541        0.573290  
     -0.380494       -0.997922  
     -0.294692       -0.859911  
     -0.300939       -0.651346  
     -0.244040       -0.570759  
     -0.186436       -0.495474  
     -0.266127       -0.488066  
     -0.122713        0.497952  
     -0.121796        0.671379  
     -0.204431        0.743639  
     -0.116699        1.002347  
     -0.229321       -1.002524  
     -0.138155       -0.852886  
     -0.231822       -0.749757  
     -0.180874       -0.654582  
     -0.149018       -0.566922  
     -0.098205       -0.498050  
     -0.029313        0.497969  
     -0.097919        0.822096  
      0.034306       -0.842587  
     -0.090152       -0.726632  
     -0.065967       -0.604574  
     -0.015051       -0.498504  
     -0.056918        0.580707  
     -0.000636        0.693265  
     -0.070548       -1.003885  
      0.079332       -0.497505  
      0.077145        0.588981  
      0.127323        0.702551  
      0.042324        0.841415  
      0.086287        1.003813  
      0.112848       -1.003699  
      0.194918       -0.863054  
      0.044002       -0.701636  
      0.157669       -0.646956  
      0.044829       -0.591615  
      0.062599        0.498316  
      0.164745       -0.748078  
      0.134227       -0.563355  
      0.145090        0.498426  
      0.185867        0.590584  
      0.181282        0.852255  
      0.273134       -1.002470  
      0.341602       -0.860946  
      0.268643       -0.651938  
      0.229647       -0.567007  
      0.172228       -0.495847  
      0.226031        0.493784  
      0.261123        1.002252  
      0.291401       -0.746315  
      0.255630       -0.489421  
      0.312553        0.478066  
      0.277048        0.643790  
      0.236921        0.738310  
      0.429306        0.994827  
      0.423553       -0.995342  
      0.411579       -0.736014  
      0.323299       -0.559226  
      0.333493       -0.471419  
      0.407236       -0.430724  
      0.388204        0.444904  
      0.396757        0.534054  
      0.294125        0.557300  
      0.361063        0.738354  
      0.325377        0.861035  
      0.481057       -0.841153  
      0.382246       -0.637179  
      0.519017       -0.688301  
      0.410769       -0.520986  
      0.497391       -0.463254  
      0.457357       -0.366643  
      0.485540       -0.279158  
      0.495724       -0.185398  
      0.497706        0.019013  
      0.494598        0.213541  
      0.479409        0.305415  
      0.446123        0.385982  
      0.478406        0.479922  
      0.505559        0.588450  
      0.390383        0.625808  
      0.467909        0.846838  
      0.474967       -0.584348  
      0.539426       -0.359747  
      0.569728       -0.249063  
      0.674480       -0.198047  
      0.583123       -0.139747  
      0.497955       -0.086413  
      0.584446        0.084710  
      0.497692        0.125533  
      0.556970        0.289655  
      0.531318        0.391921  
      0.580334        0.501101  
      0.588766        0.686854  
      0.478338        0.714273  
      0.595504        0.970779  
      0.567664       -0.976262  
      0.604469       -0.803311  
      0.568873       -0.552456  
      0.604122       -0.442391  
      0.634024       -0.326275  
      0.600787       -0.027580  
      0.598768        0.184588  
      0.646144        0.289880  
      0.624149        0.397742  
      0.710069        0.491921  
      0.654196        0.598916  
      0.605738        0.819755  
      0.705049       -0.935276  
      0.731990       -0.751500  
      0.639115       -0.652447  
      0.693314       -0.533269  
      0.743410       -0.282522  
      0.711425       -0.079444  
      0.703251        0.081637  
      0.726017        0.218683  
      0.740090        0.365162  
      0.801582        0.620568  
      0.729248        0.741000  
      0.760110        0.907545  
      0.830409       -0.857838  
      0.836452       -0.490113  
      0.723191       -0.410659  
      0.838325       -0.002829  
      0.854847        0.321984  
      0.845381        0.479643  
      0.891747        0.784662  
      0.920150       -0.737836  
      0.797296       -0.627393  
      0.857682       -0.341285  
      0.836620       -0.176302  
      1.004260        0.098627  
      0.845752        0.166015  
      0.993166        0.451250  
      0.971075       -0.593003  
      0.994735       -0.436092  
      1.002119       -0.267045  
      1.003684       -0.093816  
      1.002337        0.278744  
      0.963313        0.623722  
