#  p06_triangles.txt
#  created by TABLE_IO.M
#  at 15-Mar-2005 09:09:46
#
#  Spatial dimension M = 3
#  Number of points N = 375
#
         202           212           219  
         198           197           209  
         226           212           219  
         226           225           219  
         226           212           220  
          15             4            26  
         216           198           209  
         207           208           196  
         207           215           208  
          12            29            28  
         213           227           222  
          67            77            66  
          67            50            34  
         190           202           175  
         177           178           163  
         177           190           163  
         102           101           115  
         102           110           103  
          86            77            66  
          86            76            66  
          31            49            85  
          31            76            85  
          31            76            66  
          92           102           103  
          92           102           101  
          92            86           103  
          92            86            76  
         111           106           112  
         186           198           199  
         186           198           197  
         133           145           132  
         133           145           155  
         217           198           199  
         217           216           223  
         217           216           198  
           8             1             9  
           3            15             4  
           3            10             2  
           3            15            10  
          13            18             5  
          16            44            26  
          16            12            28  
          27            16            28  
          27            16            44  
         194           193           205  
         206           228           215  
         206           207           215  
         206           207           195  
         206           194           195  
         184           208           196  
         184           170           196  
         183           170           196  
          33            67            34  
         105           111           106  
         158           156           171  
         176           162           175  
         176           190           163  
         176           190           175  
         192           193           205  
         109           102           110  
         109           102           115  
         109           121           115  
          93            86            77  
          93            86           103  
          91            76            85  
          91            92            76  
          91            92           101  
         185           145           155  
         185           186           197  
         185           186           155  
         157           186           199  
         157           187           171  
         157           187           199  
         157           186           155  
         157           156           171  
         134           124           127  
         200           217           199  
         200           187           199  
         174           202           219  
         174           201           219  
         174           202           175  
         210           200           211  
         210           200           217  
         210           217           223  
         210           224           223  
         218           224           225  
         218           225           219  
         218           201           219  
         218           210           224  
         218           201           211  
         218           210           211  
         188           200           211  
         188           200           187  
          51            50            34  
          51            35            34  
          36            53            52  
          36            51            52  
          36            51            35  
          36            35            21  
          11            16            12  
          11             4            26  
          11            16            26  
          45            27            44  
         214           213           205  
         214           194           205  
         214           213           222  
         214           206           194  
         214           228           222  
         214           206           228  
          64            48            65  
          74            82            81  
          99            82            81  
         144           184           170  
         182           183           196  
         182           207           195  
         182           207           196  
         153           183           170  
          32            67            66  
          32            33            67  
          32            31            66  
          32            33            18  
          20            35            21  
          20            35            34  
          20            33            34  
         104           111           110  
         104           105           111  
         104           110           103  
         104           105            94  
         104            93           103  
         104            93            94  
          68            67            77  
          68            67            50  
          69            51            52  
          69            51            50  
         123           111           110  
         123           124           127  
         123           109           110  
         123           109           127  
          98            99           108  
          98            90            81  
          98            99            81  
         179           192           193  
         179           164           165  
         204           213           205  
         204           192           205  
         122           109           127  
         122           109           121  
         122           121           132  
         122           133           132  
         146           157           155  
         146           157           156  
         146           133           155  
         139           134           127  
         139           122           127  
         139           122           133  
         139           146           133  
         139           134           156  
         139           146           156  
         173           162           175  
         173           174           175  
         159           188           187  
         159           187           171  
         159           158           171  
          60            45            44  
          46            45            62  
          46            45            27  
          75            84            65  
          75            64            65  
         181           194           195  
         181           194           193  
         180           179           165  
         180           179           193  
         180           181           193  
         180           181           167  
         154           153           170  
         154           144           138  
         154           144           170  
          17            32            18  
          17            13            30  
          17            13            18  
          17            32            31  
          17            49            30  
          17            31            49  
           7            21             9  
           7            20            21  
           7             8             9  
           7             8             6  
          78            68            50  
          78            68            88  
          78            69            50  
          87            68            88  
          87            93            94  
          87            93            77  
          87            68            77  
          87            96            94  
          87            96            88  
          95           105           106  
          95           105            94  
          95            96            94  
         149           148           158  
         149           159           160  
         149           159           158  
         147           158           156  
         147           148           158  
         147           134           156  
         147           148           140  
         136           128           116  
         135           134           124  
         135           128           124  
         135           147           140  
         135           147           134  
         135           136           140  
         135           136           128  
         125           123           111  
         125           128           116  
         125           128           124  
         125           123           124  
         125           112           116  
         125           111           112  
          80            90            81  
          80            74            81  
          73            74            62  
          73            79            72  
          73            80            74  
          73            79            80  
          39            55            56  
          22            21             9  
          23             1             9  
          23            22             9  
          23            22            24  
          23             1             2  
          23            10             2  
          23            24            10  
         221           204           213  
         221           227           220  
         221           213           227  
         221           212           220  
         203           202           212  
         203           221           212  
         203           221           204  
         203           190           202  
         203           177           190  
         191           204           192  
         191           179           192  
         191           203           177  
         191           203           204  
         191           179           164  
         191           164           178  
         191           177           178  
         161           173           162  
         189           174           201  
         189           173           174  
         189           201           211  
         189           188           211  
          47            46            64  
          47            64            48  
          47            27            28  
          47            46            27  
          47            29            28  
          47            48            29  
          63            74            62  
          63            46            62  
          63            74            82  
          63            46            64  
          63            75            82  
          63            75            64  
          83            99            82  
          83            75            82  
          83            75            84  
          83            99           108  
          83           100           108  
          83           100            84  
         168           182           195  
         168           181           195  
         168           182           183  
         168           181           167  
         166           180           165  
         166           180           167  
         114            98           108  
          19             7             6  
          19             5             6  
          19            18             5  
          19             7            20  
          19            33            18  
          19            20            33  
          70            59            71  
          89            79            80  
          89            90            97  
          89            80            90  
          61            73            72  
          61            72            71  
          61            45            62  
          61            73            62  
          61            59            71  
          61            60            45  
          61            59            60  
          37            54            53  
          37            36            53  
          37            36            21  
          37            22            21  
         172           161           173  
         172           189           173  
         172           161           160  
         172           189           188  
         172           159           160  
         172           159           188  
         169           153           183  
         169           168           183  
         113           114            98  
         113            98            90  
         113            90            97  
         113           107            97  
          38            37            54  
          38            55            54  
          38            39            55  
          38            39            24  
          38            22            24  
          38            37            22  
          14            24            10  
          14            39            24  
          43            59            60  
         143           154           153  
         117           118           114  
         117           113           114  
         117           113           107  
         117           126           107  
          40            14            39  
          40            14            41  
          40            39            56  
          40            57            56  
          42            43            41  
          42            14            41  
          42            15            10  
          42            14            10  
          25            60            44  
          25            43            60  
          25            44            26  
          25            42            43  
          25            15            26  
          25            42            15  
          58            43            41  
          58            70            57  
          58            70            59  
          58            43            59  
          58            40            57  
          58            40            41  
         151           168           167  
         151           169           168  
         130           143           118  
         130           117           118  
         131           143           154  
         131           138           120  
         131           154           138  
         131           143           118  
         150           151           141  
         150           166           167  
         150           151           167  
         142           130           143  
         142           169           153  
         142           143           153  
         129           117           126  
         129           130           117  
         129           130           137  
         119           118           114  
         119           131           118  
         119           114           108  
         119           131           120  
         119           100           120  
         119           100           108  
         152           130           137  
         152           142           130  
         152           141           137  
         152           151           141  
         152           151           169  
         152           142           169  
