#  p07_triangles.txt
#  created by TABLE_IO.M
#  at 15-Mar-2005 09:13:39
#
#  Spatial dimension M = 3
#  Number of points N = 220
#
         132           136           133  
         132           126           120  
          32            37            31  
          64            63            55  
          64            74            73  
          64            63            73  
          38            37            43  
          38            32            39  
          38            32            37  
          82            74            73  
          24            23            31  
          14            15            22  
          14            15             8  
           3             6             1  
           7             6             1  
           7            14             8  
           7            14             6  
         127           132           133  
         127           132           126  
         131           136             2  
         131           132           136  
          36            37            43  
          44            38            43  
          44            49            43  
          65            64            55  
          56            57            50  
          56            44            50  
          56            44            49  
          56            49            55  
          56            65            55  
          56            65            57  
         109           102           108  
         110           115           108  
         110           109           108  
          40            34            39  
          40            34            41  
          58            57            67  
          58            57            50  
          70            81            72  
          70            71            72  
         135           131             2  
         125           132           120  
         125           131           132  
          91            82            74  
          30            36            37  
          30            23            31  
          30            37            31  
          42            49            43  
          42            36            43  
          25            32            31  
          25            24            31  
          25            24            16  
          47            54            53  
          47            40            41  
          60            54            53  
          60            54            62  
          45            40            39  
          45            38            39  
          45            44            50  
          45            44            38  
          13            14             6  
          11            19            20  
          11            10             4  
          79            70            69  
          79            68            69  
          79            68            78  
          90            91            82  
          77            68            67  
          77            68            78  
          83            91            92  
          83            91            74  
          75            65            64  
          75            64            74  
          75            83            74  
          75            83            76  
         106           113           107  
         106           100           107  
         114           126           120  
         101           100           107  
          48            63            55  
          48            49            55  
          48            42            49  
         104           110           111  
         104           110           109  
          97            98            92  
          97            91            92  
          97            90            96  
          97            90            91  
          46            47            53  
          46            47            40  
          46            45            40  
          59            58            67  
          59            68            67  
          59            68            69  
          59            60            69  
          61            60            62  
          61            60            69  
          61            70            69  
          61            71            62  
          61            70            71  
          12            13             6  
          12             3             6  
          12             5             3  
          12             5             4  
          12            11             4  
          12            13            20  
          12            11            20  
          21            14            22  
          21            13            14  
          21            29            22  
          21            13            20  
          17             9            16  
          17            25            16  
          26            17            25  
          27            35            41  
          27            34            41  
          27            26            19  
          87            79            78  
          80            70            81  
          80            79            70  
          80            87            79  
         122           128           121  
         123           122           118  
         123           128           129  
         123           122           128  
         119           114           120  
         119           114           113  
         130           125           131  
         130           135           131  
         130           134           135  
         130           134           129  
         130           123           129  
          66            77            76  
          66            65            57  
          66            57            67  
          66            77            67  
          66            75            65  
          66            75            76  
          84            83            92  
          84            83            76  
          99            98            92  
          99            84            92  
          99            84            93  
          86            87            78  
          85            77            76  
          85            84            76  
          85            84            93  
          85            86            93  
          85            77            78  
          85            86            78  
          94           101           100  
          94            99           100  
          94            99            93  
          94            86            93  
         103            97            98  
         103           104           109  
         103           104            98  
         103           109           102  
         103           102            96  
         103            97            96  
          52            46            53  
          52            59            58  
          52            60            53  
          52            59            60  
          51            45            50  
          51            46            45  
          51            58            50  
          51            52            58  
          51            52            46  
          18            11            19  
          18            26            19  
          18            26            17  
          18            11            10  
          18            10             9  
          18            17             9  
          33            34            39  
          33            32            39  
          33            27            34  
          33            27            26  
          33            25            32  
          33            26            25  
          28            21            20  
          28            19            20  
          28            27            19  
          28            21            29  
          28            35            29  
          28            27            35  
          89            87            88  
          89            80            87  
          89            80            81  
         116           122           121  
         116           115           121  
         116           110           115  
         124           123           118  
         124           119           118  
         124           130           125  
         124           130           123  
         124           125           120  
         124           119           120  
         112           119           118  
         112           106           111  
         112           106           113  
         112           119           113  
         105           104           111  
         105            99           100  
         105           104            98  
         105            99            98  
         105           106           111  
         105           106           100  
          95            94           101  
          95            94            86  
          95           101            88  
          95            87            88  
          95            86            87  
         117           110           111  
         117           116           110  
         117           112           111  
         117           112           118  
         117           122           118  
         117           116           122  
