#  p18_nodes.txt
#  created by TABLE_IO.M
#  at 21-Aug-2008 11:52:51
#
#  Spatial dimension M = 2
#  Number of points N = 882
#  EPSILON (unit roundoff) = 2.220446e-16
#
     -2.979583       -0.201040  
     -2.999997       -0.002249  
     -2.979899        0.199492  
     -2.920067       -0.391762  
     -2.956284       -0.292438  
     -2.995384       -0.095973  
     -2.994520        0.104549  
     -2.952009        0.306069  
     -2.875392       -0.483414  
     -2.859726       -0.316065  
     -2.904914       -0.141933  
     -2.914867        0.039832  
     -2.891378        0.224480  
     -2.914752        0.404015  
     -2.821264       -0.570548  
     -2.814215       -0.407669  
     -2.859918       -0.228392  
     -2.882965       -0.051830  
     -2.878721        0.129380  
     -2.849492        0.315552  
     -2.867567        0.497321  
     -2.768973       -0.499426  
     -2.766654       -0.319364  
     -2.803980       -0.139748  
     -2.814595        0.034426  
     -2.798945        0.212965  
     -2.808336        0.404070  
     -2.810772        0.585363  
     -2.766178       -0.642629  
     -2.714426       -0.422175  
     -2.748139       -0.231817  
     -2.764406       -0.054511  
     -2.764227        0.120188  
     -2.750323        0.305231  
     -2.759589        0.488968  
     -2.744900        0.667176  
     -2.702680       -0.711506  
     -2.694233       -0.544218  
     -2.673604       -0.332102  
     -2.697071       -0.145727  
     -2.705465        0.030334  
     -2.698489        0.208752  
     -2.702998        0.394133  
     -2.703192        0.569010  
     -2.670254        0.742131  
     -2.634333       -0.773060  
     -2.647638       -0.628161  
     -2.629099       -0.445192  
     -2.640805       -0.242107  
     -2.650979       -0.059642  
     -2.652621        0.117354  
     -2.646833        0.299609  
     -2.649529        0.478654  
     -2.640181        0.643687  
     -2.581326       -0.706958  
     -2.586580       -0.537435  
     -2.580406       -0.346024  
     -2.590827       -0.153521  
     -2.596221        0.027196  
     -2.593844        0.206431  
     -2.595071        0.387426  
     -2.589468        0.559305  
     -2.574649        0.719946  
     -2.560932       -0.827862  
     -2.533042       -0.625819  
     -2.528486       -0.441780  
     -2.536733       -0.251056  
     -2.541741       -0.064714  
     -2.543164        0.115435  
     -2.540503        0.295856  
     -2.538368        0.472096  
     -2.526657        0.642235  
     -2.583257        0.812287  
     -2.484429       -0.874831  
     -2.489629       -0.735674  
     -2.479614       -0.535570  
     -2.478722       -0.345957  
     -2.485719       -0.159048  
     -2.488373        0.024253  
     -2.487286        0.204488  
     -2.485964        0.383312  
     -2.478838        0.558104  
     -2.483758        0.749970  
     -2.500963        0.865469  
     -2.424271       -0.809310  
     -2.433483       -0.636365  
     -2.425976       -0.441245  
     -2.430981       -0.252587  
     -2.434611       -0.068159  
     -2.435093        0.113560  
     -2.432930        0.293397  
     -2.429172        0.471138  
     -2.428013        0.657414  
     -2.417336        0.819658  
     -2.396054       -0.918227  
     -2.377509       -0.723036  
     -2.378238       -0.538450  
     -2.375526       -0.346878  
     -2.379731       -0.160706  
     -2.381396        0.022182  
     -2.380167        0.202979  
     -2.377942        0.382329  
     -2.375808        0.565705  
     -2.369641        0.740797  
     -2.402597        0.915377  
     -2.309351       -0.950948  
     -2.326752       -0.826408  
     -2.326811       -0.628917  
     -2.324027       -0.442409  
     -2.325679       -0.253875  
     -2.327880       -0.069523  
     -2.327799        0.112317  
     -2.325690        0.292699  
     -2.324208        0.474312  
     -2.319826        0.654550  
     -2.321373        0.845852  
     -2.249667       -0.883108  
     -2.276527       -0.723837  
     -2.273162       -0.534661  
     -2.272120       -0.347908  
     -2.274036       -0.161856  
     -2.274729        0.021293  
     -2.273333        0.202594  
     -2.271937        0.383733  
     -2.269632        0.564146  
     -2.270230        0.754051  
     -2.306589        0.951842  
     -2.206350       -0.978478  
     -2.212656       -0.798532  
     -2.222579       -0.627372  
     -2.219749       -0.440754  
     -2.220810       -0.254823  
     -2.221762       -0.070351  
     -2.221116        0.112096  
     -2.219394        0.293584  
     -2.217838        0.473858  
     -2.218595        0.658430  
     -2.228016        0.856342  
     -2.214783        0.976662  
     -2.149971       -0.893401  
     -2.164767       -0.711005  
     -2.168351       -0.533211  
     -2.167574       -0.347519  
     -2.168739       -0.162609  
     -2.168666        0.020977  
     -2.167141        0.203285  
     -2.165346        0.384219  
     -2.165486        0.565685  
     -2.172563        0.752367  
     -2.152979        0.906836  
     -2.104855       -0.994487  
     -2.107295       -0.803005  
     -2.113570       -0.621191  
     -2.115032       -0.440035  
     -2.115788       -0.255034  
     -2.116258       -0.070751  
     -2.115224        0.112453  
     -2.113083        0.294460  
     -2.111969        0.475559  
     -2.115630        0.656779  
     -2.112670        0.821907  
     -2.106884        0.994271  
     -2.052839       -0.902033  
     -2.058286       -0.712230  
     -2.061258       -0.530300  
     -2.062762       -0.347590  
     -2.063693       -0.162905  
     -2.063278        0.021120  
     -2.061361        0.203942  
     -2.059199        0.386040  
     -2.059506        0.566453  
     -2.059641        0.735865  
     -2.051867        0.907561  
     -2.002115       -0.999998  
     -2.005313       -0.806851  
     -2.006937       -0.621218  
     -2.009085       -0.439302  
     -2.010998       -0.255472  
     -2.011325       -0.070696  
     -2.009859        0.112987  
     -2.007450        0.295569  
     -2.005465        0.477598  
     -2.003840        0.651496  
     -2.003053        0.818387  
     -2.002704        0.999996  
     -1.955360       -0.902639  
     -1.953793       -0.713150  
     -1.954815       -0.531162  
     -1.957646       -0.348093  
     -1.959223       -0.163053  
     -1.958429        0.021565  
     -1.956046        0.204883  
     -1.953535        0.386981  
     -1.949722        0.567050  
     -1.946987        0.736460  
     -1.953797        0.907935  
     -1.898922       -0.994878  
     -1.903254       -0.804545  
     -1.900479       -0.623092  
     -1.903580       -0.441325  
     -1.906725       -0.255813  
     -1.907022       -0.070491  
     -1.905006        0.113915  
     -1.901942        0.296500  
     -1.898905        0.477174  
     -1.892148        0.657915  
     -1.893331        0.822817  
     -1.898470        0.994832  
     -1.858117       -0.895228  
     -1.847264       -0.713769  
     -1.848515       -0.535431  
     -1.853656       -0.349262  
     -1.855363       -0.163146  
     -1.854244        0.022285  
     -1.850930        0.206122  
     -1.847350        0.387176  
     -1.843737        0.567841  
     -1.834037        0.753877  
     -1.852576        0.907663  
     -1.796013       -0.978974  
     -1.797631       -0.801782  
     -1.792265       -0.630464  
     -1.799877       -0.443557  
     -1.803320       -0.256617  
     -1.803455       -0.069980  
     -1.800688        0.115053  
     -1.796073        0.297771  
     -1.792905        0.477493  
     -1.789145        0.660959  
     -1.777638        0.857892  
     -1.790548        0.977819  
     -1.758063       -0.886743  
     -1.735858       -0.727393  
     -1.744933       -0.538638  
     -1.750683       -0.351104  
     -1.752477       -0.163062  
     -1.750695        0.023369  
     -1.746121        0.207533  
     -1.740789        0.388908  
     -1.739319        0.568222  
     -1.736165        0.756684  
     -1.698660        0.953517  
     -1.689993       -0.950734  
     -1.683608       -0.829669  
     -1.688986       -0.634324  
     -1.697203       -0.446872  
     -1.701165       -0.257022  
     -1.700720       -0.069220  
     -1.696865        0.116846  
     -1.690518        0.299353  
     -1.686351        0.479985  
     -1.687368        0.658658  
     -1.683901        0.848334  
     -1.600503       -0.916734  
     -1.634543       -0.729683  
     -1.642020       -0.544446  
     -1.649392       -0.351870  
     -1.650489       -0.162704  
     -1.648016        0.025083  
     -1.641518        0.210076  
     -1.634606        0.389971  
     -1.632630        0.571317  
     -1.635993        0.744333  
     -1.602260        0.917498  
     -1.587502       -0.818363  
     -1.584336       -0.644482  
     -1.597250       -0.447631  
     -1.599869       -0.257007  
     -1.599003       -0.067563  
     -1.593861        0.119333  
     -1.584375        0.302614  
     -1.580770        0.478675  
     -1.578190        0.662210  
     -1.587339        0.822204  
     -1.504260       -0.868471  
     -1.523432       -0.746687  
     -1.543828       -0.543766  
     -1.548749       -0.352109  
     -1.549639       -0.160623  
     -1.546158        0.027280  
     -1.537740        0.213445  
     -1.525810        0.393316  
     -1.528566        0.564520  
     -1.520576        0.753320  
     -1.503535        0.868057  
     -1.424407       -0.817736  
     -1.488400       -0.637267  
     -1.497260       -0.447995  
     -1.500040       -0.253555  
     -1.497743       -0.065244  
     -1.491921        0.121890  
     -1.478542        0.307100  
     -1.469998        0.480784  
     -1.478278        0.646817  
     -1.420784        0.815174  
     -1.432323       -0.719817  
     -1.442558       -0.543948  
     -1.450365       -0.345413  
     -1.448656       -0.157518  
     -1.444829        0.029329  
     -1.435599        0.216612  
     -1.414996        0.398609  
     -1.415895        0.565372  
     -1.428710        0.722988  
     -1.339906       -0.751183  
     -1.379788       -0.637458  
     -1.401935       -0.434974  
     -1.398992       -0.248646  
     -1.396321       -0.063221  
     -1.391026        0.123776  
     -1.374861        0.311358  
     -1.356176        0.486480  
     -1.363052        0.646978  
     -1.271139       -0.684662  
     -1.352037       -0.519872  
     -1.348719       -0.337705  
     -1.346579       -0.154770  
     -1.343785        0.030472  
     -1.335482        0.218587  
     -1.303904        0.403684  
     -1.299522        0.572621  
     -1.333237        0.745269  
     -1.298303       -0.594432  
     -1.299822       -0.424440  
     -1.295735       -0.244807  
     -1.294391       -0.061680  
     -1.290970        0.124002  
     -1.275315        0.314279  
     -1.242421        0.492137  
     -1.258143        0.670558  
     -1.244981       -0.507110  
     -1.243471       -0.333062  
     -1.243571       -0.152406  
     -1.242399        0.031203  
     -1.237399        0.217718  
     -1.193381        0.405313  
     -1.191738        0.588823  
     -1.200710       -0.600946  
     -1.193807       -0.419977  
     -1.191421       -0.242278  
     -1.191890       -0.059665  
     -1.190493        0.124262  
     -1.181952        0.312437  
     -1.134427        0.500783  
     -1.142256       -0.514077  
     -1.136492       -0.330517  
     -1.140481       -0.150531  
     -1.140427        0.034379  
     -1.138643        0.217433  
     -1.087039        0.408047  
     -1.093515       -0.422238  
     -1.086979       -0.241483  
     -1.090249       -0.056086  
     -1.088680        0.129489  
     -1.091891        0.315057  
     -1.029659       -0.333333  
     -1.039045       -0.146978  
     -1.039485        0.039419  
     -1.039143        0.228615  
     -0.986226       -0.238619  
     -0.989548       -0.051762  
     -0.989914        0.137557  
     -0.997139        0.333333  
     -0.932775       -0.333333  
     -0.938564       -0.143924  
     -0.940370        0.045117  
     -0.943569        0.238236  
     -0.887112       -0.237939  
     -0.890152       -0.048133  
     -0.892546        0.143140  
     -0.896760        0.333333  
     -0.835565       -0.333333  
     -0.839541       -0.142443  
     -0.841982        0.048305  
     -0.844589        0.238581  
     -0.788747       -0.237569  
     -0.791497       -0.046701  
     -0.793602        0.143627  
     -0.796616        0.333333  
     -0.738107       -0.333333  
     -0.741007       -0.141978  
     -0.743064        0.048541  
     -0.745250        0.238625  
     -0.690563       -0.237548  
     -0.692703       -0.046700  
     -0.694499        0.143623  
     -0.696689        0.333333  
     -0.640347       -0.333333  
     -0.642427       -0.142113  
     -0.644101        0.048456  
     -0.645845        0.238545  
     -0.592248       -0.237671  
     -0.593889       -0.046843  
     -0.595342        0.143508  
     -0.596944        0.333333  
     -0.542284       -0.333333  
     -0.543785       -0.142253  
     -0.545102        0.048317  
     -0.546451        0.238460  
     -0.493789       -0.237755  
     -0.495025       -0.046980  
     -0.496159        0.143392  
     -0.497325        0.333333  
     -0.443987       -0.333333  
     -0.445057       -0.142362  
     -0.446062        0.048197  
     -0.447076        0.238391  
     -0.395200       -0.237820  
     -0.396104       -0.047089  
     -0.396955        0.143299  
     -0.397790        0.333333  
     -0.345506       -0.333333  
     -0.346250       -0.142448  
     -0.346983        0.048101  
     -0.347715        0.238338  
     -0.296502       -0.237868  
     -0.297130       -0.047174  
     -0.297733        0.143227  
     -0.298307        0.333333  
     -0.246887       -0.333333  
     -0.247375       -0.142512  
     -0.247871        0.048029  
     -0.248363        0.238300  
     -0.197717       -0.237902  
     -0.198113       -0.047235  
     -0.198497        0.143176  
     -0.198857        0.333333  
     -0.148171       -0.333333  
     -0.148447       -0.142554  
     -0.148733        0.047981  
     -0.149016        0.238275  
     -0.098873       -0.237922  
     -0.099064       -0.047272  
     -0.099251        0.143146  
     -0.099424        0.333333  
     -0.049397       -0.333333  
     -0.049486       -0.142575  
     -0.049580        0.047956  
     -0.049672        0.238263  
      0.000000       -0.237928  
      0.000000       -0.047284  
      0.000000        0.143135  
      0.000000        0.333333  
      0.049397       -0.333333  
      0.049486       -0.142575  
      0.049580        0.047956  
      0.049672        0.238263  
      0.098873       -0.237922  
      0.099064       -0.047272  
      0.099251        0.143146  
      0.099424        0.333333  
      0.148171       -0.333333  
      0.148447       -0.142554  
      0.148733        0.047981  
      0.149016        0.238275  
      0.197717       -0.237902  
      0.198113       -0.047235  
      0.198497        0.143176  
      0.198857        0.333333  
      0.246887       -0.333333  
      0.247375       -0.142512  
      0.247871        0.048029  
      0.248363        0.238300  
      0.296502       -0.237868  
      0.297130       -0.047174  
      0.297733        0.143227  
      0.298307        0.333333  
      0.345506       -0.333333  
      0.346250       -0.142448  
      0.346983        0.048101  
      0.347715        0.238338  
      0.395200       -0.237820  
      0.396104       -0.047089  
      0.396955        0.143299  
      0.397790        0.333333  
      0.443987       -0.333333  
      0.445057       -0.142362  
      0.446062        0.048197  
      0.447076        0.238391  
      0.493789       -0.237755  
      0.495025       -0.046980  
      0.496159        0.143392  
      0.497325        0.333333  
      0.542284       -0.333333  
      0.543785       -0.142253  
      0.545102        0.048317  
      0.546451        0.238460  
      0.592248       -0.237671  
      0.593889       -0.046843  
      0.595342        0.143508  
      0.596944        0.333333  
      0.640347       -0.333333  
      0.642427       -0.142113  
      0.644101        0.048456  
      0.645845        0.238545  
      0.690563       -0.237548  
      0.692703       -0.046700  
      0.694499        0.143623  
      0.696689        0.333333  
      0.738107       -0.333333  
      0.741007       -0.141978  
      0.743064        0.048541  
      0.745250        0.238625  
      0.788747       -0.237569  
      0.791497       -0.046701  
      0.793602        0.143627  
      0.796616        0.333333  
      0.835565       -0.333333  
      0.839541       -0.142443  
      0.841982        0.048305  
      0.844589        0.238581  
      0.887112       -0.237939  
      0.890152       -0.048133  
      0.892546        0.143140  
      0.896760        0.333333  
      0.932775       -0.333333  
      0.938564       -0.143924  
      0.940370        0.045117  
      0.943569        0.238236  
      0.986226       -0.238619  
      0.989548       -0.051762  
      0.989914        0.137557  
      0.997139        0.333333  
      1.029659       -0.333333  
      1.039045       -0.146978  
      1.039485        0.039419  
      1.039143        0.228615  
      1.093515       -0.422238  
      1.086979       -0.241483  
      1.090249       -0.056086  
      1.088680        0.129489  
      1.091891        0.315057  
      1.142256       -0.514077  
      1.136492       -0.330517  
      1.140481       -0.150531  
      1.140427        0.034379  
      1.138643        0.217433  
      1.087039        0.408047  
      1.200710       -0.600946  
      1.193807       -0.419977  
      1.191421       -0.242278  
      1.191890       -0.059665  
      1.190493        0.124262  
      1.181952        0.312437  
      1.134427        0.500783  
      1.244981       -0.507110  
      1.243471       -0.333062  
      1.243571       -0.152406  
      1.242399        0.031203  
      1.237399        0.217718  
      1.193381        0.405313  
      1.191738        0.588823  
      1.298303       -0.594432  
      1.299822       -0.424440  
      1.295735       -0.244807  
      1.294391       -0.061680  
      1.290970        0.124002  
      1.275315        0.314279  
      1.242421        0.492137  
      1.258143        0.670558  
      1.271139       -0.684662  
      1.352037       -0.519872  
      1.348719       -0.337705  
      1.346579       -0.154770  
      1.343785        0.030472  
      1.335482        0.218587  
      1.303904        0.403684  
      1.299522        0.572621  
      1.333237        0.745269  
      1.339906       -0.751183  
      1.379788       -0.637458  
      1.401935       -0.434974  
      1.398992       -0.248646  
      1.396321       -0.063221  
      1.391026        0.123776  
      1.374861        0.311358  
      1.356176        0.486480  
      1.363052        0.646978  
      1.432323       -0.719817  
      1.442558       -0.543948  
      1.450365       -0.345413  
      1.448656       -0.157518  
      1.444829        0.029329  
      1.435599        0.216612  
      1.414996        0.398609  
      1.415895        0.565372  
      1.428710        0.722988  
      1.424407       -0.817736  
      1.488400       -0.637267  
      1.497260       -0.447995  
      1.500040       -0.253555  
      1.497743       -0.065244  
      1.491921        0.121890  
      1.478542        0.307100  
      1.469998        0.480784  
      1.478278        0.646817  
      1.420784        0.815174  
      1.504260       -0.868471  
      1.523432       -0.746687  
      1.543828       -0.543766  
      1.548749       -0.352109  
      1.549639       -0.160623  
      1.546158        0.027280  
      1.537740        0.213445  
      1.525810        0.393316  
      1.528566        0.564520  
      1.520576        0.753320  
      1.503535        0.868057  
      1.587502       -0.818363  
      1.584336       -0.644482  
      1.597250       -0.447631  
      1.599869       -0.257007  
      1.599003       -0.067563  
      1.593861        0.119333  
      1.584375        0.302614  
      1.580770        0.478675  
      1.578190        0.662210  
      1.587339        0.822204  
      1.600503       -0.916734  
      1.634543       -0.729683  
      1.642020       -0.544446  
      1.649392       -0.351870  
      1.650489       -0.162704  
      1.648016        0.025083  
      1.641518        0.210076  
      1.634606        0.389971  
      1.632630        0.571317  
      1.635993        0.744333  
      1.602260        0.917498  
      1.689993       -0.950734  
      1.683608       -0.829669  
      1.688986       -0.634324  
      1.697203       -0.446872  
      1.701165       -0.257022  
      1.700720       -0.069220  
      1.696865        0.116846  
      1.690518        0.299353  
      1.686351        0.479985  
      1.687368        0.658658  
      1.683901        0.848334  
      1.758063       -0.886743  
      1.735858       -0.727393  
      1.744933       -0.538638  
      1.750683       -0.351104  
      1.752477       -0.163062  
      1.750695        0.023369  
      1.746121        0.207533  
      1.740789        0.388908  
      1.739319        0.568222  
      1.736165        0.756684  
      1.698660        0.953517  
      1.796013       -0.978974  
      1.797631       -0.801782  
      1.792265       -0.630464  
      1.799877       -0.443557  
      1.803320       -0.256617  
      1.803455       -0.069980  
      1.800688        0.115053  
      1.796073        0.297771  
      1.792905        0.477493  
      1.789145        0.660959  
      1.777638        0.857892  
      1.790548        0.977819  
      1.858117       -0.895228  
      1.847264       -0.713769  
      1.848515       -0.535431  
      1.853656       -0.349262  
      1.855363       -0.163146  
      1.854244        0.022285  
      1.850930        0.206122  
      1.847350        0.387176  
      1.843737        0.567841  
      1.834037        0.753877  
      1.852576        0.907663  
      1.898922       -0.994878  
      1.903254       -0.804545  
      1.900479       -0.623092  
      1.903580       -0.441325  
      1.906725       -0.255813  
      1.907022       -0.070491  
      1.905006        0.113915  
      1.901942        0.296500  
      1.898905        0.477174  
      1.892148        0.657915  
      1.893331        0.822817  
      1.898470        0.994832  
      1.955360       -0.902639  
      1.953793       -0.713150  
      1.954815       -0.531162  
      1.957646       -0.348093  
      1.959223       -0.163053  
      1.958429        0.021565  
      1.956046        0.204883  
      1.953535        0.386981  
      1.949722        0.567050  
      1.946987        0.736460  
      1.953797        0.907935  
      2.002115       -0.999998  
      2.005313       -0.806851  
      2.006937       -0.621218  
      2.009085       -0.439302  
      2.010998       -0.255472  
      2.011325       -0.070696  
      2.009859        0.112987  
      2.007450        0.295569  
      2.005465        0.477598  
      2.003840        0.651496  
      2.003053        0.818387  
      2.002704        0.999996  
      2.052839       -0.902033  
      2.058286       -0.712230  
      2.061258       -0.530300  
      2.062762       -0.347590  
      2.063693       -0.162905  
      2.063278        0.021120  
      2.061361        0.203942  
      2.059199        0.386040  
      2.059506        0.566453  
      2.059641        0.735865  
      2.051867        0.907561  
      2.104855       -0.994487  
      2.107295       -0.803005  
      2.113570       -0.621191  
      2.115032       -0.440035  
      2.115788       -0.255034  
      2.116258       -0.070751  
      2.115224        0.112453  
      2.113083        0.294460  
      2.111969        0.475559  
      2.115630        0.656779  
      2.112670        0.821907  
      2.106884        0.994271  
      2.149971       -0.893401  
      2.164767       -0.711005  
      2.168351       -0.533211  
      2.167574       -0.347519  
      2.168739       -0.162609  
      2.168666        0.020977  
      2.167141        0.203285  
      2.165346        0.384219  
      2.165486        0.565685  
      2.172563        0.752367  
      2.152979        0.906836  
      2.206350       -0.978478  
      2.212656       -0.798532  
      2.222579       -0.627372  
      2.219749       -0.440754  
      2.220810       -0.254823  
      2.221762       -0.070351  
      2.221116        0.112096  
      2.219394        0.293584  
      2.217838        0.473858  
      2.218595        0.658430  
      2.228016        0.856342  
      2.214783        0.976662  
      2.249667       -0.883108  
      2.276527       -0.723837  
      2.273162       -0.534661  
      2.272120       -0.347908  
      2.274036       -0.161856  
      2.274729        0.021293  
      2.273333        0.202594  
      2.271937        0.383733  
      2.269632        0.564146  
      2.270230        0.754051  
      2.306589        0.951842  
      2.309351       -0.950948  
      2.326752       -0.826408  
      2.326811       -0.628917  
      2.324027       -0.442409  
      2.325679       -0.253875  
      2.327880       -0.069523  
      2.327799        0.112317  
      2.325690        0.292699  
      2.324208        0.474312  
      2.319826        0.654550  
      2.321373        0.845852  
      2.396054       -0.918227  
      2.377509       -0.723036  
      2.378238       -0.538450  
      2.375526       -0.346878  
      2.379731       -0.160706  
      2.381396        0.022182  
      2.380167        0.202979  
      2.377942        0.382329  
      2.375808        0.565705  
      2.369641        0.740797  
      2.402597        0.915377  
      2.424271       -0.809310  
      2.433483       -0.636365  
      2.425976       -0.441245  
      2.430981       -0.252587  
      2.434611       -0.068159  
      2.435093        0.113560  
      2.432930        0.293397  
      2.429172        0.471138  
      2.428013        0.657414  
      2.417336        0.819658  
      2.484429       -0.874831  
      2.489629       -0.735674  
      2.479614       -0.535570  
      2.478722       -0.345957  
      2.485719       -0.159048  
      2.488373        0.024253  
      2.487286        0.204488  
      2.485964        0.383312  
      2.478838        0.558104  
      2.483758        0.749970  
      2.500963        0.865469  
      2.560932       -0.827862  
      2.533042       -0.625819  
      2.528486       -0.441780  
      2.536733       -0.251056  
      2.541741       -0.064714  
      2.543164        0.115435  
      2.540503        0.295856  
      2.538368        0.472096  
      2.526657        0.642235  
      2.583257        0.812287  
      2.581326       -0.706958  
      2.586580       -0.537435  
      2.580406       -0.346024  
      2.590827       -0.153521  
      2.596221        0.027196  
      2.593844        0.206431  
      2.595071        0.387426  
      2.589468        0.559305  
      2.574649        0.719946  
      2.634333       -0.773060  
      2.647638       -0.628161  
      2.629099       -0.445192  
      2.640805       -0.242107  
      2.650979       -0.059642  
      2.652621        0.117354  
      2.646833        0.299609  
      2.649529        0.478654  
      2.640181        0.643687  
      2.702680       -0.711506  
      2.694233       -0.544218  
      2.673604       -0.332102  
      2.697071       -0.145727  
      2.705465        0.030334  
      2.698489        0.208752  
      2.702998        0.394133  
      2.703192        0.569010  
      2.670254        0.742131  
      2.766178       -0.642629  
      2.714426       -0.422175  
      2.748139       -0.231817  
      2.764406       -0.054511  
      2.764227        0.120188  
      2.750323        0.305231  
      2.759589        0.488968  
      2.744900        0.667176  
      2.768973       -0.499426  
      2.766654       -0.319364  
      2.803980       -0.139748  
      2.814595        0.034426  
      2.798945        0.212965  
      2.808336        0.404070  
      2.810772        0.585363  
      2.821264       -0.570548  
      2.814215       -0.407669  
      2.859918       -0.228392  
      2.882965       -0.051830  
      2.878721        0.129380  
      2.849492        0.315552  
      2.867567        0.497321  
      2.875392       -0.483414  
      2.859726       -0.316065  
      2.904914       -0.141933  
      2.914867        0.039832  
      2.891378        0.224480  
      2.914752        0.404015  
      2.920067       -0.391762  
      2.956284       -0.292438  
      2.995384       -0.095973  
      2.994520        0.104549  
      2.952009        0.306069  
      2.979583       -0.201040  
      2.999997       -0.002249  
      2.979899        0.199492  
