#  p18_triangles.txt
#  created by TABLE_IO.M
#  at 21-Aug-2008 11:52:51
#
#  Spatial dimension M = 3
#  Number of points N = 1609
#
         186           174           197  
         857           871           865  
         869           875           863  
         863           875           870  
         441           445           449  
           1             5            17  
           2             6            18  
         207           196           184  
         127           105           116  
         184           196           173  
         173           162           150  
         173           196           185  
         185           162           173  
          83            72            93  
         104           126           116  
          83            93           104  
         116           126           138  
         138           127           116  
         408           400           404  
         404           400           396  
         209           186           197  
         197           220           209  
         872           865           881  
         871           880           877  
         881           865           877  
         877           865           871  
         864           871           857  
         864           880           871  
         876           870           875  
         880           864           876  
         876           864           870  
         744           756           733  
         733           756           745  
         838           847           830  
         863           870           856  
         870           864           856  
         873           882           879  
         879           867           873  
         866           882           873  
           3             7            19  
          84            73            83  
         437           445           441  
         480           476           484  
         405           408           413  
         400           408           405  
         541           548           535  
          11            17            24  
          24            18            11  
           1            17            11  
          11             6             1  
          11            18             6  
          32            18            24  
         107            95           106  
          28            44            36  
         103            93            82  
          82            93            72  
          45            36            54  
          54            36            44  
          83            73            63  
          63            72            83  
          63            73            45  
          45            54            63  
          63            54            72  
         150           162           139  
         139           138           150  
         127           138           139  
         116           105            94  
          94           104           116  
         105            84            94  
          83           104            94  
          94            84            83  
         115            93           103  
         115           104            93  
         126           104           115  
         149           138           126  
          79            69            59  
          33            41            51  
          41            59            51  
          51            59            69  
         429           425           421  
         433           425           429  
         433           437           441  
         429           437           433  
         433           430           425  
         354           348           358  
         366           362           358  
         358           362           354  
         354           362           359  
         223           235           212  
         412           408           404  
         424           420           428  
         429           421           424  
         190           201           213  
         878           882           866  
         866           872           878  
         878           872           881  
         767           756           744  
         778           799           789  
         789           799           810  
         745           756           768  
         768           789           779  
         778           789           768  
         768           767           778  
         756           767           768  
         744           733           721  
         722           733           745  
         847           862           839  
         839           830           847  
         850           841           857  
         850           833           841  
         857           865           850  
         634           645           623  
         825           843           835  
         859           873           867  
         843           851           859  
         866           873           859  
         859           851           866  
          33            19            25  
          18            32            25  
          25            41            33  
          25            32            41  
           2            18            12  
          12             7             2  
          12            19             7  
          18            25            12  
          12            25            19  
         874           868           860  
         860           867           874  
         874           867           879  
         445           448           453  
         453           449           445  
         440           448           445  
         445           437           440  
         440           436           444  
         444           448           440  
         461           464           469  
         477           480           485  
         485           481           477  
         476           480           472  
         472           468           476  
         464           468           472  
         472           469           464  
         472           480           477  
         477           469           472  
         486           482           478  
         478           481           486  
         493           497           489  
         489           485           493  
         481           485           489  
         486           481           489  
         500           496           492  
         413           421           417  
         417           421           425  
         400           405           397  
         405           401           397  
         441           449           446  
         449           454           446  
         410           414           418  
         418           415           410  
         370           362           366  
         434           431           426  
         426           430           434  
         423           415           418  
         418           426           423  
         423           426           431  
         439           431           434  
         435           431           439  
         435           439           443  
         443           439           447  
          14             8            20  
          20            27            14  
          14            27            21  
          35            27            43  
          35            43            53  
          53            44            35  
          35            21            27  
          35            44            28  
          28            21            35  
         106           128           117  
         117           107           106  
          85            74            95  
          95           107            85  
          64            74            85  
         174           186           163  
         163           151           174  
         186           175           163  
         163           175           152  
          29            37            47  
         334           348           342  
         342           348           354  
         399           395           391  
         391           394           399  
         386           394           391  
         185           196           208  
         150           138           161  
         138           149           161  
         184           173           161  
         161           173           150  
          60            51            69  
         200           223           212  
         187           175           198  
         186           209           198  
         198           175           186  
         380           388           384  
         389           381           384  
         392           396           400  
         392           388           396  
         392           384           388  
         400           397           392  
         392           397           389  
         389           384           392  
         432           437           429  
         429           424           432  
         432           440           437  
         432           424           428  
         428           436           432  
         436           440           432  
         416           412           420  
         420           424           416  
         408           412           416  
         416           424           421  
         413           408           416  
         416           421           413  
         745           768           757  
         757           768           779  
         779           769           757  
         757           769           746  
         733           722           710  
         698           721           710  
         710           721           733  
         746           735           723  
         723           735           712  
         790           769           779  
         790           780           769  
         790           811           801  
         801           780           790  
         830           811           820  
         838           830           820  
         820           829           838  
         810           829           820  
         855           839           862  
         855           869           863  
         855           862           869  
         692           680           703  
         857           841           849  
         849           864           857  
         849           856           864  
         841           833           823  
         813           823           803  
         793           804           783  
         635           623           645  
         591           601           612  
         634           623           612  
         668           680           657  
         657           645           668  
         657           635           645  
         602           582           591  
         591           612           602  
         602           612           623  
         592           582           602  
         555           548           541  
         555           564           548  
         667           679           656  
         634           644           656  
         656           644           667  
         656           679           668  
         668           645           656  
         656           645           634  
         702           713           725  
         689           678           666  
         701           689           712  
         678           689           701  
         655           678           667  
         667           644           655  
         655           644           633  
         666           678           655  
         804           824           815  
         865           872           858  
         858           850           865  
         858           872           866  
         866           851           858  
         834           851           843  
         834           843           825  
         825           815           834  
         834           815           824  
         852           859           867  
         852           844           835  
         852           835           843  
         843           859           852  
         852           867           860  
         860           844           852  
         846           819           828  
         686           663           674  
         626           615           637  
         828           819           808  
         819           809           808  
         456           453           448  
         456           464           461  
         461           453           456  
         488           485           480  
         488           492           496  
         488           496           493  
         493           485           488  
         488           480           484  
         484           492           488  
         481           478           473  
         477           481           473  
         473           469           477  
         414           417           422  
         430           426           422  
         425           430           422  
         422           417           425  
         418           414           422  
         422           426           418  
         398           401           406  
         414           410           406  
         393           401           398  
         389           397           393  
         393           397           401  
         409           417           414  
         414           406           409  
         409           406           401  
         409           401           405  
         409           405           413  
         413           417           409  
         430           433           438  
         434           430           438  
         438           433           441  
         441           446           438  
         399           394           402  
         402           394           398  
         398           406           402  
         402           406           410  
         367           359           362  
         362           370           367  
         370           375           367  
         363           359           367  
         450           455           447  
         458           455           450  
         450           446           454  
         454           458           450  
         451           455           459  
         451           443           447  
         447           455           451  
         486           489           494  
         494           489           497  
         511           506           514  
         596           607           587  
         577           559           567  
         592           583           574  
         574           582           592  
         564           582           574  
         542           535           548  
         605           616           595  
         605           615           626  
         626           616           605  
         532           523           527  
         550           543           557  
          13             8             3  
          13            20             8  
           3            19            13  
         107           117           129  
         129           118           107  
          56            47            65  
         140           163           152  
         152           129           140  
         140           129           117  
         140           117           128  
         128           151           140  
         151           163           140  
         155           166           178  
         201           190           178  
          38            15            29  
          29            47            38  
          38            47            56  
          56            48            38  
          79            59            68  
          41            32            50  
          50            59            41  
          50            68            59  
          58            68            50  
          58            50            40  
          40            32            24  
          40            50            32  
          62            82            72  
          62            71            82  
          72            54            62  
          53            71            62  
          62            44            53  
          62            54            44  
         213           201           224  
         212           235           224  
         224           201           212  
         213           224           236  
         280           300           291  
         269           258           279  
         318           326           334  
         354           359           349  
         349           342           354  
         283           272           293  
         272           282           293  
         103            82            92  
          81           102            92  
          92            71            81  
          82            71            92  
          91           102            81  
         231           208           219  
         196           207           219  
         219           208           196  
         261           282           272  
         271           282           261  
         271           261           250  
         250           261           239  
         240           252           229  
         241           218           229  
         229           252           241  
         387           391           395  
         415           423           419  
         419           411           415  
         403           395           399  
         415           411           407  
         399           402           407  
         407           403           399  
         411           403           407  
         407           410           415  
         407           402           410  
         755           732           743  
         125           115           103  
         126           115           137  
         137           149           126  
         115           125           137  
         137           125           148  
         195           207           184  
         195           218           207  
          81            71            61  
          53            43            61  
          61            71            53  
          33            51            42  
          51            60            42  
         328           336           320  
         320           311           328  
         188           177           165  
         200           177           188  
         235           223           246  
         268           279           258  
         374           370           366  
         385           381           389  
         389           393           385  
         758           780           770  
         770           747           758  
         758           747           735  
         758           735           746  
         746           769           758  
         769           780           758  
         699           710           722  
         746           723           734  
         734           757           746  
         745           757           734  
         734           722           745  
         700           723           712  
         712           689           700  
         811           790           800  
         800           820           811  
         779           789           800  
         800           790           779  
         800           789           810  
         810           820           800  
         863           856           848  
         848           855           863  
         839           855           848  
         725           713           736  
         736           748           725  
         725           748           737  
         737           748           760  
         791           780           801  
         770           780           791  
         770           791           781  
         781           791           802  
         814           804           793  
         793           803           814  
         814           803           823  
         814           824           804  
         833           824           814  
         814           823           833  
         793           783           772  
         603           583           592  
         622           612           601  
         633           644           622  
         622           644           634  
         634           612           622  
         622           611           633  
         601           611           622  
         643           655           633  
         666           655           643  
         669           680           692  
         669           657           680  
         573           555           563  
         591           582           573  
         573           582           564  
         564           555           573  
         529           534           541  
         541           535           529  
         535           525           529  
         529           525           520  
         554           572           563  
         563           572           581  
         581           601           591  
         591           573           581  
         581           573           563  
         590           611           601  
         601           581           590  
         590           581           572  
         590           572           580  
         570           571           561  
         579           571           570  
         712           735           724  
         735           747           724  
         724           701           712  
         713           701           724  
         724           736           713  
         747           736           724  
         690           701           713  
         690           679           667  
         667           678           690  
         678           701           690  
         690           702           679  
         713           702           690  
         845           861           854  
         851           834           842  
         850           858           842  
         842           858           851  
         833           850           842  
         842           824           833  
         842           834           824  
         662           663           651  
         662           674           663  
         662           650           673  
         661           650           639  
         673           650           661  
         639           627           649  
         649           661           639  
         672           661           649  
         625           615           604  
         625           637           615  
         805           815           825  
         460           468           464  
         464           456           460  
         461           469           465  
         469           473           465  
         446           450           442  
         434           438           442  
         442           438           446  
         442           439           434  
         447           439           442  
         442           450           447  
         474           478           482  
         618           607           628  
         639           650           628  
         618           629           608  
         608           607           618  
         502           497           505  
         502           494           497  
         511           514           519  
         527           523           519  
         518           513           521  
         483           487           491  
         498           502           506  
         494           502           498  
         511           519           515  
         515           519           523  
         545           559           552  
         586           577           595  
         595           616           606  
         606           586           595  
         596           586           606  
         606           616           627  
         595           577           585  
         585           605           595  
         567           576           585  
         585           577           567  
         593           575           583  
         583           603           593  
         584           593           604  
         575           593           584  
         565           574           583  
         565           575           557  
         583           575           565  
         530           525           535  
         535           542           530  
         521           525           530  
         530           542           536  
         538           532           544  
         544           550           558  
         558           576           567  
         543           550           537  
         537           550           544  
         537           532           527  
         544           532           537  
         141           129           152  
         141           153           130  
         130           118           141  
         118           129           141  
         165           177           154  
         154           177           166  
          64            85            75  
          75            86            65  
          30            38            48  
          89           100            79  
          79            68            89  
          10            23            17  
          10             5             4  
          10            17             5  
          58            40            49  
          24            17            31  
          17            23            31  
          31            40            24  
          31            49            40  
         270           280           291  
         291           281           270  
         269           279           290  
         290           280           269  
         300           280           290  
         334           342           327  
         327           318           334  
         343           336           328  
         313           304           294  
         303           293           312  
         313           294           303  
         283           293           303  
         303           294           283  
         292           282           271  
         271           281           292  
         312           293           302  
         302           320           312  
         311           320           302  
         302           293           282  
         282           292           302  
         302           292           311  
          70            91            81  
          81            61            70  
          91            70            80  
          80            60            69  
          80            70            60  
         227           250           239  
         252           240           262  
         262           272           283  
         239           261           251  
         251           261           272  
         272           262           251  
         251           262           240  
         391           387           383  
         386           391           383  
         379           375           383  
         383           387           379  
         427           419           423  
         427           431           435  
         427           423           431  
         731           743           720  
         720           732           709  
         720           743           732  
         798           809           788  
         798           808           809  
         798           787           808  
         754           743           731  
         754           766           755  
         755           743           754  
         808           787           797  
         786           807           797  
         149           137           160  
         160           137           148  
          43            27            34  
          27            20            34  
          52            42            60  
          60            70            52  
          52            70            61  
          52            34            42  
          52            61            43  
          43            34            52  
         166           177           189  
         212           201           189  
         189           200           212  
         189           177           200  
         201           178           189  
         189           178           166  
         165           153           176  
         176           188           165  
         232           209           220  
         243           232           220  
         244           232           243  
         199           176           187  
         188           176           199  
         233           244           255  
         235           246           257  
         257           246           267  
         267           246           256  
         247           224           235  
         235           257           247  
         247           257           268  
         247           236           224  
         258           236           247  
         247           268           258  
         279           268           289  
         298           308           289  
         370           374           378  
         386           383           378  
         378           382           386  
         378           374           382  
         378           375           370  
         378           383           375  
         382           374           377  
         377           385           382  
         373           381           377  
         381           385           377  
         390           393           398  
         390           385           393  
         382           385           390  
         398           394           390  
         390           394           386  
         386           382           390  
         364           372           368  
         368           372           376  
         376           384           381  
         380           384           376  
         376           372           380  
         376           381           373  
         373           368           376  
         340           333           325  
         325           332           340  
         365           368           373  
         347           333           340  
         340           352           347  
         347           352           357  
         316           308           298  
         316           325           308  
         332           325           316  
         331           345           339  
         191           203           180  
         698           710           687  
         710           699           687  
         722           734           711  
         711           734           723  
         723           700           711  
         711           700           688  
         711           699           722  
         688           699           711  
         677           689           666  
         677           700           689  
         688           700           677  
         677           665           688  
         813           802           822  
         714           702           725  
         725           737           714  
         748           736           759  
         759           736           747  
         759           747           770  
         770           781           759  
         760           748           771  
         748           759           771  
         771           759           781  
         703           714           726  
         726           714           737  
         613           603           592  
         592           602           613  
         623           635           613  
         613           602           623  
         600           590           580  
         611           590           600  
         580           571           589  
         589           571           579  
         589           600           580  
         610           600           589  
         620           610           599  
         599           609           620  
         599           589           579  
         610           589           599  
         534           529           524  
         528           534           524  
         520           516           524  
         524           529           520  
         563           555           547  
         547           554           563  
         547           555           541  
         541           534           547  
         546           533           539  
         676           699           688  
         688           665           676  
         676           687           699  
         854           846           837  
         837           845           854  
         837           846           828  
         868           861           853  
         861           845           853  
         860           868           853  
         853           844           860  
         707           696           684  
         684           661           672  
         684           696           673  
         673           661           684  
         650           662           640  
         618           628           640  
         640           628           650  
         640           629           618  
         651           629           640  
         640           662           651  
         672           683           695  
         695           684           672  
         707           684           695  
         718           707           695  
         627           616           638  
         638           649           627  
         638           616           626  
         835           844           826  
         795           806           785  
         775           763           785  
         816           805           825  
         825           835           816  
         816           806           795  
         795           805           816  
         835           826           816  
         816           826           806  
         706           729           718  
         718           695           706  
         706           695           683  
         751           740           728  
         763           740           751  
         452           456           448  
         452           460           456  
         452           448           444  
         461           465           457  
         457           453           461  
         449           453           457  
         457           454           449  
         478           474           470  
         470           474           466  
         470           473           478  
         470           465           473  
         512           516           520  
         512           508           516  
         482           487           479  
         479           474           482  
         479           483           475  
         487           483           479  
         607           596           617  
         617           628           607  
         617           606           627  
         596           606           617  
         617           627           639  
         639           628           617  
         587           607           597  
         607           608           597  
         597           569           587  
         514           518           522  
         527           519           522  
         522           519           514  
         526           518           521  
         521           530           526  
         526           530           536  
         526           522           518  
         506           502           510  
         510           514           506  
         510           518           514  
         510           502           505  
         505           513           510  
         513           518           510  
         490           487           482  
         494           498           490  
         490           482           486  
         486           494           490  
         503           506           511  
         503           498           506  
         511           515           507  
         507           503           511  
         499           503           507  
         577           586           568  
         559           577           568  
         568           552           559  
         560           552           568  
         566           584           576  
         576           558           566  
         566           558           550  
         566           550           557  
         557           575           566  
         575           584           566  
         576           584           594  
         594           585           576  
         605           585           594  
         615           605           594  
         604           615           594  
         594           584           604  
         574           565           556  
         556           542           548  
         548           564           556  
         564           574           556  
         536           542           549  
         549           565           557  
         542           556           549  
         549           556           565  
         557           543           549  
         549           543           536  
         551           538           544  
         567           559           551  
         551           559           545  
         545           538           551  
         551           558           567  
         544           558           551  
         164           141           152  
         153           141           164  
         164           176           153  
         187           176           164  
         164           175           187  
         152           175           164  
          66            48            56  
          57            48            66  
         120           132           110  
         142           153           165  
         165           154           142  
         130           153           142  
         142           119           130  
          96            85           107  
         107           118            96  
          96            75            85  
          86            75            96  
          55            46            64  
          64            75            55  
          55            75            65  
          55            65            47  
          37            46            55  
          55            47            37  
          16            30            23  
          23            10            16  
           4             9            16  
          16            10             4  
          15            38            22  
          38            30            22  
          30            16            22  
           9            15            22  
          22            16             9  
          23            30            39  
          57            49            39  
          39            48            57  
          39            30            48  
          39            31            23  
          49            31            39  
         110            88            98  
          98           120           110  
          67            49            57  
          58            49            67  
         248           258           269  
         248           236           258  
         249           237           259  
         259           270           249  
         280           270           259  
         269           280           259  
         259           248           269  
         237           248           259  
         250           227           238  
         260           270           281  
         260           281           271  
         271           250           260  
         250           238           260  
         249           270           260  
         260           238           249  
         317           333           326  
         308           325           317  
         317           325           333  
         318           327           310  
         291           300           310  
         300           318           310  
         342           349           335  
         335           327           342  
         335           343           328  
         349           343           335  
         355           359           363  
         355           349           359  
         355           343           349  
         321           303           312  
         313           303           321  
         295           304           322  
         322           304           313  
         122           133           145  
         102            91           113  
         113           123           135  
          91            80           101  
         101           113            91  
         123           113           101  
         731           720           708  
         787           798           777  
         777           798           788  
         788           766           777  
         766           754           777  
         818           797           807  
         818           837           828  
         828           808           818  
         808           797           818  
         731           708           719  
         719           696           707  
         719           708           696  
         775           786           764  
         787           777           765  
         765           777           754  
         135           147           124  
         124           113           135  
         102           113           124  
         148           125           136  
         136           124           147  
         172           161           149  
         149           160           172  
         184           161           172  
         172           195           184  
         158           147           135  
         170           147           158  
         180           203           192  
         192           169           180  
         135           123           146  
         146           158           135  
         169           158           146  
         217           240           229  
         171           160           148  
          20            13            26  
          26            34            20  
          42            34            26  
          33            42            26  
          26            19            33  
          26            13            19  
         221           198           209  
         209           232           221  
         221           232           244  
         244           233           221  
         255           244           265  
         314           323           306  
         306           297           287  
         210           199           187  
         222           199           210  
         187           198           210  
         198           221           210  
         210           233           222  
         210           221           233  
         188           199           211  
         223           200           211  
         200           188           211  
         211           199           222  
         278           257           267  
         268           257           278  
         298           289           278  
         278           289           268  
         222           233           245  
         245           266           256  
         245           233           255  
         255           266           245  
         338           345           331  
         331           323           338  
         338           323           314  
         307           316           298  
         297           307           288  
         288           278           267  
         298           278           288  
         288           307           298  
         369           374           366  
         369           377           374  
         373           377           369  
         369           365           373  
         357           352           360  
         368           365           360  
         360           365           357  
         360           352           356  
         356           364           360  
         360           364           368  
         353           347           357  
         353           358           348  
         351           339           345  
         168           191           180  
         168           179           191  
         225           248           237  
         213           236           225  
         236           248           225  
         203           191           214  
         214           225           237  
          99            88           110  
         144           132           155  
         665           677           654  
         642           665           654  
         666           643           654  
         654           677           666  
         813           822           832  
         832           823           813  
         832           849           841  
         841           823           832  
         802           791           812  
         812           822           802  
         812           791           801  
         691           714           703  
         691           680           668  
         691           703           680  
         702           714           691  
         668           679           691  
         679           702           691  
         760           771           782  
         782           772           760  
         782           803           793  
         793           772           782  
         692           703           715  
         703           726           715  
         621           600           610  
         611           600           621  
         633           611           621  
         621           643           633  
         579           570           588  
         588           599           579  
         554           547           540  
         540           546           554  
         540           534           528  
         540           547           534  
         528           533           540  
         533           546           540  
         553           546           539  
         553           539           561  
         561           571           553  
         653           665           642  
         653           676           665  
         682           671           659  
         660           683           672  
         660           671           683  
         672           649           660  
         649           638           660  
         624           613           635  
         603           613           624  
         614           636           625  
         614           625           604  
         604           593           614  
         614           593           603  
         603           624           614  
         614           624           636  
         670           693           682  
         682           659           670  
         806           826           817  
         796           785           806  
         806           817           796  
         796           817           807  
         775           785           796  
         796           786           775  
         796           807           786  
         762           773           784  
         784           805           795  
         774           785           763  
         763           751           774  
         774           751           762  
         762           784           774  
         795           785           774  
         774           784           795  
         682           693           705  
         705           716           728  
         705           693           716  
         761           772           783  
         783           773           761  
         462           466           458  
         462           470           466  
         462           458           454  
         465           470           462  
         454           457           462  
         462           457           465  
         520           525           517  
         517           512           520  
         521           513           517  
         517           525           521  
         508           512           504  
         504           496           500  
         500           508           504  
         466           474           471  
         474           479           471  
         475           467           471  
         471           479           475  
         543           537           531  
         522           526           531  
         531           537           527  
         527           522           531  
         536           543           531  
         531           526           536  
         498           503           495  
         487           490           495  
         495           490           498  
         491           487           495  
         495           499           491  
         495           503           499  
         578           568           586  
         578           596           587  
         578           586           596  
         587           569           578  
         569           560           578  
         560           568           578  
         109            97           119  
          87            97           109  
         109            98            87  
         120            98           109  
         143           154           166  
         143           166           155  
         155           132           143  
         132           120           143  
          86            96           108  
         108            97            86  
         108           118           130  
         108            96           118  
         130           119           108  
         119            97           108  
          65            86            76  
          86            97            76  
          56            65            76  
          76            66            56  
          87            66            76  
          76            97            87  
          77            66            87  
          87            98            77  
          57            66            77  
          77            98            88  
          77            67            57  
          88            67            77  
         249           238           226  
         226           237           249  
         203           214           226  
         226           214           237  
         309           317           326  
         300           290           309  
         326           318           309  
         309           318           300  
         299           290           279  
         308           317           299  
         299           309           290  
         317           309           299  
         299           289           308  
         279           289           299  
         319           310           327  
         327           335           319  
         328           311           319  
         319           335           328  
         312           320           329  
         329           321           312  
         329           320           336  
         336           344           329  
         337           321           329  
         329           344           337  
         350           344           336  
         336           343           350  
         343           355           350  
         313           321           330  
         330           322           313  
         330           321           337  
         100           122           112  
         123           101           112  
         134           122           145  
         134           146           123  
         123           112           134  
         134           112           122  
          79           100            90  
          90           101            80  
         100           112            90  
          90           112           101  
          90            69            79  
          90            80            69  
         242           253           264  
         263           241           252  
         263           253           241  
         696           708           685  
         673           696           685  
         685           662           673  
         674           662           685  
         697           708           720  
         686           674           697  
         674           685           697  
         697           685           708  
         709           686           697  
         697           720           709  
         776           764           786  
         786           797           776  
         776           797           787  
         753           764           776  
         787           765           776  
         776           765           753  
         718           729           741  
         741           764           753  
         752           763           775  
         775           764           752  
         752           740           763  
         764           741           752  
         729           740           752  
         752           741           729  
         753           765           742  
         731           719           742  
         742           754           731  
         742           765           754  
         114           125           103  
         103            92           114  
         114           136           125  
         124           136           114  
         114            92           102  
         102           124           114  
         159           147           170  
         159           136           147  
         148           136           159  
         159           171           148  
         181           158           169  
         169           192           181  
         170           158           181  
         181           192           204  
         204           193           181  
         181           193           170  
         206           217           229  
         229           218           206  
         218           195           206  
         240           217           228  
         239           251           228  
         228           251           240  
         217           206           194  
         183           172           160  
         160           171           183  
         171           194           183  
         195           172           183  
         183           206           195  
         183           194           206  
         287           266           276  
         255           265           276  
         276           266           255  
         244           243           254  
         254           265           244  
         314           306           305  
         234           256           246  
         234           246           223  
         223           211           234  
         234           211           222  
         222           245           234  
         234           245           256  
         277           266           287  
         256           266           277  
         287           297           277  
         297           288           277  
         267           256           277  
         277           288           267  
         316           307           324  
         331           339           324  
         332           316           324  
         324           339           332  
         347           353           341  
         326           333           341  
         333           347           341  
         334           326           341  
         341           348           334  
         341           353           348  
         365           369           361  
         357           365           361  
         361           353           357  
         358           353           361  
         366           358           361  
         361           369           366  
         332           339           346  
         339           351           346  
         340           332           346  
         346           352           340  
         356           352           346  
         346           351           356  
         145           133           156  
         156           168           145  
         179           168           156  
         133           144           156  
         191           179           202  
         202           214           191  
         225           214           202  
         202           179           190  
         202           190           213  
         213           225           202  
         121            99           110  
         121           144           133  
         110           132           121  
         132           144           121  
         133           122           111  
         111           121           133  
          99           121           111  
         111           122           100  
         100            89           111  
          89            99           111  
          78            67            88  
          88            99            78  
          78            99            89  
          58            67            78  
          78            68            58  
          78            89            68  
         840           832           822  
         840           848           856  
         856           849           840  
         849           832           840  
         821           812           801  
         801           811           821  
         821           811           830  
         830           839           821  
         822           812           831  
         848           840           831  
         831           840           822  
         812           821           831  
         839           848           831  
         831           821           839  
         792           782           771  
         792           781           802  
         792           771           781  
         792           802           813  
         813           803           792  
         803           782           792  
         762           751           739  
         728           716           739  
         739           751           728  
         692           715           704  
         716           693           704  
         632           621           610  
         620           642           632  
         632           610           620  
         642           654           632  
         632           654           643  
         643           621           632  
         609           599           598  
         599           588           598  
         619           609           598  
         554           546           562  
         546           553           562  
         572           554           562  
         580           572           562  
         562           571           580  
         562           553           571  
         631           653           642  
         631           642           620  
         620           609           631  
         631           609           619  
         687           676           664  
         676           653           664  
         648           660           638  
         626           637           648  
         648           638           626  
         637           659           648  
         648           659           671  
         671           660           648  
         636           624           646  
         646           624           635  
         635           657           646  
         657           669           646  
         647           670           659  
         625           636           647  
         637           625           647  
         647           659           637  
         836           826           844  
         836           817           826  
         844           853           836  
         836           853           845  
         805           784           794  
         804           815           794  
         815           805           794  
         794           783           804  
         794           773           783  
         794           784           773  
         729           706           717  
         717           705           728  
         728           740           717  
         717           740           729  
         760           772           749  
         772           761           749  
         749           737           760  
         749           726           737  
         750           773           762  
         750           761           773  
         762           739           750  
         512           517           509  
         509           504           512  
         509           513           505  
         509           517           513  
         466           471           463  
         463           455           458  
         458           466           463  
         459           455           463  
         463           467           459  
         463           471           467  
         131           142           154  
         154           143           131  
         119           142           131  
         131           109           119  
         120           109           131  
         131           143           120  
         215           226           238  
         215           227           204  
         215           238           227  
         204           192           215  
         215           192           203  
         203           226           215  
         310           319           301  
         301           281           291  
         291           310           301  
         301           292           281  
         311           292           301  
         301           319           311  
         363           367           371  
         371           375           379  
         371           367           375  
         157           134           145  
         146           134           157  
         145           168           157  
         157           168           180  
         180           169           157  
         169           146           157  
         253           242           230  
         241           253           230  
         231           219           230  
         230           242           231  
         218           241           230  
         207           218           230  
         230           219           207  
         252           262           273  
         273           263           252  
         283           294           273  
         273           262           283  
         264           253           274  
         253           263           274  
         274           285           264  
         730           741           753  
         753           742           730  
         730           742           719  
         718           741           730  
         730           707           718  
         730           719           707  
         182           194           171  
         170           193           182  
         182           159           170  
         171           159           182  
         205           182           193  
         194           182           205  
         205           228           217  
         217           194           205  
         265           254           275  
         286           276           275  
         275           276           265  
         296           305           306  
         296           306           287  
         287           276           296  
         296           276           286  
         286           305           296  
         315           324           307  
         315           307           297  
         315           323           331  
         331           324           315  
         315           306           323  
         297           306           315  
         167           156           144  
         167           144           155  
         190           179           167  
         179           156           167  
         155           178           167  
         167           178           190  
         727           704           715  
         727           750           739  
         727           739           716  
         716           704           727  
         653           631           641  
         641           664           653  
         636           646           658  
         658           647           636  
         670           647           658  
         658           646           669  
         817           836           827  
         837           818           827  
         845           837           827  
         827           836           845  
         827           818           807  
         807           817           827  
         694           717           706  
         694           706           683  
         682           705           694  
         705           717           694  
         694           671           682  
         683           671           694  
         504           509           501  
         493           496           501  
         496           504           501  
         501           497           493  
         505           497           501  
         501           509           505  
         285           274           284  
         284           304           295  
         295           285           284  
         284           294           304  
         284           273           294  
         263           273           284  
         284           274           263  
         228           205           216  
         216           227           239  
         239           228           216  
         204           227           216  
         216           193           204  
         216           205           193  
         738           727           715  
         750           727           738  
         738           715           726  
         726           749           738  
         738           749           761  
         761           750           738  
         630           631           619  
         630           641           631  
         693           670           681  
         670           658           681  
         681           658           669  
         681           704           693  
         681           669           692  
         692           704           681  
         664           641           652  
         641           630           652  
         664           652           675  
         698           687           675  
         687           664           675  
