    0.0000000000000000e+00    5.0000000000000000e+03    1.0000000000000000e+02
    5.0000000000000003e-02    5.4000000000000000e+03    1.2500000000000000e+02
    1.0000000000000001e-01    5.8050000000000000e+03    1.6375000000000000e+02
    1.5000000000000002e-01    6.1953862499999996e+03    2.2446031249999999e+02
    2.0000000000000001e-01    6.5368012082533587e+03    3.2082290630998045e+02
    2.5000000000000000e-01    6.7710502167582081e+03    4.7498478739535540e+02
    2.9999999999999999e-01    6.8049260689039947e+03    7.1991427084520365e+02
    3.4999999999999998e-01    6.5056259979842871e+03    1.0948016437801825e+03
    3.9999999999999997e-01    5.7317145905002581e+03    1.6157563273519345e+03
    4.4999999999999996e-01    4.4526752263150447e+03    2.1970362811023965e+03
    4.9999999999999994e-01    2.9414049449105532e+03    2.5659214935781947e+03
    5.4999999999999993e-01    1.7260626055089735e+03    2.4150728722085732e+03
    5.9999999999999998e-01    1.0649554712001968e+03    1.8328214822490422e+03
    6.5000000000000002e-01    7.8107636526934198e+02    1.2091917309126768e+03
    7.0000000000000007e-01    6.7028978537727266e+02    7.4626652777059110e+02
    7.5000000000000011e-01    6.3727579776828156e+02    4.4816548849533433e+02
    8.0000000000000016e-01    6.4388237370249453e+02    2.6692349712962857e+02
    8.5000000000000020e-01    6.7389714408698478e+02    1.5924184880413370e+02
    9.0000000000000024e-01    7.1982433307003589e+02    9.5717818471302408e+01
    9.5000000000000029e-01    7.7802676340823473e+02    5.8193911462254810e+01
    1.0000000000000002e+00    8.4677415563204954e+02    3.5888418818883927e+01
    1.0500000000000003e+00    9.2537369408678853e+02    2.2502617240791430e+01
    1.1000000000000003e+00    1.0137463974869210e+03    1.4374808126805547e+01
    1.1500000000000004e+00    1.1122065552449901e+03    9.3732655563699989e+00
    1.2000000000000004e+00    1.2213422092903197e+03    6.2503838875620179e+00
    1.2500000000000004e+00    1.3419496586861221e+03    4.2702705937031507e+00
    1.3000000000000005e+00    1.4749985269215908e+03    2.9947085217091738e+00
    1.3500000000000005e+00    1.6216149414821339e+03    2.1599328595666716e+00
    1.4000000000000006e+00    1.7830759197508130e+03    1.6053533394340675e+00
    1.4500000000000006e+00    1.9608110183494471e+03    1.2320467020524997e+00
    1.5000000000000007e+00    2.1564089580346908e+03    9.7839496330209574e-01
    1.5500000000000007e+00    2.3716278899054878e+03    8.0567043115514714e-01
    1.6000000000000008e+00    2.6084085288031165e+03    6.8944778526753248e-01
    1.6500000000000008e+00    2.8688897093867768e+03    6.1447811512220396e-01
    1.7000000000000008e+00    3.1554261063372310e+03    5.7166954872872311e-01
    1.7500000000000009e+00    3.4706079447673028e+03    5.5641392710285709e-01
    1.8000000000000009e+00    3.8172825203248367e+03    5.6787115294878110e-01
    1.8500000000000010e+00    4.1985772274321307e+03    6.0909427036660468e-01
    1.9000000000000010e+00    4.6179234843087597e+03    6.8814653512139468e-01
    1.9500000000000011e+00    5.0790802711305987e+03    8.2074447433811593e-01
    2.0000000000000009e+00    5.5861545728302081e+03    1.0356662972565847e+00
    2.0500000000000007e+00    6.1436129517087593e+03    1.3856419519801924e+00
    2.1000000000000005e+00    6.7562716773111115e+03    1.9697481523825737e+00
    2.1500000000000004e+00    7.4292372143115472e+03    2.9810971241980280e+00
    2.2000000000000002e+00    8.1677314802037881e+03    4.8126402162843824e+00
    2.2500000000000000e+00    8.9766429576246792e+03    8.3025730577583001e+00
    2.2999999999999998e+00    9.8594014065933297e+03    1.5330671624242715e+01
    2.3499999999999996e+00    1.0815111298177448e+04    3.0338022618533220e+01
    2.3999999999999995e+00    1.1831000609757981e+04    6.4385374987175851e+01
    2.4499999999999993e+00    1.2861751988587224e+04    1.4645419910350398e+02
    2.4999999999999991e+00    1.3771195670134659e+04    3.5577573753521824e+02
    2.5499999999999989e+00    1.4168423777891332e+04    9.1280646321020345e+02
    2.5999999999999988e+00    1.2998660396088399e+04    2.3963575512991520e+03
    2.6499999999999986e+00    8.0686388363093056e+03    5.8705944751905245e+03
    2.6999999999999984e+00   -5.9803859500878661e+02    1.0040453223807028e+04
    2.7499999999999982e+00    5.4307325333373433e+02    4.1195398310209639e+03
    2.7999999999999980e+00    1.4993819901301634e+02    2.3953517002510503e+03
    2.8499999999999979e+00    9.3101074926636159e+01    1.2515490581162865e+03
    2.8999999999999977e+00    7.9107069892490713e+01    6.4325261345324998e+02
    2.9499999999999975e+00    7.6840610991545077e+01    3.2925918114427100e+02
    2.9999999999999973e+00    7.9464576759959272e+01    1.6842466207019072e+02
    3.0499999999999972e+00    8.4734275538485832e+01    8.6219900208197387e+01
    3.0999999999999970e+00    9.1746546936105986e+01    4.4205817221270010e+01
    3.1499999999999968e+00    1.0011005541280855e+02    2.2711268273316026e+01
    3.1999999999999966e+00    1.0966633568902203e+02    1.1696678085458537e+01
    3.2499999999999964e+00    1.2037642289285097e+02    6.0407488165342160e+00
    3.2999999999999963e+00    1.3226863243531034e+02    3.1294489683863995e+00
    3.3499999999999961e+00    1.4541271009177646e+02    1.6268136744918840e+00
    3.3999999999999959e+00    1.5990666922390966e+02    8.4889074502927575e-01
    3.4499999999999957e+00    1.7587018748798610e+02    4.4480686625053312e-01
    3.4999999999999956e+00    1.9344156058339203e+02    2.3413767316978026e-01
    3.5499999999999954e+00    2.1277665825035336e+02    1.2386263011828910e-01
    3.5999999999999952e+00    2.3404905306008496e+02    6.5884576536944919e-02
    3.6499999999999950e+00    2.5745087432154349e+02    3.5255321680932955e-02
    3.6999999999999948e+00    2.8319414645101961e+02    1.8989137849152994e-02
    3.7499999999999947e+00    3.1151248557358457e+02    1.0301210827331243e-02
    3.7999999999999945e+00    3.4266309233978518e+02    5.6319487820515437e-03
    3.8499999999999943e+00    3.7692901560156656e+02    3.1054535388593324e-03
    3.8999999999999941e+00    4.1462168305461415e+02    1.7283071012394633e-03
    3.9499999999999940e+00    4.5608370804135575e+02    9.7164259049240377e-04
    3.9999999999999938e+00    5.0169199021542022e+02    5.5229384858060447e-04
    4.0499999999999936e+00    5.5186113382068220e+02    3.1770913430202285e-04
    4.0999999999999934e+00    6.0704721213648577e+02    1.8515426561317667e-04
    4.1499999999999932e+00    6.6775191087065821e+02    1.0943673991993693e-04
    4.1999999999999931e+00    7.3452708734240559e+02    6.5679858790117435e-05
    4.2499999999999929e+00    8.0797978642791907e+02    4.0076474701183541e-05
    4.2999999999999927e+00    8.8877775859451469e+02    2.4895384571068700e-05
    4.3499999999999925e+00    9.7765553002867341e+02    1.5766661900297783e-05
    4.3999999999999924e+00    1.0754210799486680e+03    1.0195485579686669e-05
    4.4499999999999922e+00    1.1829631857506467e+03    6.7424088067494903e-06
    4.4999999999999920e+00    1.3012595027305072e+03    4.5676076136245840e-06
    4.5499999999999918e+00    1.4313854518148294e+03    3.1753502286082726e-06
    4.5999999999999917e+00    1.5745239960872823e+03    2.2694476325511523e-06
    4.6499999999999915e+00    1.7319763949813505e+03    1.6707187795728657e-06
    4.6999999999999913e+00    1.9051740339007565e+03    1.2694062131172709e-06
    4.7499999999999911e+00    2.0956914368071443e+03    9.9746906991413268e-07
    4.7999999999999909e+00    2.3052605800697811e+03    8.1229264320192157e-07
    4.8499999999999908e+00    2.5357866377022501e+03    6.8702825307907248e-07
    4.8999999999999906e+00    2.7893653011240435e+03    6.0483768612181099e-07
    4.9499999999999904e+00    3.0683018308990254e+03    5.5548583123295574e-07
    4.9999999999999902e+00    3.3751320136480481e+03    5.3340264456805969e-07
