    0.0000000000000000e+00    5.0000000000000000e+03    1.0000000000000000e+02
    5.0000000000000001e-03    5.0400000000000000e+03    1.0250000000000000e+02
    1.0000000000000000e-02    5.0800680000000002e+03    1.0512400000000000e+02
    1.4999999999999999e-02    5.1201879386313603e+03    1.0787835602647999e+02
    2.0000000000000000e-02    5.1603426688703503e+03    1.1076980008564843e+02
    2.5000000000000001e-02    5.2005138930429694e+03    1.1380546196842916e+02
    3.0000000000000002e-02    5.2406820942519789e+03    1.1699289216107253e+02
    3.5000000000000003e-02    5.2808264640924326e+03    1.2034008587956819e+02
    4.0000000000000001e-02    5.3209248265292772e+03    1.2385550823864948e+02
    4.4999999999999998e-02    5.3609535578207815e+03    1.2754812055705848e+02
    4.9999999999999996e-02    5.4008875023851151e+03    1.3142740778961132e+02
    5.4999999999999993e-02    5.4406998845249309e+03    1.3550340706315751e+02
    5.9999999999999991e-02    5.4803622159469551e+03    1.3978673727741847e+02
    6.4999999999999988e-02    5.5198441990411111e+03    1.4428862971253255e+02
    6.9999999999999993e-02    5.5591136259173963e+03    1.4902095956250062e+02
    7.4999999999999997e-02    5.5981362732395464e+03    1.5399627828714333e+02
    8.0000000000000002e-02    5.6368757929434787e+03    1.5922784664413339e+02
    8.5000000000000006e-02    5.6752935989866965e+03    1.6472966822658921e+02
    9.0000000000000011e-02    5.7133487503435717e+03    1.7051652329000322e+02
    9.5000000000000015e-02    5.7509978305419700e+03    1.7660400260428111e+02
    1.0000000000000002e-01    5.7881948241305445e+03    1.8300854101170080e+02
    1.0500000000000002e-01    5.8248909905747378e+03    1.8974745030894991e+02
    1.1000000000000003e-01    5.8610347362047023e+03    1.9683895100033936e+02
    1.1500000000000003e-01    5.8965714849817277e+03    2.0430220238908865e+02
    1.2000000000000004e-01    5.9314435490130154e+03    2.1215733038353122e+02
    1.2500000000000003e-01    5.9655899999295616e+03    2.2042545229454294e+02
    1.3000000000000003e-01    5.9989465424500913e+03    2.2912869778888992e+02
    1.3500000000000004e-01    6.0314453916870571e+03    2.3829022504009671e+02
    1.4000000000000004e-01    6.0630151560098848e+03    2.4793423098362433e+02
    1.4500000000000005e-01    6.0935807275670359e+03    2.5808595443665365e+02
    1.5000000000000005e-01    6.1230631828824871e+03    2.6877167068498500e+02
    1.5500000000000005e-01    6.1513796962838514e+03    2.8001867597133145e+02
    1.6000000000000006e-01    6.1784434692876830e+03    2.9185526014201992e+02
    1.6500000000000006e-01    6.2041636794605256e+03    3.0431066552494474e+02
    1.7000000000000007e-01    6.2284454526886848e+03    3.1741502992353236e+02
    1.7500000000000007e-01    6.2511898632207267e+03    3.3119931142348975e+02
    1.8000000000000008e-01    6.2722939662874096e+03    3.4569519252645830e+02
    1.8500000000000008e-01    6.2916508685451181e+03    3.6093496095400940e+02
    1.9000000000000009e-01    6.3091498420190774e+03    3.7695136431492779e+02
    1.9500000000000009e-01    6.3246764876269399e+03    3.9377743570842745e+02
    2.0000000000000009e-01    6.3381129547235469e+03    4.1144628725775289e+02
    2.0500000000000010e-01    6.3493382234019573e+03    4.2999086854648431e+02
    2.1000000000000010e-01    6.3582284564884567e+03    4.4944368697980008e+02
    2.1500000000000011e-01    6.3646574282504598e+03    4.6983648723297091e+02
    2.2000000000000011e-01    6.3684970367623555e+03    4.9119988719927881e+02
    2.2500000000000012e-01    6.3696179066082468e+03    5.1356296823061405e+02
    2.3000000000000012e-01    6.3678900881020772e+03    5.3695281799827239e+02
    2.3500000000000013e-01    6.3631838584329043e+03    5.6139402501100392e+02
    2.4000000000000013e-01    6.3553706290538194e+03    5.8690812473301423e+02
    2.4500000000000013e-01    6.3443239621867324e+03    6.1351299836458236e+02
    2.5000000000000011e-01    6.3299206974758508e+03    6.4122222669591497e+02
    2.5500000000000012e-01    6.3120421875617285e+03    6.7004440302777959e+02
    2.6000000000000012e-01    6.2905756386483263e+03    6.9998241096815502e+02
    2.6500000000000012e-01    6.2654155489964378e+03    7.3103267494852628e+02
    2.7000000000000013e-01    6.2364652347174633e+03    7.6318439352780433e+02
    2.7500000000000013e-01    6.2036384283063362e+03    7.9641876792014034e+02
    2.8000000000000014e-01    6.1668609311155242e+03    8.3070824062953989e+02
    2.8500000000000014e-01    6.1260722965407986e+03    8.6601576151247320e+02
    2.9000000000000015e-01    6.0812275162068217e+03    9.0229410091138823e+02
    2.9500000000000015e-01    6.0322986770854213e+03    9.3948523157842021e+02
    3.0000000000000016e-01    5.9792765534644395e+03    9.7751980279337613e+02
    3.0500000000000016e-01    5.9221720942512911e+03    1.0163167312145515e+03
    3.1000000000000016e-01    5.8610177635034142e+03    1.0557829334216165e+03
    3.1500000000000017e-01    5.7958686905946915e+03    1.0958132246583532e+03
    3.2000000000000017e-01    5.7268035863098994e+03    1.1362904068184898e+03
    3.2500000000000018e-01    5.6539253826358454e+03    1.1770855661304304e+03
    3.3000000000000018e-01    5.5773615572646213e+03    1.2180585972220956e+03
    3.3500000000000019e-01    5.4972641089444242e+03    1.2590589652806236e+03
    3.4000000000000019e-01    5.4138091568162308e+03    1.2999267119298206e+03
    3.4500000000000020e-01    5.3271961456596800e+03    1.3404937033768647e+03
    3.5000000000000020e-01    5.2376466493180706e+03    1.3805851115566761e+03
    3.5500000000000020e-01    5.1454027761383868e+03    1.4200211107334908e+03
    3.6000000000000021e-01    5.0507251925929058e+03    1.4586187636769646e+03
    3.6500000000000021e-01    4.9538907937969952e+03    1.4961940635344959e+03
    3.7000000000000022e-01    4.8551900617934198e+03    1.5325640903139299e+03
    3.7500000000000022e-01    4.7549241636042807e+03    1.5675492349035385e+03
    3.8000000000000023e-01    4.6534018505466784e+03    1.6009754391785950e+03
    3.8500000000000023e-01    4.5509362276250758e+03    1.6326763982899670e+03
    3.9000000000000024e-01    4.4478414665220016e+03    1.6624956709099622e+03
    3.9500000000000024e-01    4.3444295375274887e+03    1.6902886451092638e+03
    4.0000000000000024e-01    4.2410070345675631e+03    1.7159243116052007e+03
    4.0500000000000025e-01    4.1378721633871755e+03    1.7392868021694881e+03
    4.1000000000000025e-01    4.0353119561641706e+03    1.7602766587036710e+03
    4.1500000000000026e-01    3.9335997667853394e+03    1.7788118074738420e+03
    4.2000000000000026e-01    3.8329930902325104e+03    1.7948282227656616e+03
    4.2500000000000027e-01    3.7337317376145338e+03    1.8082802742676047e+03
    4.3000000000000027e-01    3.6360363859799736e+03    1.8191407623122534e+03
    4.3500000000000028e-01    3.5401075097800394e+03    1.8274006542414413e+03
    4.4000000000000028e-01    3.4461246892886984e+03    1.8330685432212256e+03
    4.4500000000000028e-01    3.3542462809025228e+03    1.8361698575194614e+03
    4.5000000000000029e-01    3.2646094253977485e+03    1.8367458533788379e+03
    4.5500000000000029e-01    3.1773303631517101e+03    1.8348524280849078e+03
    4.6000000000000030e-01    3.0925050201500908e+03    1.8305587916555146e+03
    4.6500000000000030e-01    3.0102098252941005e+03    1.8239460358658573e+03
    4.7000000000000031e-01    2.9305027179876488e+03    1.8151056382421089e+03
    4.7500000000000031e-01    2.8534243050414611e+03    1.8041379364245515e+03
    4.8000000000000032e-01    2.7789991273430524e+03    1.7911506051649415e+03
    4.8500000000000032e-01    2.7072369992426156e+03    1.7762571644370946e+03
    4.9000000000000032e-01    2.6381343869203642e+03    1.7595755429512481e+03
    4.9500000000000033e-01    2.5716757958646926e+03    1.7412267169973420e+03
    5.0000000000000033e-01    2.5078351417590393e+03    1.7213334401956999e+03
    5.0500000000000034e-01    2.4465770833364745e+03    1.7000190755660312e+03
    5.1000000000000034e-01    2.3878582999395448e+03    1.6774065374604504e+03
    5.1500000000000035e-01    2.3316287004819847e+03    1.6536173474301447e+03
    5.2000000000000035e-01    2.2778325541491440e+03    1.6287708050618828e+03
    5.2500000000000036e-01    2.2264095364302821e+03    1.6029832722540536e+03
    5.3000000000000036e-01    2.1772956869128921e+03    1.5763675673026207e+03
    5.3500000000000036e-01    2.1304242776764736e+03    1.5490324635166501e+03
    5.4000000000000037e-01    2.0857265931095408e+03    1.5210822858485906e+03
    5.4500000000000037e-01    2.0431326235625911e+03    1.4926165981646948e+03
    5.5000000000000038e-01    2.0025716764745910e+03    1.4637299732491797e+03
    5.5500000000000038e-01    1.9639729095106225e+03    1.4345118373832565e+03
    5.6000000000000039e-01    1.9272657908658682e+03    1.4050463813189890e+03
    5.6500000000000039e-01    1.8923804922686074e+03    1.3754125296324792e+03
    5.7000000000000040e-01    1.8592482203933271e+03    1.3456839607493300e+03
    5.7500000000000040e-01    1.8278014924125596e+03    1.3159291703503891e+03
    5.8000000000000040e-01    1.7979743613071719e+03    1.2862115713550045e+03
    5.8500000000000041e-01    1.7697025963499855e+03    1.2565896242149479e+03
    5.9000000000000041e-01    1.7429238239030924e+03    1.2271169918119951e+03
    5.9500000000000042e-01    1.7175776333472149e+03    1.1978427138175766e+03
    6.0000000000000042e-01    1.6936056526102670e+03    1.1688113959295129e+03
    6.0500000000000043e-01    1.6709515973967393e+03    1.1400634099377601e+03
    6.1000000000000043e-01    1.6495612978513252e+03    1.1116351010804083e+03
    6.1500000000000044e-01    1.6293827060283327e+03    1.0835589996275171e+03
    6.2000000000000044e-01    1.6103658871895273e+03    1.0558640340704578e+03
    6.2500000000000044e-01    1.5924629976218748e+03    1.0285757436965957e+03
    6.3000000000000045e-01    1.5756282513563290e+03    1.0017164886930894e+03
    6.3500000000000045e-01    1.5598178778812064e+03    9.7530565624994938e+02
    6.4000000000000046e-01    1.5449900726796718e+03    9.4935986142271190e+02
    6.4500000000000046e-01    1.5311049421804958e+03    9.2389314177105587e+02
    6.5000000000000047e-01    1.5181244444940542e+03    8.9891714501368801e+02
    6.5500000000000047e-01    1.5060123271105929e+03    8.7444130913430490e+02
    6.6000000000000048e-01    1.4947340625638790e+03    8.5047303454095447e+02
    6.6500000000000048e-01    1.4842567829091092e+03    8.2701784802421321e+02
    6.7000000000000048e-01    1.4745492137278636e+03    8.0407955838075509e+02
    6.7500000000000049e-01    1.4655816082534425e+03    7.8166040367049220e+02
    6.8000000000000049e-01    1.4573256821055882e+03    7.5976119015975917e+02
    6.8500000000000050e-01    1.4497545490329055e+03    7.3838142307207511e+02
    6.9000000000000050e-01    1.4428426579828320e+03    7.1751942932377335e+02
    6.9500000000000051e-01    1.4365657317514635e+03    6.9717247246598231e+02
    7.0000000000000051e-01    1.4309007074076767e+03    6.7733686008865925e+02
    7.0500000000000052e-01    1.4258256786366703e+03    6.5800804396803869e+02
    7.1000000000000052e-01    1.4213198401062548e+03    6.3918071325722349e+02
    7.1500000000000052e-01    1.4173634339240023e+03    6.2084888103184869e+02
    7.2000000000000053e-01    1.4139376982238987e+03    6.0300596450976388e+02
    7.2500000000000053e-01    1.4110248178966533e+03    5.8564485926638895e+02
    7.3000000000000054e-01    1.4086078774576504e+03    5.6875800776654648e+02
    7.3500000000000054e-01    1.4066708160300852e+03    5.5233746252982530e+02
    7.4000000000000055e-01    1.4051983844075698e+03    5.3637494424044633e+02
    7.4500000000000055e-01    1.4041761041499781e+03    5.2086189510467466e+02
    7.5000000000000056e-01    1.4035902286581127e+03    5.0578952774946475e+02
    7.5500000000000056e-01    1.4034277061665589e+03    4.9114886994559276e+02
    7.6000000000000056e-01    1.4036761445895436e+03    4.7693080542732372e+02
    7.6500000000000057e-01    1.4043237781514747e+03    4.6312611106893070e+02
    7.7000000000000057e-01    1.4053594357318511e+03    4.4972549066633798e+02
    7.7500000000000058e-01    1.4067725108532281e+03    4.3671960555997720e+02
    7.8000000000000058e-01    1.4085529332407116e+03    4.2409910232276496e+02
    7.8500000000000059e-01    1.4106911418818891e+03    4.1185463772504897e+02
    7.9000000000000059e-01    1.4131780595170740e+03    3.9997690117652206e+02
    7.9500000000000060e-01    1.4160050684911189e+03    3.8845663483354031e+02
    8.0000000000000060e-01    1.4191639878997642e+03    3.7728465154906274e+02
    8.0500000000000060e-01    1.4226470519654470e+03    3.6645185083159572e+02
    8.1000000000000061e-01    1.4264468895796444e+03    3.5594923296910872e+02
    8.1500000000000061e-01    1.4305565049510999e+03    3.4576791146390894e+02
    8.2000000000000062e-01    1.4349692593016498e+03    3.3589912391493425e+02
    8.2500000000000062e-01    1.4396788535537805e+03    3.2633424147485181e+02
    8.3000000000000063e-01    1.4446793119564811e+03    3.1706477700073708e+02
    8.3500000000000063e-01    1.4499649665983848e+03    3.0808239200894610e+02
    8.4000000000000064e-01    1.4555304427595925e+03    2.9937890253708082e+02
    8.4500000000000064e-01    1.4613706450559348e+03    2.9094628400866696e+02
    8.5000000000000064e-01    1.4674807443317268e+03    2.8277667518930923e+02
    8.5500000000000065e-01    1.4738561652593148e+03    2.7486238131664066e+02
    8.6000000000000065e-01    1.4804925746058802e+03    2.6719587648032945e+02
    8.6500000000000066e-01    1.4873858701300503e+03    2.5976980532272955e+02
    8.7000000000000066e-01    1.4945321700728816e+03    2.5257698412544499e+02
    8.7500000000000067e-01    1.5019278032097011e+03    2.4561040134210472e+02
    8.8000000000000067e-01    1.5095692994311341e+03    2.3886321763299750e+02
    8.8500000000000068e-01    1.5174533808234032e+03    2.3232876545287928e+02
    8.9000000000000068e-01    1.5255769532196573e+03    2.2600054823922031e+02
    8.9500000000000068e-01    1.5339370981956786e+03    2.1987223924439073e+02
    9.0000000000000069e-01    1.5425310654848288e+03    2.1393768005177608e+02
    9.0500000000000069e-01    1.5513562657885248e+03    2.0819087881255155e+02
    9.1000000000000070e-01    1.5604102639598925e+03    2.0262600823681203e+02
    9.1500000000000070e-01    1.5696907725395326e+03    1.9723740336994058e+02
    9.2000000000000071e-01    1.5791956456235389e+03    1.9201955918248535e+02
    9.2500000000000071e-01    1.5889228730450636e+03    1.8696712799939408e+02
    9.3000000000000071e-01    1.5988705748517987e+03    1.8207491679221110e+02
    9.3500000000000072e-01    1.6090369960627636e+03    1.7733788435576540e+02
    9.4000000000000072e-01    1.6194205016887527e+03    1.7275113838895604e+02
    9.4500000000000073e-01    1.6300195720016973e+03    1.6830993249746544e+02
    9.5000000000000073e-01    1.6408327980390511e+03    1.6400966313458946e+02
    9.5500000000000074e-01    1.6518588773301103e+03    1.5984586649485854e+02
    9.6000000000000074e-01    1.6630966098319302e+03    1.5581421537372646e+02
    9.6500000000000075e-01    1.6745448940632161e+03    1.5191051600531515e+02
    9.7000000000000075e-01    1.6862027234252241e+03    1.4813070488901752e+02
    9.7500000000000075e-01    1.6980691826993411e+03    1.4447084561466804e+02
    9.8000000000000076e-01    1.7101434447115989e+03    1.4092712569498636e+02
    9.8500000000000076e-01    1.7224247671549283e+03    1.3749585341307696e+02
    9.9000000000000077e-01    1.7349124895604818e+03    1.3417345469191991e+02
    9.9500000000000077e-01    1.7476060304098369e+03    1.3095646999201125e+02
    1.0000000000000007e+00    1.7605048843803509e+03    1.2784155124259904e+02
    1.0050000000000006e+00    1.7736086197163672e+03    1.2482545881130943e+02
    1.0100000000000005e+00    1.7869168757193752e+03    1.2190505851636080e+02
    1.0150000000000003e+00    1.8004293603506001e+03    1.1907731868501941e+02
    1.0200000000000002e+00    1.8141458479398593e+03    1.1633930726145344e+02
    1.0250000000000001e+00    1.8280661769948465e+03    1.1368818896668925e+02
    1.0300000000000000e+00    1.8421902481053189e+03    1.1112122251296184e+02
    1.0349999999999999e+00    1.8565180219369538e+03    1.0863575787437753e+02
    1.0399999999999998e+00    1.8710495173099121e+03    1.0622923361546708e+02
    1.0449999999999997e+00    1.8857848093574028e+03    1.0389917427890005e+02
    1.0499999999999996e+00    1.9007240277597782e+03    1.0164318783335395e+02
    1.0549999999999995e+00    1.9158673550499168e+03    9.9458963182280598e+01
    1.0599999999999994e+00    1.9312150249858551e+03    9.7344267734087211e+01
    1.0649999999999993e+00    1.9467673209868274e+03    9.5296945034047582e+01
    1.0699999999999992e+00    1.9625245746290525e+03    9.3314912458077629e+01
    1.0749999999999991e+00    1.9784871641977763e+03    9.1396158968348786e+01
    1.0799999999999990e+00    1.9946555132922369e+03    8.9538742930569214e+01
    1.0849999999999989e+00    2.0110300894803649e+03    8.7740789992636493e+01
    1.0899999999999987e+00    2.0276114030001693e+03    8.6000491024254217e+01
    1.0949999999999986e+00    2.0444000055048832e+03    8.4316100117007380e+01
    1.0999999999999985e+00    2.0613964888490650e+03    8.2685932644307414e+01
    1.1049999999999984e+00    2.0786014839129521e+03    8.1108363380544830e+01
    1.1099999999999983e+00    2.0960156594624705e+03    7.9581824678725866e+01
    1.1149999999999982e+00    2.1136397210423911e+03    7.8104804705817671e+01
    1.1199999999999981e+00    2.1314744099002055e+03    7.6675845734983909e+01
    1.1249999999999980e+00    2.1495205019383761e+03    7.5293542493858325e+01
    1.1299999999999979e+00    2.1677788066926773e+03    7.3956540567977157e+01
    1.1349999999999978e+00    2.1862501663344128e+03    7.2663534858471820e+01
    1.1399999999999977e+00    2.2049354546943414e+03    7.1413268093109934e+01
    1.1449999999999976e+00    2.2238355763062032e+03    7.0204529389765796e+01
    1.1499999999999975e+00    2.2429514654677691e+03    6.9036152871399437e+01
    1.1549999999999974e+00    2.2622840853173834e+03    6.7907016331626906e+01
    1.1599999999999973e+00    2.2818344269239888e+03    6.6816039949971966e+01
    1.1649999999999971e+00    2.3016035083886572e+03    6.5762185055901980e+01
    1.1699999999999970e+00    2.3215923739556642e+03    6.4744452940766408e+01
    1.1749999999999969e+00    2.3418020931311567e+03    6.3761883716776310e+01
    1.1799999999999968e+00    2.3622337598074696e+03    6.2813555222186480e+01
    1.1849999999999967e+00    2.3828884913911565e+03    6.1898581971867848e+01
    1.1899999999999966e+00    2.4037674279327844e+03    6.1016114152487397e+01
    1.1949999999999965e+00    2.4248717312565368e+03    6.0165336661544693e+01
    1.1999999999999964e+00    2.4462025840876599e+03    5.9345468189549145e+01
    1.2049999999999963e+00    2.4677611891757533e+03    5.8555760344659191e+01
    1.2099999999999962e+00    2.4895487684118862e+03    5.7795496819144631e+01
    1.2149999999999961e+00    2.5115665619374881e+03    5.7063992597075220e+01
    1.2199999999999960e+00    2.5338158272429137e+03    5.6360593202683397e+01
    1.2249999999999959e+00    2.5562978382535475e+03    5.5684673988895604e+01
    1.2299999999999958e+00    2.5790138844012495e+03    5.5035639465575834e+01
    1.2349999999999957e+00    2.6019652696788894e+03    5.4412922667076366e+01
    1.2399999999999956e+00    2.6251533116756491e+03    5.3815984558744390e+01
    1.2449999999999954e+00    2.6485793405906961e+03    5.3244313482089275e+01
    1.2499999999999953e+00    2.6722446982227511e+03    5.2697424638373754e+01
    1.2549999999999952e+00    2.6961507369329811e+03    5.2174859610453375e+01
    1.2599999999999951e+00    2.7202988185785489e+03    5.1676185922752190e+01
    1.2649999999999950e+00    2.7446903134140484e+03    5.1200996639329205e+01
    1.2699999999999949e+00    2.7693265989579268e+03    5.0748910000059425e+01
    1.2749999999999948e+00    2.7942090588208803e+03    5.0319569095025749e+01
    1.2799999999999947e+00    2.8193390814930635e+03    4.9912641577293726e+01
    1.2849999999999946e+00    2.8447180590868056e+03    4.9527819414320334e+01
    1.2899999999999945e+00    2.8703473860313716e+03    4.9164818678330924e+01
    1.2949999999999944e+00    2.8962284577161240e+03    4.8823379376085178e+01
    1.2999999999999943e+00    2.9223626690782676e+03    4.8503265318544244e+01
    1.3049999999999942e+00    2.9487514131311441e+03    4.8204264031046719e+01
    1.3099999999999941e+00    2.9753960794288455e+03    4.7926186704701820e+01
    1.3149999999999940e+00    3.0022980524626710e+03    4.7668868189813900e+01
    1.3199999999999938e+00    3.0294587099847099e+03    4.7432167032263877e+01
    1.3249999999999937e+00    3.0568794212535704e+03    4.7215965553890804e+01
    1.3299999999999936e+00    3.0845615451969798e+03    4.7020169978040855e+01
    1.3349999999999935e+00    3.1125064284856917e+03    4.6844710601582165e+01
    1.3399999999999934e+00    3.1407154035127892e+03    4.6689542014822699e+01
    1.3449999999999933e+00    3.1691897862721389e+03    4.6554643370915230e+01
    1.3499999999999932e+00    3.1979308741293676e+03    4.6440018706489163e+01
    1.3549999999999931e+00    3.2269399434783286e+03    4.6345697315414114e+01
    1.3599999999999930e+00    3.2562182472756026e+03    4.6271734177775400e+01
    1.3649999999999929e+00    3.2857670124451033e+03    4.6218210446328008e+01
    1.3699999999999928e+00    3.3155874371443783e+03    4.6185233992893458e+01
    1.3749999999999927e+00    3.3456806878836537e+03    4.6172940017374948e+01
    1.3799999999999926e+00    3.3760478964881113e+03    4.6181491722290325e+01
    1.3849999999999925e+00    3.4066901568932781e+03    4.6211081055961628e+01
    1.3899999999999924e+00    3.4376085217627560e+03    4.6261929527754674e+01
    1.3949999999999922e+00    3.4688039989168278e+03    4.6334289099033903e+01
    1.3999999999999921e+00    3.5002775475597223e+03    4.6428443153787669e+01
    1.4049999999999920e+00    3.5320300742925324e+03    4.6544707553188623e+01
    1.4099999999999919e+00    3.5640624288979175e+03    4.6683431778684387e+01
    1.4149999999999918e+00    3.5963753998818079e+03    4.6845000168566592e+01
    1.4199999999999917e+00    3.6289697097563521e+03    4.7029833253343647e+01
    1.4249999999999916e+00    3.6618460100472903e+03    4.7238389195645610e+01
    1.4299999999999915e+00    3.6950048760078203e+03    4.7471165340820370e+01
    1.4349999999999914e+00    3.7284468010198166e+03    4.7728699884840921e+01
    1.4399999999999913e+00    3.7621721906619655e+03    4.8011573666635925e+01
    1.4449999999999912e+00    3.7961813564230142e+03    4.8320412092482172e+01
    1.4499999999999911e+00    3.8304745090368410e+03    4.8655887200660430e+01
    1.4549999999999910e+00    3.8650517514144753e+03    4.9018719875177936e+01
    1.4599999999999909e+00    3.8999130711465073e+03    4.9409682218003823e+01
    1.4649999999999908e+00    3.9350583325475086e+03    4.9829600089951455e+01
    1.4699999999999906e+00    3.9704872682121540e+03    5.0279355831075989e+01
    1.4749999999999905e+00    4.0061994700506516e+03    5.0759891172240124e+01
    1.4799999999999904e+00    4.0421943797688768e+03    5.1272210350338973e+01
    1.4849999999999903e+00    4.0784712787562362e+03    5.1817383440569039e+01
    1.4899999999999902e+00    4.1150292773417450e+03    5.2396549920080481e+01
    1.4949999999999901e+00    4.1518673033761061e+03    5.3010922478368897e+01
    1.4999999999999900e+00    4.1889840900946720e+03    5.3661791090846634e+01
    1.5049999999999899e+00    4.2263781632131077e+03    5.4350527373187411e+01
    1.5099999999999898e+00    4.2640478272042556e+03    5.5078589235265376e+01
    1.5149999999999897e+00    4.3019911507012157e+03    5.5847525854813746e+01
    1.5199999999999896e+00    4.3402059509679084e+03    5.6658982992312552e+01
    1.5249999999999895e+00    4.3786897773744067e+03    5.7514708670082292e+01
    1.5299999999999894e+00    4.4174398938101040e+03    5.8416559240113529e+01
    1.5349999999999893e+00    4.4564532599632767e+03    5.9366505866803834e+01
    1.5399999999999892e+00    4.4957265113908543e+03    6.0366641452504844e+01
    1.5449999999999890e+00    4.5352559382971294e+03    6.1419188035604385e+01
    1.5499999999999889e+00    4.5750374629348235e+03    6.2526504692782105e+01
    1.5549999999999888e+00    4.6150666155362551e+03    6.3691095979080721e+01
    1.5599999999999887e+00    4.6553385086764183e+03    6.4915620941526242e+01
    1.5649999999999886e+00    4.6958478099635076e+03    6.6202902744205858e+01
    1.5699999999999885e+00    4.7365887129458506e+03    6.7555938944964652e+01
    1.5749999999999884e+00    4.7775549061173251e+03    6.8977912466204103e+01
    1.5799999999999883e+00    4.8187395398961653e+03    7.0472203304643571e+01
    1.5849999999999882e+00    4.8601351914445731e+03    7.2042401027326704e+01
    1.5899999999999881e+00    4.9017338271888375e+03    7.3692318103596463e+01
    1.5949999999999880e+00    4.9435267628916790e+03    7.5426004125202027e+01
    1.5999999999999879e+00    4.9855046211203771e+03    7.7247760969105641e+01
    1.6049999999999878e+00    5.0276572859459275e+03    7.9162158959890533e+01
    1.6099999999999877e+00    5.0699738547000688e+03    8.1174054090884553e+01
    1.6149999999999876e+00    5.1124425866086540e+03    8.3288606365152233e+01
    1.6199999999999875e+00    5.1550508481115303e+03    8.5511299319301955e+01
    1.6249999999999873e+00    5.1977850546710642e+03    8.7847960794523161e+01
    1.6299999999999872e+00    5.2406306088637530e+03    9.0304785020313531e+01
    1.6349999999999871e+00    5.2835718345423038e+03    9.2888356076862593e+01
    1.6399999999999870e+00    5.3265919068492340e+03    9.5605672801889185e+01
    1.6449999999999869e+00    5.3696727778578179e+03    9.8464175206726011e+01
    1.6499999999999868e+00    5.4127950976123602e+03    1.0147177246441640e+02
    1.6549999999999867e+00    5.4559381303376549e+03    1.0463687252931703e+02
    1.6599999999999866e+00    5.4990796655875920e+03    1.0796841344293090e+02
    1.6649999999999865e+00    5.5421959241056720e+03    1.1147589637413098e+02
    1.6699999999999864e+00    5.5852614581763137e+03    1.1516942043323546e+02
    1.6749999999999863e+00    5.6282490462559517e+03    1.1905971928816749e+02
    1.6799999999999862e+00    5.6711295816878883e+03    1.2315819959672606e+02
    1.6849999999999861e+00    5.7138719553255587e+03    1.2747698125129598e+02
    1.6899999999999860e+00    5.7564429319163874e+03    1.3202893941055132e+02
    1.6949999999999859e+00    5.7988070201339851e+03    1.3682774826619803e+02
    1.6999999999999857e+00    5.8409263361914218e+03    1.4188792646081546e+02
    1.7049999999999856e+00    5.8827604610242843e+03    1.4722488403456322e+02
    1.7099999999999855e+00    5.9242662911009793e+03    1.5285497073299626e+02
    1.7149999999999854e+00    5.9653978830011747e+03    1.5879552545445719e+02
    1.7199999999999853e+00    6.0061062920036647e+03    1.6506492655237551e+02
    1.7249999999999852e+00    6.0463394050445941e+03    1.7168264263408690e+02
    1.7299999999999851e+00    6.0860417685486264e+03    1.7866928341219258e+02
    1.7349999999999850e+00    6.1251544118020474e+03    1.8604665006563181e+02
    1.7399999999999849e+00    6.1636146667310577e+03    1.9383778445410766e+02
    1.7449999999999848e+00    6.2013559851738082e+03    2.0206701639982214e+02
    1.7499999999999847e+00    6.2383077549944010e+03    2.1076000810318979e+02
    1.7549999999999846e+00    6.2743951166844890e+03    2.1994379459292247e+02
    1.7599999999999845e+00    6.3095387824365562e+03    2.2964681892435968e+02
    1.7649999999999844e+00    6.3436548600555934e+03    2.3989896063213820e+02
    1.7699999999999843e+00    6.3766546845054227e+03    2.5073155571357651e+02
    1.7749999999999841e+00    6.4084446603645911e+03    2.6217740616731231e+02
    1.7799999999999840e+00    6.4389261189958142e+03    2.7427077683826394e+02
    1.7849999999999839e+00    6.4679951948125490e+03    2.8704737702626829e+02
    1.7899999999999838e+00    6.4955427256548855e+03    3.0054432400429664e+02
    1.7949999999999837e+00    6.5214541829609752e+03    3.1480008526692643e+02
    1.7999999999999836e+00    6.5456096381333755e+03    3.2985439599648714e+02
    1.8049999999999835e+00    6.5678837722424041e+03    3.4574814790089181e+02
    1.8099999999999834e+00    6.5881459369672057e+03    3.6252324525406425e+02
    1.8149999999999833e+00    6.6062602754313430e+03    3.8022242367051200e+02
    1.8199999999999832e+00    6.6220859123192022e+03    3.9888902688682737e+02
    1.8249999999999831e+00    6.6354772233318745e+03    4.1856673662537560e+02
    1.8299999999999830e+00    6.6462841946187527e+03    4.3929925050393729e+02
    1.8349999999999829e+00    6.6543528832582970e+03    4.6112990295872316e+02
    1.8399999999999828e+00    6.6595259901046802e+03    4.8410122430043697e+02
    1.8449999999999827e+00    6.6616435563043215e+03    5.0825443336146895e+02
    1.8499999999999825e+00    6.6605437944480536e+03    5.3362885975787856e+02
    1.8549999999999824e+00    6.6560640645845597e+03    5.6026129262596555e+02
    1.8599999999999823e+00    6.6480420040978979e+03    5.8818525384404802e+02
    1.8649999999999822e+00    6.6363168186639523e+03    6.1743019525803891e+02
    1.8699999999999821e+00    6.6207307390677543e+03    6.4802062133226536e+02
    1.8749999999999820e+00    6.6011306455143458e+03    6.7997514097371686e+02
    1.8799999999999819e+00    6.5773698571440982e+03    7.1330545504407405e+02
    1.8849999999999818e+00    6.5493100797366724e+03    7.4801528927602055e+02
    1.8899999999999817e+00    6.5168234990569872e+03    7.8409928592000824e+02
    1.8949999999999816e+00    6.4797950010060104e+03    8.2154187140516751e+02
    1.8999999999999815e+00    6.4381244927871039e+03    8.6031612150663409e+02
    1.9049999999999814e+00    6.3917292918467456e+03    9.0038264983247439e+02
    1.9099999999999813e+00    6.3405465416291163e+03    9.4168854969292295e+02
    1.9149999999999812e+00    6.2845356055044631e+03    9.8416642336398479e+02
    1.9199999999999811e+00    6.2236803829720493e+03    1.0277335361363796e+03
    1.9249999999999809e+00    6.1579914858462798e+03    1.0722911350461779e+03
    1.9299999999999808e+00    6.0875082071054867e+03    1.1177239734933112e+03
    1.9349999999999807e+00    6.0123002119381599e+03    1.1639000827474320e+03
    1.9399999999999806e+00    5.9324688797739973e+03    1.2106708293227189e+03
    1.9449999999999805e+00    5.8481482281995932e+03    1.2578712931356911e+03
    1.9499999999999804e+00    5.7595053549964969e+03    1.3053209950927258e+03
    1.9549999999999803e+00    5.6667403433219433e+03    1.3528249942564780e+03
    1.9599999999999802e+00    5.5700855873070132e+03    1.4001753641297660e+03
    1.9649999999999801e+00    5.4698045108712522e+03    1.4471530451549011e+03
    1.9699999999999800e+00    5.3661896708937775e+03    1.4935300567117963e+03
    1.9749999999999799e+00    5.2595602563327902e+03    1.5390720373286501e+03
    1.9799999999999798e+00    5.1502590165127804e+03    1.5835410672497212e+03
    1.9849999999999797e+00    5.0386486734854852e+03    1.6266987137815524e+03
    1.9899999999999796e+00    4.9251078938932205e+03    1.6683092278378142e+03
    1.9949999999999795e+00    4.8100269138825743e+03    1.7081428106581072e+03
    1.9999999999999793e+00    4.6938029251809894e+03    1.7459788635055097e+03
    2.0049999999999795e+00    4.5768353404962727e+03    1.7816091307826293e+03
    2.0099999999999794e+00    4.4595210612469000e+03    1.8148406487342497e+03
    2.0149999999999793e+00    4.3422498699426214e+03    1.8454984177350977e+03
    2.0199999999999791e+00    4.2254000633542564e+03    1.8734277258141860e+03
    2.0249999999999790e+00    4.1093344313609014e+03    1.8984960639936498e+03
    2.0299999999999789e+00    3.9943966708030653e+03    1.9205945894475512e+03
    2.0349999999999788e+00    3.8809083048300622e+03    1.9396391094859489e+03
    2.0399999999999787e+00    3.7691661573108186e+03    1.9555705769373096e+03
    2.0449999999999786e+00    3.6594404101474288e+03    1.9683551046428177e+03
    2.0499999999999785e+00    3.5519732500199052e+03    1.9779835225824252e+03
    2.0549999999999784e+00    3.4469780912962460e+03    1.9844705148711976e+03
    2.0599999999999783e+00    3.3446393444575206e+03    1.9878533849414036e+03
    2.0649999999999782e+00    3.2451126850563342e+03    1.9881905053286546e+03
    2.0699999999999781e+00    3.1485257673238857e+03    1.9855595134994805e+03
    2.0749999999999780e+00    3.0549793191809608e+03    1.9800553171866295e+03
    2.0799999999999779e+00    2.9645485514759812e+03    1.9717879719998898e+03
    2.0849999999999778e+00    2.8772848134665401e+03    1.9608804910430458e+03
    2.0899999999999777e+00    2.7932174284431862e+03    1.9474666413594080e+03
    2.0949999999999775e+00    2.7123556474484817e+03    1.9316887757507898e+03
    2.0999999999999774e+00    2.6346906647225564e+03    1.9136957413635578e+03
    2.1049999999999773e+00    2.5601976452719846e+03    1.8936408988687281e+03
    2.1099999999999772e+00    2.4888377223192156e+03    1.8716802784794083e+03
    2.1149999999999771e+00    2.4205599299183982e+03    1.8479708917734451e+03
    2.1199999999999770e+00    2.3553030433719346e+03    1.8226692115690084e+03
    2.1249999999999769e+00    2.2929973069842777e+03    1.7959298261065901e+03
    2.1299999999999768e+00    2.2335660349582172e+03    1.7679042686231878e+03
    2.1349999999999767e+00    2.1769270767587113e+03    1.7387400191038444e+03
    2.1399999999999766e+00    2.1229941429856763e+03    1.7085796715541189e+03
    2.1449999999999765e+00    2.0716779917048575e+03    1.6775602575094197e+03
    2.1499999999999764e+00    2.0228874783170861e+03    1.6458127146125637e+03
    2.1549999999999763e+00    1.9765304744593609e+03    1.6134614878626076e+03
    2.1599999999999762e+00    1.9325146632014148e+03    1.5806242504713821e+03
    2.1649999999999761e+00    1.8907482190124751e+03    1.5474117310635284e+03
    2.1699999999999759e+00    1.8511403817108524e+03    1.5139276341291627e+03
    2.1749999999999758e+00    1.8136019339574716e+03    1.4802686411005716e+03
    2.1799999999999757e+00    1.7780455918915145e+03    1.4465244800996920e+03
    2.1849999999999756e+00    1.7443863183023411e+03    1.4127780532257739e+03
    2.1899999999999755e+00    1.7125415673484674e+03    1.3791056111671580e+03
    2.1949999999999754e+00    1.6824314693242068e+03    1.3455769658821091e+03
    2.1999999999999753e+00    1.6539789633814919e+03    1.3122557330649713e+03
    2.2049999999999752e+00    1.6271098854739823e+03    1.2791995970677160e+03
    2.2099999999999751e+00    1.6017530181310578e+03    1.2464605918625784e+03
    2.2149999999999750e+00    1.5778401080124222e+03    1.2140853924944092e+03
    2.2199999999999749e+00    1.5553058565559527e+03    1.1821156122721341e+03
    2.2249999999999748e+00    1.5340878884236506e+03    1.1505881016819235e+03
    2.2299999999999747e+00    1.5141267018807951e+03    1.1195352456681462e+03
    2.2349999999999746e+00    1.4953656047163468e+03    1.0889852565221811e+03
    2.2399999999999745e+00    1.4777506388305806e+03    1.0589624601457692e+03
    2.2449999999999743e+00    1.4612304961793261e+03    1.0294875739181509e+03
    2.2499999999999742e+00    1.4457564283721820e+03    1.0005779747989465e+03
    2.2549999999999741e+00    1.4312821518728399e+03    9.7224795664629710e+02
    2.2599999999999740e+00    1.4177637504407146e+03    9.4450897602712246e+02
    2.2649999999999739e+00    1.4051595761815790e+03    9.1736988604842327e+02
    2.2699999999999738e+00    1.3934301503377640e+03    8.9083715795022533e+02
    2.2749999999999737e+00    1.3825380647425607e+03    8.6491509037664980e+02
    2.2799999999999736e+00    1.3724478846856668e+03    8.3960600638605683e+02
    2.2849999999999735e+00    1.3631260537838450e+03    8.1491043837826282e+02
    2.2899999999999734e+00    1.3545408013206070e+03    7.9082730121015709e+02
    2.2949999999999733e+00    1.3466620524080647e+03    7.6735405384396051e+02
    2.2999999999999732e+00    1.3394613412306821e+03    7.4448684992785979e+02
    2.3049999999999731e+00    1.3329117275523295e+03    7.2222067774946140e+02
    2.3099999999999730e+00    1.3269877166027918e+03    7.0054949003078411e+02
    2.3149999999999729e+00    1.3216651824059556e+03    6.7946632405139292e+02
    2.3199999999999728e+00    1.3169212945676934e+03    6.5896341259556459e+02
    2.3249999999999726e+00    1.3127344485056085e+03    6.3903228622160782e+02
    2.3299999999999725e+00    1.3090841990740566e+03    6.1966386734798346e+02
    2.3349999999999724e+00    1.3059511975151499e+03    6.0084855664281974e+02
    2.3399999999999723e+00    1.3033171316488426e+03    5.8257631219177290e+02
    2.3449999999999722e+00    1.3011646692018842e+03    5.6483672190476943e+02
    2.3499999999999721e+00    1.2994774041656972e+03    5.4761906960568535e+02
    2.3549999999999720e+00    1.2982398060664975e+03    5.3091239523104355e+02
    2.3599999999999719e+00    1.2974371720267015e+03    5.1470554954483714e+02
    2.3649999999999718e+00    1.2970555814944105e+03    4.9898724375701380e+02
    2.3699999999999717e+00    1.2970818535171636e+03    4.8374609441330631e+02
    2.3749999999999716e+00    1.2975035064368692e+03    4.6897066390424050e+02
    2.3799999999999715e+00    1.2983087198846024e+03    4.5464949692150515e+02
    2.3849999999999714e+00    1.2994862989565618e+03    4.4077115317059497e+02
    2.3899999999999713e+00    1.3010256404557178e+03    4.2732423662987230e+02
    2.3949999999999712e+00    1.3029167010874023e+03    4.1429742162803313e+02
    2.3999999999999710e+00    1.3051499675011441e+03    4.0167947599448070e+02
    2.4049999999999709e+00    1.3077164280753541e+03    3.8945928152035776e+02
    2.4099999999999708e+00    1.3106075463458958e+03    3.7762585195199881e+02
    2.4149999999999707e+00    1.3138152359840831e+03    3.6616834872335266e+02
    2.4199999999999706e+00    1.3173318372341664e+03    3.5507609461950312e+02
    2.4249999999999705e+00    1.3211500947248471e+03    3.4433858554977360e+02
    2.4299999999999704e+00    1.3252631365737655e+03    3.3394550059603245e+02
    2.4349999999999703e+00    1.3296644547082112e+03    3.2388671048969974e+02
    2.4399999999999702e+00    1.3343478863294829e+03    3.1415228465957262e+02
    2.4449999999999701e+00    1.3393075964523562e+03    3.0473249698191017e+02
    2.4499999999999700e+00    1.3445380614550045e+03    2.9561783035422116e+02
    2.4549999999999699e+00    1.3500340535784346e+03    2.8679898020485007e+02
    2.4599999999999698e+00    1.3557906263180566e+03    2.7826685704172928e+02
    2.4649999999999697e+00    1.3618031006533940e+03    2.7001258813552528e+02
    2.4699999999999696e+00    1.3680670520651599e+03    2.6202751842482513e+02
    2.4749999999999694e+00    1.3745782982919836e+03    2.5430321072395486e+02
    2.4799999999999693e+00    1.3813328877819611e+03    2.4683144530746395e+02
    2.4849999999999692e+00    1.3883270887969416e+03    2.3960421893922006e+02
    2.4899999999999691e+00    1.3955573791300440e+03    2.3261374340840933e+02
    2.4949999999999690e+00    1.4030204363993309e+03    2.2585244362949888e+02
    2.4999999999999689e+00    1.4107131288828659e+03    2.1931295535836765e+02
    2.5049999999999688e+00    1.4186325068625315e+03    2.1298812257232152e+02
    2.5099999999999687e+00    1.4267757944460225e+03    2.0687099455755617e+02
    2.5149999999999686e+00    1.4351403818383287e+03    2.0095482274379381e+02
    2.5199999999999685e+00    1.4437238180358163e+03    1.9523305732227584e+02
    2.5249999999999684e+00    1.4525238039176920e+03    1.8969934368002387e+02
    2.5299999999999683e+00    1.4615381857112129e+03    1.8434751868026464e+02
    2.5349999999999682e+00    1.4707649488084787e+03    1.7917160681613618e+02
    2.5399999999999681e+00    1.4802022119140261e+03    1.7416581626223237e+02
    2.5449999999999680e+00    1.4898482215037429e+03    1.6932453484618827e+02
    2.5499999999999678e+00    1.4997013465768296e+03    1.6464232596034199e+02
    2.5549999999999677e+00    1.5097600736836725e+03    1.6011392443151888e+02
    2.5599999999999676e+00    1.5200230022135590e+03    1.5573423236515561e+02
    2.5649999999999675e+00    1.5304888399271524e+03    1.5149831497830445e+02
    2.5699999999999674e+00    1.5411563987195827e+03    1.4740139643452017e+02
    2.5749999999999673e+00    1.5520245906008734e+03    1.4343885569222309e+02
    2.5799999999999672e+00    1.5630924238812424e+03    1.3960622237684163e+02
    2.5849999999999671e+00    1.5743589995495765e+03    1.3589917268585836e+02
    2.5899999999999670e+00    1.5858235078340858e+03    1.3231352533480529e+02
    2.5949999999999669e+00    1.5974852249348201e+03    1.2884523755127006e+02
    2.5999999999999668e+00    1.6093435099183409e+03    1.2549040112307712e+02
    2.6049999999999667e+00    1.6213978017654349e+03    1.2224523850599037e+02
    2.6099999999999666e+00    1.6336476165632912e+03    1.1910609899553941e+02
    2.6149999999999665e+00    1.6460925448340797e+03    1.1606945496689566e+02
    2.6199999999999664e+00    1.6587322489923413e+03    1.1313189818611031e+02
    2.6249999999999662e+00    1.6715664609240443e+03    1.1029013619547008e+02
    2.6299999999999661e+00    1.6845949796805830e+03    1.0754098877522297e+02
    2.6349999999999660e+00    1.6978176692813763e+03    1.0488138448347122e+02
    2.6399999999999659e+00    1.7112344566190955e+03    1.0230835727561863e+02
    2.6449999999999658e+00    1.7248453294618837e+03    9.9819043204389729e+01
    2.6499999999999657e+00    1.7386503345472536e+03    9.7410677201106921e+01
    2.6549999999999656e+00    1.7526495757626426e+03    9.5080589938614267e+01
    2.6599999999999655e+00    1.7668432124078856e+03    9.2826204775971163e+01
    2.6649999999999654e+00    1.7812314575351243e+03    9.0645034784802746e+01
    2.6699999999999653e+00    1.7958145763619143e+03    8.8534679856983459e+01
    2.6749999999999652e+00    1.8105928847535192e+03    8.6492823893144887e+01
    2.6799999999999651e+00    1.8255667477705911e+03    8.4517232071335158e+01
    2.6849999999999650e+00    1.8407365782786362e+03    8.2605748195014002e+01
    2.6899999999999649e+00    1.8561028356158499e+03    8.0756292119442847e+01
    2.6949999999999648e+00    1.8716660243160741e+03    7.8966857255421502e+01
    2.6999999999999647e+00    1.8874266928837951e+03    7.7235508149230270e+01
    2.7049999999999645e+00    1.9033854326182470e+03    7.5560378137558274e+01
    2.7099999999999644e+00    1.9195428764838264e+03    7.3939667076132679e+01
    2.7149999999999643e+00    1.9358996980241532e+03    7.2371639140709689e+01
    2.7199999999999642e+00    1.9524566103172344e+03    7.0854620699044403e+01
    2.7249999999999641e+00    1.9692143649692994e+03    6.9386998252422728e+01
    2.7299999999999640e+00    1.9861737511449769e+03    6.7967216445313156e+01
    2.7349999999999639e+00    2.0033355946315853e+03    6.6593776141678546e+01
    2.7399999999999638e+00    2.0207007569353900e+03    6.5265232566477906e+01
    2.7449999999999637e+00    2.0382701344077709e+03    6.3980193510883701e+01
    2.7499999999999636e+00    2.0560446573993113e+03    6.2737317599742475e+01
    2.7549999999999635e+00    2.0740252894398941e+03    6.1535312619813070e+01
    2.7599999999999634e+00    2.0922130264429516e+03    6.0372933907328651e+01
    2.7649999999999633e+00    2.1106088959320714e+03    5.9248982793444604e+01
    2.7699999999999632e+00    2.1292139562882167e+03    5.8162305106153930e+01
    2.7749999999999631e+00    2.1480292960158604e+03    5.7111789727274981e+01
    2.7799999999999629e+00    2.1670560330263775e+03    5.6096367203142499e+01
    2.7849999999999628e+00    2.1862953139370725e+03    5.5115008407661868e+01
    2.7899999999999627e+00    2.2057483133842579e+03    5.4166723256417875e+01
    2.7949999999999626e+00    2.2254162333488125e+03    5.3250559470562912e+01
    2.7999999999999625e+00    2.2453003024926866e+03    5.2365601389245221e+01
    2.8049999999999624e+00    2.2654017755048239e+03    5.1510968829375216e+01
    2.8099999999999623e+00    2.2857219324549915e+03    5.0685815991567061e+01
    2.8149999999999622e+00    2.3062620781540154e+03    4.9889330411133251e+01
    2.8199999999999621e+00    2.3270235415189218e+03    4.9120731953051973e+01
    2.8249999999999620e+00    2.3480076749414829e+03    4.8379271849870264e+01
    2.8299999999999619e+00    2.3692158536586662e+03    4.7664231781550392e+01
    2.8349999999999618e+00    2.3906494751234668e+03    4.6974922996312529e+01
    2.8399999999999617e+00    2.4123099583745993e+03    4.6310685471573400e+01
    2.8449999999999616e+00    2.4341987434035009e+03    4.5670887114128185e+01
    2.8499999999999615e+00    2.4563172905170691e+03    4.5054922998771787e+01
    2.8549999999999613e+00    2.4786670796945436e+03    4.4462214644605169e+01
    2.8599999999999612e+00    2.5012496099368914e+03    4.3892209328323339e+01
    2.8649999999999611e+00    2.5240663986070253e+03    4.3344379433833232e+01
    2.8699999999999610e+00    2.5471189807591472e+03    4.2818221837602749e+01
    2.8749999999999609e+00    2.5704089084554403e+03    4.2313257329196318e+01
    2.8799999999999608e+00    2.5939377500682999e+03    4.1829030066507507e+01
    2.8849999999999607e+00    2.6177070895662177e+03    4.1365107065255970e+01
    2.8899999999999606e+00    2.6417185257813721e+03    4.0921077722373965e+01
    2.8949999999999605e+00    2.6659736716569032e+03    4.0496553372967284e+01
    2.8999999999999604e+00    2.6904741534717687e+03    4.0091166880596610e+01
    2.9049999999999603e+00    2.7152216100409910e+03    3.9704572260688309e+01
    2.9099999999999602e+00    2.7402176918890077e+03    3.9336444336948716e+01
    2.9149999999999601e+00    2.7654640603937355e+03    3.8986478430722990e+01
    2.9199999999999600e+00    2.7909623868988433e+03    3.8654390083309039e+01
    2.9249999999999599e+00    2.8167143517916111e+03    3.8339914811309058e+01
    2.9299999999999597e+00    2.8427216435436176e+03    3.8042807895175834e+01
    2.9349999999999596e+00    2.8689859577113580e+03    3.7762844201188869e+01
    2.9399999999999595e+00    2.8955089958937424e+03    3.7499818037176219e+01
    2.9449999999999594e+00    2.9222924646432593e+03    3.7253543042382738e+01
    2.9499999999999593e+00    2.9493380743274115e+03    3.7023852111973873e+01
    2.9549999999999592e+00    2.9766475379368435e+03    3.6810597356756858e+01
    2.9599999999999591e+00    3.0042225698363723e+03    3.6613650098798637e+01
    2.9649999999999590e+00    3.0320648844549178e+03    3.6432900903722242e+01
    2.9699999999999589e+00    3.0601761949100869e+03    3.6268259650571160e+01
    2.9749999999999588e+00    3.0885582115629177e+03    3.6119655640245043e+01
    2.9799999999999587e+00    3.1172126404980168e+03    3.5987037743630346e+01
    2.9849999999999586e+00    3.1461411819240266e+03    3.5870374590676683e+01
    2.9899999999999585e+00    3.1753455284890515e+03    3.5769654801804386e+01
    2.9949999999999584e+00    3.2048273635053320e+03    3.5684887263171767e+01
    2.9999999999999583e+00    3.2345883590770932e+03    3.5616101447482414e+01
    3.0049999999999581e+00    3.2646301741251095e+03    3.5563347782174326e+01
    3.0099999999999580e+00    3.2949544523011086e+03    3.5526698067004482e+01
    3.0149999999999579e+00    3.3255628197846909e+03    3.5506245943225764e+01
    3.0199999999999578e+00    3.3564568829549594e+03    3.5502107416748316e+01
    3.0249999999999577e+00    3.3876382259285419e+03    3.5514421437886170e+01
    3.0299999999999576e+00    3.4191084079551329e+03    3.5543350540512648e+01
    3.0349999999999575e+00    3.4508689606610851e+03    3.5589081543686468e+01
    3.0399999999999574e+00    3.4829213851309451e+03    3.5651826319065307e+01
    3.0449999999999573e+00    3.5152671488161413e+03    3.5731822627696744e+01
    3.0499999999999572e+00    3.5479076822592933e+03    3.5829335030068918e+01
    3.0549999999999571e+00    3.5808443756218176e+03    3.5944655873616824e+01
    3.0599999999999570e+00    3.6140785750016616e+03    3.6078106362216523e+01
    3.0649999999999569e+00    3.6476115785270717e+03    3.6230037712560467e+01
    3.0699999999999568e+00    3.6814446322113263e+03    3.6400832402694562e+01
    3.0749999999999567e+00    3.7155789255523009e+03    3.6590905518413692e+01
    3.0799999999999566e+00    3.7500155868596021e+03    3.6800706203659409e+01
    3.0849999999999564e+00    3.7847556782907750e+03    3.7030719221543890e+01
    3.0899999999999563e+00    3.8198001905767842e+03    3.7281466633140639e+01
    3.0949999999999562e+00    3.8551500374155471e+03    3.7553509601737396e+01
    3.0999999999999561e+00    3.8908060495107779e+03    3.7847450330843870e+01
    3.1049999999999560e+00    3.9267689682317696e+03    3.8163934144888763e+01
    3.1099999999999559e+00    3.9630394388679715e+03    3.8503651722231176e+01
    3.1149999999999558e+00    3.9996180034503386e+03    3.8867341490854201e+01
    3.1199999999999557e+00    4.0365050931093806e+03    3.9255792197907581e+01
    3.1249999999999556e+00    4.0737010199376564e+03    3.9669845665125663e+01
    3.1299999999999555e+00    4.1112059683220969e+03    4.0110399743071255e+01
    3.1349999999999554e+00    4.1490199857090074e+03    4.0578411478150187e+01
    3.1399999999999553e+00    4.1871429727618743e+03    4.1074900507410213e+01
    3.1449999999999552e+00    4.2255746728691629e+03    4.1600952697287141e+01
    3.1499999999999551e+00    4.2643146609561572e+03    4.2157724043696057e+01
    3.1549999999999550e+00    4.3033623315514769e+03    4.2746444852192411e+01
    3.1599999999999548e+00    4.3427168860552983e+03    4.3368424218352800e+01
    3.1649999999999547e+00    4.3823773191523587e+03    4.4025054830054913e+01
    3.1699999999999546e+00    4.4223424043086488e+03    4.4717818114977241e+01
    3.1749999999999545e+00    4.4626106782861752e+03    4.5448289758398758e+01
    3.1799999999999544e+00    4.5031804246053234e+03    4.6218145618263939e+01
    3.1849999999999543e+00    4.5440496558791820e+03    4.7029168066496609e+01
    3.1899999999999542e+00    4.5852160949385971e+03    4.7883252787704500e+01
    3.1949999999999541e+00    4.6266771546607788e+03    4.8782416068722213e+01
    3.1999999999999540e+00    4.6684299164079002e+03    4.9728802614900815e+01
    3.2049999999999539e+00    4.7104711069752884e+03    5.0724693931673968e+01
    3.2099999999999538e+00    4.7527970739415350e+03    5.1772517312719998e+01
    3.2149999999999537e+00    4.7954037593050607e+03    5.2874855479001248e+01
    3.2199999999999536e+00    4.8382866712833766e+03    5.4034456916101902e+01
    3.2249999999999535e+00    4.8814408541424664e+03    5.5254246960604981e+01
    3.2299999999999534e+00    4.9248608559143231e+03    5.6537339689750347e+01
    3.2349999999999532e+00    4.9685406938507549e+03    5.7887050672296574e+01
    3.2399999999999531e+00    5.0124738174510167e+03    5.9306910642366340e+01
    3.2449999999999530e+00    5.0566530688897510e+03    6.0800680162079551e+01
    3.2499999999999529e+00    5.1010706406600057e+03    6.2372365342958034e+01
    3.2549999999999528e+00    5.1457180302338156e+03    6.4026234700402370e+01
    3.2599999999999527e+00    5.1905859915300371e+03    6.5766837219969887e+01
    3.2649999999999526e+00    5.2356644829657134e+03    6.7599021718689571e+01
    3.2699999999999525e+00    5.2809426118534548e+03    6.9527957589191658e+01
    3.2749999999999524e+00    5.3264085748930311e+03    7.1559157018950600e+01
    3.2799999999999523e+00    5.3720495944908043e+03    7.3698498781370901e+01
    3.2849999999999522e+00    5.4178518506258515e+03    7.5952253699698019e+01
    3.2899999999999521e+00    5.4638004079667880e+03    7.8327111888704820e+01
    3.2949999999999520e+00    5.5098791379286085e+03    8.0830211882655064e+01
    3.2999999999999519e+00    5.5560706353445630e+03    8.3469171761021158e+01
    3.3049999999999518e+00    5.6023561294144502e+03    8.6252122385639225e+01
    3.3099999999999516e+00    5.6487153885781509e+03    8.9187742864190128e+01
    3.3149999999999515e+00    5.6951266189521421e+03    9.2285298354823155e+01
    3.3199999999999514e+00    5.7415663559576933e+03    9.5554680325059408e+01
    3.3249999999999513e+00    5.7880093487630975e+03    9.9006449374436244e+01
    3.3299999999999512e+00    5.8344284371593867e+03    1.0265188072422059e+02
    3.3349999999999511e+00    5.8807944204904752e+03    1.0650301246838885e+02
    3.3399999999999510e+00    5.9270759182655893e+03    1.1057269666731233e+02
    3.3449999999999509e+00    5.9732392220955553e+03    1.1487465334846441e+02
    3.3499999999999508e+00    6.0192481386163972e+03    1.1942352745612635e+02
    3.3549999999999507e+00    6.0650638230956156e+03    1.2423494876352943e+02
    3.3599999999999506e+00    6.1106446034603750e+03    1.2932559472500026e+02
    3.3649999999999505e+00    6.1559457945450658e+03    1.3471325620118463e+02
    3.3699999999999504e+00    6.2009195024308938e+03    1.4041690593584272e+02
    3.3749999999999503e+00    6.2455144188454315e+03    1.4645676959637916e+02
    3.3799999999999502e+00    6.2896756057088514e+03    1.5285439911033583e+02
    3.3849999999999500e+00    6.3333442700597489e+03    1.5963274793446251e+02
    3.3899999999999499e+00    6.3764575297714537e+03    1.6681624777940868e+02
    3.3949999999999498e+00    6.4189481706843435e+03    1.7443088617905673e+02
    3.3999999999999497e+00    6.4607443960361888e+03    1.8250428413635248e+02
    3.4049999999999496e+00    6.5017695693768201e+03    1.9106577289433289e+02
    3.4099999999999495e+00    6.5419419525115118e+03    2.0014646866892380e+02
    3.4149999999999494e+00    6.5811744404359815e+03    2.0977934393596158e+02
    3.4199999999999493e+00    6.6193742957114855e+03    2.1999929358580519e+02
    3.4249999999999492e+00    6.6564428852878691e+03    2.3084319394206338e+02
    3.4299999999999491e+00    6.6922754234220920e+03    2.4234995228395184e+02
    3.4349999999999490e+00    6.7267607250655647e+03    2.5456054411281536e+02
    3.4399999999999489e+00    6.7597809749104317e+03    2.6751803496151570e+02
    3.4449999999999488e+00    6.7912115181959707e+03    2.8126758306111407e+02
    3.4499999999999487e+00    6.8209206803823345e+03    2.9585641865475509e+02
    3.4549999999999486e+00    6.8487696238976359e+03    3.1133379518840843e+02
    3.4599999999999485e+00    6.8746122513490291e+03    3.2775090701967508e+02
    3.4649999999999483e+00    6.8982951658467555e+03    3.4516076768051454e+02
    3.4699999999999482e+00    6.9196577004026140e+03    3.6361804212344555e+02
    3.4749999999999481e+00    6.9385320297029439e+03    3.8317882579504561e+02
    3.4799999999999480e+00    6.9547433788823155e+03    4.0390036284353664e+02
    3.4849999999999479e+00    6.9681103451868539e+03    4.2584069531457357e+02
    3.4899999999999478e+00    6.9784453495502612e+03    4.4905823486519057e+02
    3.4949999999999477e+00    6.9855552360303191e+03    4.7361124838351463e+02
    3.4999999999999476e+00    6.9892420376708560e+03    4.9955724900416368e+02
    3.5049999999999475e+00    6.9893039275483025e+03    5.2695228442840209e+02
    3.5099999999999474e+00    6.9855363734000657e+03    5.5585011527477172e+02
    3.5149999999999473e+00    6.9777335131658556e+03    5.8630127748719121e+02
    3.5199999999999472e+00    6.9656897668428273e+03    6.1835202470384661e+02
    3.5249999999999471e+00    6.9492016970955328e+03    6.5204314903044622e+02
    3.5299999999999470e+00    6.9280701269100500e+03    6.8740868194625227e+02
    3.5349999999999469e+00    6.9021025170917419e+03    7.2447448116449630e+02
    3.5399999999999467e+00    6.8711155994623750e+03    7.6325671420648450e+02
    3.5449999999999466e+00    6.8349382531494275e+03    8.0376025522683881e+02
    3.5499999999999465e+00    6.7934146013847003e+03    8.4597701818766291e+02
    3.5549999999999464e+00    6.7464072948427083e+03    8.8988425669515914e+02
    3.5599999999999463e+00    6.6938009349724571e+03    9.3544286847440969e+02
    3.5649999999999462e+00    6.6355055773700351e+03    9.8259575026479899e+02
    3.5699999999999461e+00    6.5714602415200925e+03    1.0312662564692916e+03
    3.5749999999999460e+00    6.5016363398791091e+03    1.0813568216879653e+03
    3.5799999999999459e+00    6.4260409271126473e+03    1.1327478127275067e+03
    3.5849999999999458e+00    6.3447196602900876e+03    1.1852966791613958e+03
    3.5899999999999457e+00    6.2577593540219514e+03    1.2388374723566039e+03
    3.5949999999999456e+00    6.1652900119471215e+03    1.2931808004500606e+03
    3.5999999999999455e+00    6.0674862186134615e+03    1.3481142805174056e+03
    3.6049999999999454e+00    5.9645677844364891e+03    1.4034035387638658e+03
    3.6099999999999453e+00    5.8567995515633520e+03    1.4587937948637993e+03
    3.6149999999999451e+00    5.7444902902073518e+03    1.5140120477743349e+03
    3.6199999999999450e+00    5.6279906429554931e+03    1.5687698580010674e+03
    3.6249999999999449e+00    5.5076901077494358e+03    1.6227666963277234e+03
    3.6299999999999448e+00    5.3840130872159416e+03    1.6756938027195788e+03
    3.6349999999999447e+00    5.2574140708079240e+03    1.7272384730437327e+03
    3.6399999999999446e+00    5.1283720544795851e+03    1.7770886671688597e+03
    3.6449999999999445e+00    4.9973843378435577e+03    1.8249378116960340e+03
    3.6499999999999444e+00    4.8649598684678285e+03    1.8704896556768563e+03
    3.6549999999999443e+00    4.7316123249674647e+03    1.9134630295317952e+03
    3.6599999999999442e+00    4.5978531431390948e+03    1.9535963568637389e+03
    3.6649999999999441e+00    4.4641846915738652e+03    1.9906517762680173e+03
    3.6699999999999440e+00    4.3310937947722041e+03    2.0244187452426665e+03
    3.6749999999999439e+00    4.1990457834091048e+03    2.0547170199636489e+03
    3.6799999999999438e+00    4.0684792244676501e+03    2.0813989315471258e+03
    3.6849999999999437e+00    3.9398014504957537e+03    2.1043509096321991e+03
    3.6899999999999435e+00    3.8133849696782913e+03    2.1234942356424040e+03
    3.6949999999999434e+00    3.6895647993471293e+03    2.1387850388812421e+03
    3.6999999999999433e+00    3.5686367274840704e+03    2.1502135768295780e+03
    3.7049999999999432e+00    3.4508564719147325e+03    2.1578028651212330e+03
    3.7099999999999431e+00    3.3364396769894847e+03    2.1616067415984676e+03
    3.7149999999999430e+00    3.2255626637850378e+03    2.1617074619993004e+03
    3.7199999999999429e+00    3.1183638328338789e+03    2.1582129320910922e+03
    3.7249999999999428e+00    3.0149456081424732e+03    2.1512536827513459e+03
    3.7299999999999427e+00    2.9153768073676683e+03    2.1409796912559509e+03
    3.7349999999999426e+00    2.8196953247026890e+03    2.1275571447471452e+03
    3.7399999999999425e+00    2.7279110192680896e+03    2.1111652315210081e+03
    3.7449999999999424e+00    2.6400087114895341e+03    2.0919930334233850e+03
    3.7499999999999423e+00    2.5559512019521662e+03    2.0702365792414130e+03
    3.7549999999999422e+00    2.4756822405109392e+03    2.0460961053749038e+03
    3.7599999999999421e+00    2.3991293871069438e+03    2.0197735569629874e+03
    3.7649999999999419e+00    2.3262067190617850e+03    1.9914703505520094e+03
    3.7699999999999418e+00    2.2568173520470746e+03    1.9613854086784052e+03
    3.7749999999999417e+00    2.1908557530803978e+03    1.9297134676098453e+03
    3.7799999999999416e+00    2.1282098335650066e+03    1.8966436520139994e+03
    3.7849999999999415e+00    2.0687628184809600e+03    1.8623583044780721e+03
    3.7899999999999414e+00    2.0123948943659002e+03    1.8270320534790708e+03
    3.7949999999999413e+00    1.9589846437842766e+03    1.7908311004490793e+03
    3.7999999999999412e+00    1.9084102777142984e+03    1.7539127048074909e+03
    3.8049999999999411e+00    1.8605506798500755e+03    1.7164248450481409e+03
    3.8099999999999410e+00    1.8152862784012586e+03    1.6785060339812221e+03
    3.8149999999999409e+00    1.7724997617512747e+03    1.6402852668576584e+03
    3.8199999999999408e+00    1.7320766544746009e+03    1.6018820821854154e+03
    3.8249999999999407e+00    1.6939057698638564e+03    1.5634067164427624e+03
    3.8299999999999406e+00    1.6578795544099689e+03    1.5249603354850187e+03
    3.8349999999999405e+00    1.6238943387243330e+03    1.4866353271330695e+03
    3.8399999999999403e+00    1.5918505082819966e+03    1.4485156411486009e+03
    3.8449999999999402e+00    1.5616526061724801e+03    1.4106771644854232e+03
    3.8499999999999401e+00    1.5332093788264715e+03    1.3731881213169520e+03
    3.8549999999999400e+00    1.5064337744848112e+03    1.3361094888485482e+03
    3.8599999999999399e+00    1.4812429030214375e+03    1.2994954213122871e+03
    3.8649999999999398e+00    1.4575579646450983e+03    1.2633936758015880e+03
    3.8699999999999397e+00    1.4353041539986123e+03    1.2278460347312114e+03
    3.8749999999999396e+00    1.4144105452561898e+03    1.1928887207064572e+03
    3.8799999999999395e+00    1.3948099629910641e+03    1.1585528004594000e+03
    3.8849999999999394e+00    1.3764388428463353e+03    1.1248645752674097e+03
    3.8899999999999393e+00    1.3592370853880004e+03    1.0918459559191379e+03
    3.8949999999999392e+00    1.3431479059455564e+03    1.0595148208454241e+03
    3.8999999999999391e+00    1.3281176827462757e+03    1.0278853564972051e+03
    3.9049999999999390e+00    1.3140958052177405e+03    9.9696837943934327e+02
    3.9099999999999389e+00    1.3010345239627984e+03    9.6677163994771558e+02
    3.9149999999999388e+00    1.2888888035952241e+03    9.3730010715573144e+02
    3.9199999999999386e+00    1.2776161793567437e+03    9.0855623600376930e+02
    3.9249999999999385e+00    1.2671766182108336e+03    8.8054021640818905e+02
    3.9299999999999384e+00    1.2575323849204067e+03    8.5325020519218106e+02
    3.9349999999999383e+00    1.2486479134602278e+03    8.2668254141460920e+02
    3.9399999999999382e+00    1.2404896839862031e+03    8.0083194580034899e+02
    3.9449999999999381e+00    1.2330261054786265e+03    7.7569170502091049e+02
    3.9499999999999380e+00    1.2262274040915327e+03    7.5125384160127510e+02
    3.9549999999999379e+00    1.2200655171724375e+03    7.2750927024121916e+02
    3.9599999999999378e+00    1.2145139928632700e+03    7.0444794133982714e+02
    3.9649999999999377e+00    1.2095478951518837e+03    6.8205897250285000e+02
    3.9699999999999376e+00    1.2051437142121970e+03    6.6033076879611167e+02
    3.9749999999999375e+00    1.2012792818480082e+03    6.3925113248603918e+02
    3.9799999999999374e+00    1.1979336918394210e+03    6.1880736298203760e+02
    3.9849999999999373e+00    1.1950872249803256e+03    5.9898634766605301e+02
    3.9899999999999372e+00    1.1927212785894624e+03    5.7977464426325025e+02
    3.9949999999999370e+00    1.1908183002753688e+03    5.6115855537507900e+02
    3.9999999999999369e+00    1.1893617257361877e+03    5.4312419576277603e+02
    4.0049999999999368e+00    1.1883359203783198e+03    5.2565755293605969e+02
    4.0099999999999367e+00    1.1877261245426612e+03    5.0874454156883803e+02
    4.0149999999999366e+00    1.1875184021332921e+03    4.9237105223149297e+02
    4.0199999999999365e+00    1.1876995924505725e+03    4.7652299489795774e+02
    4.0249999999999364e+00    1.1882572650384056e+03    4.6118633765556433e+02
    4.0299999999999363e+00    1.1891796773636761e+03    4.4634714101662132e+02
    4.0349999999999362e+00    1.1904557351543860e+03    4.3199158820298544e+02
    4.0399999999999361e+00    1.1920749552316361e+03    4.1810601174855663e+02
    4.0449999999999360e+00    1.1940274306792076e+03    4.0467691673968739e+02
    4.0499999999999359e+00    1.1963037982030021e+03    3.9169100098995108e+02
    4.0549999999999358e+00    1.1988952075409079e+03    3.7913517242354675e+02
    4.0599999999999357e+00    1.2017932927917414e+03    3.6699656392080118e+02
    4.0649999999999356e+00    1.2049901455397060e+03    3.5526254585972566e+02
    4.0699999999999354e+00    1.2084782896582967e+03    3.4392073656934411e+02
    4.0749999999999353e+00    1.2122506576847329e+03    3.3295901089348706e+02
    4.0799999999999352e+00    1.2163005686628264e+03    3.2236550704787800e+02
    4.0849999999999351e+00    1.2206217073586624e+03    3.1212863193857834e+02
    4.0899999999999350e+00    1.2252081047596012e+03    3.0223706509613527e+02
    4.0949999999999349e+00    1.2300541197729065e+03    2.9267976136704658e+02
    4.0999999999999348e+00    1.2351544220457617e+03    2.8344595249234953e+02
    4.1049999999999347e+00    1.2405039758335813e+03    2.7452514769221051e+02
    4.1099999999999346e+00    1.2460980248483474e+03    2.6590713336527733e+02
    4.1149999999999345e+00    1.2519320780232397e+03    2.5758197200220684e+02
    4.1199999999999344e+00    1.2580018961340711e+03    2.4954000040414721e+02
    4.1249999999999343e+00    1.2643034792220176e+03    2.4177182728898555e+02
    4.1299999999999342e+00    1.2708330547658511e+03    2.3426833036082621e+02
    4.1349999999999341e+00    1.2775870665553628e+03    2.2702065291139508e+02
    4.1399999999999340e+00    1.2845621642209053e+03    2.2002020001583361e+02
    4.1449999999999338e+00    1.2917551933770212e+03    2.1325863437961178e+02
    4.1499999999999337e+00    1.2991631863409443e+03    2.0672787188801652e+02
    4.1549999999999336e+00    1.3067833533894034e+03    2.0042007690482848e+02
    4.1599999999999335e+00    1.3146130745196124e+03    1.9432765736235086e+02
    4.1649999999999334e+00    1.3226498916826222e+03    1.8844325968087304e+02
    4.1699999999999333e+00    1.3308915014593438e+03    1.8275976355190778e+02
    4.1749999999999332e+00    1.3393357481515382e+03    1.7727027661611169e+02
    4.1799999999999331e+00    1.3479806172619201e+03    1.7196812906365616e+02
    4.1849999999999330e+00    1.3568242293392473e+03    1.6684686818194243e+02
    4.1899999999999329e+00    1.3658648341658670e+03    1.6190025287292477e+02
    4.1949999999999328e+00    1.3751008052666919e+03    1.5712224815990388e+02
    4.1999999999999327e+00    1.3845306347199589e+03    1.5250701970145863e+02
    4.2049999999999326e+00    1.3941529282514284e+03    1.4804892832818334e+02
    4.2099999999999325e+00    1.4039664005948782e+03    1.4374252461607250e+02
    4.2149999999999324e+00    1.4139698711028741e+03    1.3958254350873361e+02
    4.2199999999999322e+00    1.4241622595928377e+03    1.3556389899909576e+02
    4.2249999999999321e+00    1.4345425824144106e+03    1.3168167887990748e+02
    4.2299999999999320e+00    1.4451099487250137e+03    1.2793113957106782e+02
    4.2349999999999319e+00    1.4558635569613464e+03    1.2430770103070260e+02
    4.2399999999999318e+00    1.4668026914953550e+03    1.2080694175587116e+02
    4.2449999999999317e+00    1.4779267194639319e+03    1.1742459387786012e+02
    4.2499999999999316e+00    1.4892350877622855e+03    1.1415653835618147e+02
    4.2549999999999315e+00    1.5007273201915582e+03    1.1099880027463500e+02
    4.2599999999999314e+00    1.5124030147518611e+03    1.0794754424211271e+02
    4.2649999999999313e+00    1.5242618410724431e+03    1.0499906990020955e+02
    4.2699999999999312e+00    1.5363035379712278e+03    1.0214980753915388e+02
    4.2749999999999311e+00    1.5485279111364305e+03    9.9396313823078415e+01
    4.2799999999999310e+00    1.5609348309234126e+03    9.6735267625211179e+01
    4.2849999999999309e+00    1.5735242302603490e+03    9.4163465973173970e+01
    4.2899999999999308e+00    1.5862961026566709e+03    9.1677820104226555e+01
    4.2949999999999307e+00    1.5992505003086096e+03    8.9275351629986133e+01
    4.2999999999999305e+00    1.6123875322965062e+03    8.6953188809879066e+01
    4.3049999999999304e+00    1.6257073628688618e+03    8.4708562932342204e+01
    4.3099999999999303e+00    1.6392102098084074e+03    8.2538804802582334e+01
    4.3149999999999302e+00    1.6528963428757359e+03    8.0441341335519866e+01
    4.3199999999999301e+00    1.6667660823263031e+03    7.8413692252386369e+01
    4.3249999999999300e+00    1.6808197974968411e+03    7.6453466879310810e+01
    4.3299999999999299e+00    1.6950579054574494e+03    7.4558361046115493e+01
    4.3349999999999298e+00    1.7094808697258404e+03    7.2726154083447256e+01
    4.3399999999999297e+00    1.7240891990404111e+03    7.0954705916290692e+01
    4.3449999999999296e+00    1.7388834461889878e+03    6.9241954251846636e+01
    4.3499999999999295e+00    1.7538642068902714e+03    6.7585911859708972e+01
    4.3549999999999294e+00    1.7690321187251584e+03    6.5984663942235287e+01
    4.3599999999999293e+00    1.7843878601152680e+03    6.4436365592980025e+01
    4.3649999999999292e+00    1.7999321493461396e+03    6.2939239341041961e+01
    4.3699999999999291e+00    1.8156657436326943e+03    6.1491572779169857e+01
    4.3749999999999289e+00    1.8315894382246765e+03    6.0091716273469892e+01
    4.3799999999999288e+00    1.8477040655498977e+03    5.8738080752565615e+01
    4.3849999999999287e+00    1.8640104943932145e+03    5.7429135574074039e+01
    4.3899999999999286e+00    1.8805096291092666e+03    5.6163406466280406e+01
    4.3949999999999285e+00    1.8972024088670910e+03    5.4939473542917654e+01
    4.3999999999999284e+00    1.9140898069248117e+03    5.3755969388984468e+01
    4.4049999999999283e+00    1.9311728299326835e+03    5.2611577215567507e+01
    4.4099999999999282e+00    1.9484525172628382e+03    5.1505029081668276e+01
    4.4149999999999281e+00    1.9659299403641492e+03    5.0435104181072944e+01
    4.4199999999999280e+00    1.9836062021406915e+03    4.9400627192343642e+01
    4.4249999999999279e+00    2.0014824363523310e+03    4.8400466690052056e+01
    4.4299999999999278e+00    2.0195598070360263e+03    4.7433533615420380e+01
    4.4349999999999277e+00    2.0378395079464788e+03    4.6498779804580288e+01
    4.4399999999999276e+00    2.0563227620148018e+03    4.5595196572707437e+01
    4.4449999999999275e+00    2.0750108208239299e+03    4.4721813352337030e+01
    4.4499999999999273e+00    2.0939049640995099e+03    4.3877696384214687e+01
    4.4549999999999272e+00    2.1130064992150619e+03    4.3061947459086326e+01
    4.4599999999999271e+00    2.1323167607102146e+03    4.2273702708880613e+01
    4.4649999999999270e+00    2.1518371098208481e+03    4.1512131445787986e+01
    4.4699999999999269e+00    2.1715689340200006e+03    4.0776435047790699e+01
    4.4749999999999268e+00    2.1915136465684031e+03    4.0065845889249161e+01
    4.4799999999999267e+00    2.2116726860735353e+03    3.9379626315200646e+01
    4.4849999999999266e+00    2.2320475160560882e+03    3.8717067658077291e+01
    4.4899999999999265e+00    2.2526396245227452e+03    3.8077489295601232e+01
    4.4949999999999264e+00    2.2734505235441802e+03    3.7460237748665349e+01
    4.4999999999999263e+00    2.2944817488371864e+03    3.6864685818058973e+01
    4.5049999999999262e+00    2.3157348593498350e+03    3.6290231758948323e+01
    4.5099999999999261e+00    2.3372114368485718e+03    3.5736298492072123e+01
    4.5149999999999260e+00    2.3589130855061312e+03    3.5202332850663097e+01
    4.5199999999999259e+00    2.3808414314891570e+03    3.4687804862156518e+01
    4.5249999999999257e+00    2.4029981225443839e+03    3.4192207063797191e+01
    4.5299999999999256e+00    2.4253848275822288e+03    3.3715053851306635e+01
    4.5349999999999255e+00    2.4480032362566094e+03    3.3255880859822454e+01
    4.5399999999999254e+00    2.4708550585397875e+03    3.2814244376372478e+01
    4.5449999999999253e+00    2.4939420242909951e+03    3.2389720783196665e+01
    4.5499999999999252e+00    2.5172658828175795e+03    3.1981906031280815e+01
    4.5549999999999251e+00    2.5408284024273548e+03    3.1590415143517088e+01
    4.5599999999999250e+00    2.5646313699708062e+03    3.1214881746958024e+01
    4.5649999999999249e+00    2.5886765903717505e+03    3.0854957633682787e+01
    4.5699999999999248e+00    2.6129658861450034e+03    3.0510312349847048e+01
    4.5749999999999247e+00    2.6375010968995380e+03    3.0180632812541379e+01
    4.5799999999999246e+00    2.6622840788255694e+03    2.9865622954137311e+01
    4.5849999999999245e+00    2.6873167041639249e+03    2.9565003393855555e+01
    4.5899999999999244e+00    2.7126008606559849e+03    2.9278511136347344e+01
    4.5949999999999243e+00    2.7381384509724012e+03    2.9005899297137702e+01
    4.5999999999999241e+00    2.7639313921187145e+03    2.8746936854838708e+01
    4.6049999999999240e+00    2.7899816148158948e+03    2.8501408430101918e+01
    4.6099999999999239e+00    2.8162910628537270e+03    2.8269114091341969e+01
    4.6149999999999238e+00    2.8428616924148596e+03    2.8049869187328451e+01
    4.6199999999999237e+00    2.8696954713672103e+03    2.7843504206810589e+01
    4.6249999999999236e+00    2.8967943785222969e+03    2.7649864665409233e+01
    4.6299999999999235e+00    2.9241604028569268e+03    2.7468811020083667e+01
    4.6349999999999234e+00    2.9517955426955264e+03    2.7300218611556815e+01
    4.6399999999999233e+00    2.9797018048502373e+03    2.7143977635162077e+01
    4.6449999999999232e+00    3.0078812037157336e+03    2.6999993140658578e+01
    4.6499999999999231e+00    3.0363357603155259e+03    2.6868185061649260e+01
    4.6549999999999230e+00    3.0650675012963320e+03    2.6748488275328715e+01
    4.6599999999999229e+00    3.0940784578668649e+03    2.6640852693385018e+01
    4.6649999999999228e+00    3.1233706646771775e+03    2.6545243384982872e+01
    4.6699999999999227e+00    3.1529461586344419e+03    2.6461640732864300e+01
    4.6749999999999226e+00    3.1828069776507891e+03    2.6390040623718821e+01
    4.6799999999999224e+00    3.2129551593185438e+03    2.6330454674097780e+01
    4.6849999999999223e+00    3.2433927395078822e+03    2.6282910493278074e+01
    4.6899999999999222e+00    3.2741217508816203e+03    2.6247451984619676e+01
    4.6949999999999221e+00    3.3051442213214750e+03    2.6224139687109655e+01
    4.6999999999999220e+00    3.3364621722597703e+03    2.6213051158943838e+01
    4.7049999999999219e+00    3.3680776169101414e+03    2.6214281405166538e+01
    4.7099999999999218e+00    3.3999925583903605e+03    2.6227943351570090e+01
    4.7149999999999217e+00    3.4322089877299195e+03    2.6254168367249918e+01
    4.7199999999999216e+00    3.4647288817545095e+03    2.6293106838419167e+01
    4.7249999999999215e+00    3.4975542008389721e+03    2.6344928796310128e+01
    4.7299999999999214e+00    3.5306868865197152e+03    2.6409824602229694e+01
    4.7349999999999213e+00    3.5641288589569449e+03    2.6488005693093882e+01
    4.7399999999999212e+00    3.5978820142363747e+03    2.6579705391043763e+01
    4.7449999999999211e+00    3.6319482214993359e+03    2.6685179781043644e+01
    4.7499999999999210e+00    3.6663293198894062e+03    2.6804708660683733e+01
    4.7549999999999208e+00    3.7010271153028252e+03    2.6938596566755919e+01
    4.7599999999999207e+00    3.7360433769290180e+03    2.7087173883544633e+01
    4.7649999999999206e+00    3.7713798335665615e+03    2.7250798038177525e+01
    4.7699999999999205e+00    3.8070381696988316e+03    2.7429854788815316e+01
    4.7749999999999204e+00    3.8430200213124135e+03    2.7624759611929292e+01
    4.7799999999999203e+00    3.8793269714400858e+03    2.7835959195421630e+01
    4.7849999999999202e+00    3.9159605454088328e+03    2.8063933044891119e+01
    4.7899999999999201e+00    3.9529222057718653e+03    2.8309195210938395e+01
    4.7949999999999200e+00    3.9902133469020469e+03    2.8572296146044209e+01
    4.7999999999999199e+00    4.0278352892223957e+03    2.8853824700245752e+01
    4.8049999999999198e+00    4.0657892730474859e+03    2.9154410265583763e+01
    4.8099999999999197e+00    4.1040764520075645e+03    2.9474725080102115e+01
    4.8149999999999196e+00    4.1426978860250274e+03    2.9815486703056667e+01
    4.8199999999999195e+00    4.1816545338105661e+03    3.0177460673937237e+01
    4.8249999999999194e+00    4.2209472448437509e+03    3.0561463368931271e+01
    4.8299999999999192e+00    4.2605767508000790e+03    3.0968365069566964e+01
    4.8349999999999191e+00    4.3005436563835665e+03    3.1399093259473911e+01
    4.8399999999999190e+00    4.3408484295207372e+03    3.1854636166498615e+01
    4.8449999999999189e+00    4.3814913908684184e+03    3.2336046568818183e+01
    4.8499999999999188e+00    4.4224727025839829e+03    3.2844445885217233e+01
    4.8549999999999187e+00    4.4637923563026452e+03    3.3381028571339421e+01
    4.8599999999999186e+00    4.5054501602620267e+03    3.3947066845506427e+01
    4.8649999999999185e+00    4.5474457255094567e+03    3.4543915769623794e+01
    4.8699999999999184e+00    4.5897784511223726e+03    3.5173018712776624e+01
    4.8749999999999183e+00    4.6324475083666202e+03    3.5835913227370185e+01
    4.8799999999999182e+00    4.6754518237114826e+03    3.6534237370104279e+01
    4.8849999999999181e+00    4.7187900606137982e+03    3.7269736502698500e+01
    4.8899999999999180e+00    4.7624605999765236e+03    3.8044270610123007e+01
    4.8949999999999179e+00    4.8064615191795774e+03    3.8859822177150193e+01
    4.8999999999999178e+00    4.8507905695726404e+03    3.9718504667342188e+01
    4.9049999999999176e+00    4.8954451523108091e+03    4.0622571652143137e+01
    4.9099999999999175e+00    4.9404222924045398e+03    4.1574426641569218e+01
    4.9149999999999174e+00    4.9857186108451060e+03    4.2576633672099945e+01
    4.9199999999999173e+00    5.0313302946558342e+03    4.3631928711786792e+01
    4.9249999999999172e+00    5.0772530647075546e+03    4.4743231947325604e+01
    4.9299999999999171e+00    5.1234821411240409e+03    4.5913661022901522e+01
    4.9349999999999170e+00    5.1700122060895919e+03    4.7146545306023327e+01
    4.9399999999999169e+00    5.2168373638563462e+03    4.8445441261328611e+01
    4.9449999999999168e+00    5.2639510977332975e+03    4.9814149019471287e+01
    4.9499999999999167e+00    5.3113462238223565e+03    5.1256730234703163e+01
    4.9549999999999166e+00    5.3590148412490289e+03    5.2777527331631582e+01
    4.9599999999999165e+00    5.4069482786164263e+03    5.4381184248869602e+01
    4.9649999999999164e+00    5.4551370363913193e+03    5.6072668794879341e+01
    4.9699999999999163e+00    5.5035707249097877e+03    5.7857296739219123e+01
    4.9749999999999162e+00    5.5522379976677576e+03    5.9740757770603942e+01
    4.9799999999999160e+00    5.6011264795383668e+03    6.1729143461624936e+01
    4.9849999999999159e+00    5.6502226895337080e+03    6.3828977388575638e+01
    4.9899999999999158e+00    5.6995119577032319e+03    6.6047247563506815e+01
    4.9949999999999157e+00    5.7489783357350325e+03    6.8391441344255369e+01
    4.9999999999999156e+00    5.7986045007996263e+03    7.0869582996609864e+01
