    0.850651    0.525731    0.000000
    0.850651   -0.525731    0.000000
    0.525731    0.000000    0.850651
    0.525731    0.000000   -0.850651
    0.000000    0.850651    0.525731
    0.000000    0.850651   -0.525731
    0.000000   -0.850651    0.525731
    0.000000   -0.850651   -0.525731
   -0.525731    0.000000    0.850651
   -0.525731    0.000000   -0.850651
   -0.850651    0.525731    0.000000
   -0.850651   -0.525731    0.000000
    0.955423    0.295242    0.000000
    1.000000    0.000000    0.000000
    0.955423   -0.295242    0.000000
    0.864188    0.442863    0.238856
    0.809017    0.309017    0.500000
    0.681718    0.147621    0.716567
    0.864188    0.442863   -0.238856
    0.809017    0.309017   -0.500000
    0.681718    0.147621   -0.716567
    0.716567    0.681718    0.147621
    0.500000    0.809017    0.309017
    0.238856    0.864188    0.442863
    0.716567    0.681718   -0.147621
    0.500000    0.809017   -0.309017
    0.238856    0.864188   -0.442863
    0.864188   -0.442863    0.238856
    0.809017   -0.309017    0.500000
    0.681718   -0.147621    0.716567
    0.864188   -0.442863   -0.238856
    0.809017   -0.309017   -0.500000
    0.681718   -0.147621   -0.716567
    0.716567   -0.681718    0.147621
    0.500000   -0.809017    0.309017
    0.238856   -0.864188    0.442863
    0.716567   -0.681718   -0.147621
    0.500000   -0.809017   -0.309017
    0.238856   -0.864188   -0.442863
    0.442863    0.238856    0.864188
    0.309017    0.500000    0.809017
    0.147621    0.716567    0.681718
    0.442863   -0.238856    0.864188
    0.309017   -0.500000    0.809017
    0.147621   -0.716567    0.681718
    0.295242    0.000000    0.955423
    0.000000    0.000000    1.000000
   -0.295242    0.000000    0.955423
    0.442863    0.238856   -0.864188
    0.309017    0.500000   -0.809017
    0.147621    0.716567   -0.681718
    0.442863   -0.238856   -0.864188
    0.309017   -0.500000   -0.809017
    0.147621   -0.716567   -0.681718
    0.295242    0.000000   -0.955423
    0.000000    0.000000   -1.000000
   -0.295242    0.000000   -0.955423
    0.000000    0.955423    0.295242
    0.000000    1.000000    0.000000
    0.000000    0.955423   -0.295242
   -0.147621    0.716567    0.681718
   -0.309017    0.500000    0.809017
   -0.442863    0.238856    0.864188
   -0.238856    0.864188    0.442863
   -0.500000    0.809017    0.309017
   -0.716567    0.681718    0.147621
   -0.147621    0.716567   -0.681718
   -0.309017    0.500000   -0.809017
   -0.442863    0.238856   -0.864188
   -0.238856    0.864188   -0.442863
   -0.500000    0.809017   -0.309017
   -0.716567    0.681718   -0.147621
    0.000000   -0.955423    0.295242
    0.000000   -1.000000    0.000000
    0.000000   -0.955423   -0.295242
   -0.147621   -0.716567    0.681718
   -0.309017   -0.500000    0.809017
   -0.442863   -0.238856    0.864188
   -0.238856   -0.864188    0.442863
   -0.500000   -0.809017    0.309017
   -0.716567   -0.681718    0.147621
   -0.147621   -0.716567   -0.681718
   -0.309017   -0.500000   -0.809017
   -0.442863   -0.238856   -0.864188
   -0.238856   -0.864188   -0.442863
   -0.500000   -0.809017   -0.309017
   -0.716567   -0.681718   -0.147621
   -0.681718    0.147621    0.716567
   -0.809017    0.309017    0.500000
   -0.864188    0.442863    0.238856
   -0.681718   -0.147621    0.716567
   -0.809017   -0.309017    0.500000
   -0.864188   -0.442863    0.238856
   -0.681718    0.147621   -0.716567
   -0.809017    0.309017   -0.500000
   -0.864188    0.442863   -0.238856
   -0.681718   -0.147621   -0.716567
   -0.809017   -0.309017   -0.500000
   -0.864188   -0.442863   -0.238856
   -0.955423    0.295242    0.000000
   -1.000000    0.000000    0.000000
   -0.955423   -0.295242    0.000000
    0.951057    0.162460   -0.262866
    0.850651    0.000000   -0.525731
    0.951057   -0.162460   -0.262866
    0.951057    0.162460    0.262866
    0.951057   -0.162460    0.262866
    0.850651    0.000000    0.525731
    0.688191    0.587785   -0.425325
    0.425325    0.688191   -0.587785
    0.587785    0.425325   -0.688191
    0.688191    0.587785    0.425325
    0.587785    0.425325    0.688191
    0.425325    0.688191    0.587785
    0.525731    0.850651    0.000000
    0.262866    0.951057    0.162460
    0.262866    0.951057   -0.162460
    0.688191   -0.587785    0.425325
    0.425325   -0.688191    0.587785
    0.587785   -0.425325    0.688191
    0.525731   -0.850651    0.000000
    0.262866   -0.951057   -0.162460
    0.262866   -0.951057    0.162460
    0.688191   -0.587785   -0.425325
    0.587785   -0.425325   -0.688191
    0.425325   -0.688191   -0.587785
    0.162460    0.262866    0.951057
   -0.162460    0.262866    0.951057
    0.000000    0.525731    0.850651
    0.162460   -0.262866    0.951057
    0.000000   -0.525731    0.850651
   -0.162460   -0.262866    0.951057
    0.162460   -0.262866   -0.951057
   -0.162460   -0.262866   -0.951057
    0.000000   -0.525731   -0.850651
    0.162460    0.262866   -0.951057
    0.000000    0.525731   -0.850651
   -0.162460    0.262866   -0.951057
   -0.262866    0.951057    0.162460
   -0.525731    0.850651    0.000000
   -0.262866    0.951057   -0.162460
   -0.425325    0.688191    0.587785
   -0.587785    0.425325    0.688191
   -0.688191    0.587785    0.425325
   -0.425325    0.688191   -0.587785
   -0.688191    0.587785   -0.425325
   -0.587785    0.425325   -0.688191
   -0.425325   -0.688191    0.587785
   -0.688191   -0.587785    0.425325
   -0.587785   -0.425325    0.688191
   -0.262866   -0.951057    0.162460
   -0.262866   -0.951057   -0.162460
   -0.525731   -0.850651    0.000000
   -0.425325   -0.688191   -0.587785
   -0.587785   -0.425325   -0.688191
   -0.688191   -0.587785   -0.425325
   -0.850651    0.000000    0.525731
   -0.951057   -0.162460    0.262866
   -0.951057    0.162460    0.262866
   -0.850651    0.000000   -0.525731
   -0.951057    0.162460   -0.262866
   -0.951057   -0.162460   -0.262866
