    0.850651    0.525731    0.000000
    0.850651   -0.525731    0.000000
    0.525731    0.000000    0.850651
    0.525731    0.000000   -0.850651
    0.000000    0.850651    0.525731
    0.000000    0.850651   -0.525731
    0.000000   -0.850651    0.525731
    0.000000   -0.850651   -0.525731
   -0.525731    0.000000    0.850651
   -0.525731    0.000000   -0.850651
   -0.850651    0.525731    0.000000
   -0.850651   -0.525731    0.000000
    0.924594    0.380954    0.000000
    0.979432    0.201774    0.000000
    1.000000    0.000000    0.000000
    0.979432   -0.201774    0.000000
    0.924594   -0.380954    0.000000
    0.865734    0.476192    0.154099
    0.854729    0.403548    0.326477
    0.809017    0.309017    0.500000
    0.730026    0.201774    0.652955
    0.630291    0.095238    0.770495
    0.865734    0.476192   -0.154099
    0.854729    0.403548   -0.326477
    0.809017    0.309017   -0.500000
    0.730026    0.201774   -0.652955
    0.630291    0.095238   -0.770495
    0.770495    0.630291    0.095238
    0.652955    0.730026    0.201774
    0.500000    0.809017    0.309017
    0.326477    0.854729    0.403548
    0.154099    0.865734    0.476192
    0.770495    0.630291   -0.095238
    0.652955    0.730026   -0.201774
    0.500000    0.809017   -0.309017
    0.326477    0.854729   -0.403548
    0.154099    0.865734   -0.476192
    0.865734   -0.476192    0.154099
    0.854729   -0.403548    0.326477
    0.809017   -0.309017    0.500000
    0.730026   -0.201774    0.652955
    0.630291   -0.095238    0.770495
    0.865734   -0.476192   -0.154099
    0.854729   -0.403548   -0.326477
    0.809017   -0.309017   -0.500000
    0.730026   -0.201774   -0.652955
    0.630291   -0.095238   -0.770495
    0.770495   -0.630291    0.095238
    0.652955   -0.730026    0.201774
    0.500000   -0.809017    0.309017
    0.326477   -0.854729    0.403548
    0.154099   -0.865734    0.476192
    0.770495   -0.630291   -0.095238
    0.652955   -0.730026   -0.201774
    0.500000   -0.809017   -0.309017
    0.326477   -0.854729   -0.403548
    0.154099   -0.865734   -0.476192
    0.476192    0.154099    0.865734
    0.403548    0.326477    0.854729
    0.309017    0.500000    0.809017
    0.201774    0.652955    0.730026
    0.095238    0.770495    0.630291
    0.476192   -0.154099    0.865734
    0.403548   -0.326477    0.854729
    0.309017   -0.500000    0.809017
    0.201774   -0.652955    0.730026
    0.095238   -0.770495    0.630291
    0.380954    0.000000    0.924594
    0.201774    0.000000    0.979432
    0.000000    0.000000    1.000000
   -0.201774    0.000000    0.979432
   -0.380954    0.000000    0.924594
    0.476192    0.154099   -0.865734
    0.403548    0.326477   -0.854729
    0.309017    0.500000   -0.809017
    0.201774    0.652955   -0.730026
    0.095238    0.770495   -0.630291
    0.476192   -0.154099   -0.865734
    0.403548   -0.326477   -0.854729
    0.309017   -0.500000   -0.809017
    0.201774   -0.652955   -0.730026
    0.095238   -0.770495   -0.630291
    0.380954    0.000000   -0.924594
    0.201774    0.000000   -0.979432
    0.000000    0.000000   -1.000000
   -0.201774    0.000000   -0.979432
   -0.380954    0.000000   -0.924594
    0.000000    0.924594    0.380954
    0.000000    0.979432    0.201774
    0.000000    1.000000    0.000000
    0.000000    0.979432   -0.201774
    0.000000    0.924594   -0.380954
   -0.095238    0.770495    0.630291
   -0.201774    0.652955    0.730026
   -0.309017    0.500000    0.809017
   -0.403548    0.326477    0.854729
   -0.476192    0.154099    0.865734
   -0.154099    0.865734    0.476192
   -0.326477    0.854729    0.403548
   -0.500000    0.809017    0.309017
   -0.652955    0.730026    0.201774
   -0.770495    0.630291    0.095238
   -0.095238    0.770495   -0.630291
   -0.201774    0.652955   -0.730026
   -0.309017    0.500000   -0.809017
   -0.403548    0.326477   -0.854729
   -0.476192    0.154099   -0.865734
   -0.154099    0.865734   -0.476192
   -0.326477    0.854729   -0.403548
   -0.500000    0.809017   -0.309017
   -0.652955    0.730026   -0.201774
   -0.770495    0.630291   -0.095238
    0.000000   -0.924594    0.380954
    0.000000   -0.979432    0.201774
    0.000000   -1.000000    0.000000
    0.000000   -0.979432   -0.201774
    0.000000   -0.924594   -0.380954
   -0.095238   -0.770495    0.630291
   -0.201774   -0.652955    0.730026
   -0.309017   -0.500000    0.809017
   -0.403548   -0.326477    0.854729
   -0.476192   -0.154099    0.865734
   -0.154099   -0.865734    0.476192
   -0.326477   -0.854729    0.403548
   -0.500000   -0.809017    0.309017
   -0.652955   -0.730026    0.201774
   -0.770495   -0.630291    0.095238
   -0.095238   -0.770495   -0.630291
   -0.201774   -0.652955   -0.730026
   -0.309017   -0.500000   -0.809017
   -0.403548   -0.326477   -0.854729
   -0.476192   -0.154099   -0.865734
   -0.154099   -0.865734   -0.476192
   -0.326477   -0.854729   -0.403548
   -0.500000   -0.809017   -0.309017
   -0.652955   -0.730026   -0.201774
   -0.770495   -0.630291   -0.095238
   -0.630291    0.095238    0.770495
   -0.730026    0.201774    0.652955
   -0.809017    0.309017    0.500000
   -0.854729    0.403548    0.326477
   -0.865734    0.476192    0.154099
   -0.630291   -0.095238    0.770495
   -0.730026   -0.201774    0.652955
   -0.809017   -0.309017    0.500000
   -0.854729   -0.403548    0.326477
   -0.865734   -0.476192    0.154099
   -0.630291    0.095238   -0.770495
   -0.730026    0.201774   -0.652955
   -0.809017    0.309017   -0.500000
   -0.854729    0.403548   -0.326477
   -0.865734    0.476192   -0.154099
   -0.630291   -0.095238   -0.770495
   -0.730026   -0.201774   -0.652955
   -0.809017   -0.309017   -0.500000
   -0.854729   -0.403548   -0.326477
   -0.865734   -0.476192   -0.154099
   -0.924594    0.380954    0.000000
   -0.979432    0.201774    0.000000
   -1.000000    0.000000    0.000000
   -0.979432   -0.201774    0.000000
   -0.924594   -0.380954    0.000000
    0.936339    0.309017   -0.166667
    0.912253    0.215354   -0.348450
    0.845705    0.107677   -0.522674
    0.745356    0.000000   -0.666667
    0.978801    0.107677   -0.174225
    0.934172    0.000000   -0.356822
    0.845705   -0.107677   -0.522674
    0.978801   -0.107677   -0.174225
    0.912253   -0.215354   -0.348450
    0.936339   -0.309017   -0.166667
    0.936339    0.309017    0.166667
    0.978801    0.107677    0.174225
    0.978801   -0.107677    0.174225
    0.936339   -0.309017    0.166667
    0.912253    0.215354    0.348450
    0.934172    0.000000    0.356822
    0.912253   -0.215354    0.348450
    0.845705    0.107677    0.522674
    0.845705   -0.107677    0.522674
    0.745356    0.000000    0.666667
    0.769672    0.578689   -0.269672
    0.630351    0.671480   -0.389579
    0.456127    0.738028   -0.497255
    0.269672    0.769672   -0.578689
    0.738028    0.497255   -0.456127
    0.577350    0.577350   -0.577350
    0.389579    0.630351   -0.671480
    0.671480    0.389579   -0.630351
    0.497255    0.456127   -0.738028
    0.578689    0.269672   -0.769672
    0.769672    0.578689    0.269672
    0.738028    0.497255    0.456127
    0.671480    0.389579    0.630351
    0.578689    0.269672    0.769672
    0.630351    0.671480    0.389579
    0.577350    0.577350    0.577350
    0.497255    0.456127    0.738028
    0.456127    0.738028    0.497255
    0.389579    0.630351    0.671480
    0.269672    0.769672    0.578689
    0.666667    0.745356    0.000000
    0.522674    0.845705    0.107677
    0.348450    0.912253    0.215354
    0.166667    0.936339    0.309017
    0.522674    0.845705   -0.107677
    0.356822    0.934172    0.000000
    0.174225    0.978801    0.107677
    0.348450    0.912253   -0.215354
    0.174225    0.978801   -0.107677
    0.166667    0.936339   -0.309017
    0.769672   -0.578689    0.269672
    0.630351   -0.671480    0.389579
    0.456127   -0.738028    0.497255
    0.269672   -0.769672    0.578689
    0.738028   -0.497255    0.456127
    0.577350   -0.577350    0.577350
    0.389579   -0.630351    0.671480
    0.671480   -0.389579    0.630351
    0.497255   -0.456127    0.738028
    0.578689   -0.269672    0.769672
    0.666667   -0.745356    0.000000
    0.522674   -0.845705   -0.107677
    0.348450   -0.912253   -0.215354
    0.166667   -0.936339   -0.309017
    0.522674   -0.845705    0.107677
    0.356822   -0.934172    0.000000
    0.174225   -0.978801   -0.107677
    0.348450   -0.912253    0.215354
    0.174225   -0.978801    0.107677
    0.166667   -0.936339    0.309017
    0.769672   -0.578689   -0.269672
    0.738028   -0.497255   -0.456127
    0.671480   -0.389579   -0.630351
    0.578689   -0.269672   -0.769672
    0.630351   -0.671480   -0.389579
    0.577350   -0.577350   -0.577350
    0.497255   -0.456127   -0.738028
    0.456127   -0.738028   -0.497255
    0.389579   -0.630351   -0.671480
    0.269672   -0.769672   -0.578689
    0.309017    0.166667    0.936339
    0.107677    0.174225    0.978801
   -0.107677    0.174225    0.978801
   -0.309017    0.166667    0.936339
    0.215354    0.348450    0.912253
    0.000000    0.356822    0.934172
   -0.215354    0.348450    0.912253
    0.107677    0.522674    0.845705
   -0.107677    0.522674    0.845705
    0.000000    0.666667    0.745356
    0.309017   -0.166667    0.936339
    0.215354   -0.348450    0.912253
    0.107677   -0.522674    0.845705
    0.000000   -0.666667    0.745356
    0.107677   -0.174225    0.978801
    0.000000   -0.356822    0.934172
   -0.107677   -0.522674    0.845705
   -0.107677   -0.174225    0.978801
   -0.215354   -0.348450    0.912253
   -0.309017   -0.166667    0.936339
    0.309017   -0.166667   -0.936339
    0.107677   -0.174225   -0.978801
   -0.107677   -0.174225   -0.978801
   -0.309017   -0.166667   -0.936339
    0.215354   -0.348450   -0.912253
    0.000000   -0.356822   -0.934172
   -0.215354   -0.348450   -0.912253
    0.107677   -0.522674   -0.845705
   -0.107677   -0.522674   -0.845705
    0.000000   -0.666667   -0.745356
    0.309017    0.166667   -0.936339
    0.215354    0.348450   -0.912253
    0.107677    0.522674   -0.845705
    0.000000    0.666667   -0.745356
    0.107677    0.174225   -0.978801
    0.000000    0.356822   -0.934172
   -0.107677    0.522674   -0.845705
   -0.107677    0.174225   -0.978801
   -0.215354    0.348450   -0.912253
   -0.309017    0.166667   -0.936339
   -0.166667    0.936339    0.309017
   -0.348450    0.912253    0.215354
   -0.522674    0.845705    0.107677
   -0.666667    0.745356    0.000000
   -0.174225    0.978801    0.107677
   -0.356822    0.934172    0.000000
   -0.522674    0.845705   -0.107677
   -0.174225    0.978801   -0.107677
   -0.348450    0.912253   -0.215354
   -0.166667    0.936339   -0.309017
   -0.269672    0.769672    0.578689
   -0.389579    0.630351    0.671480
   -0.497255    0.456127    0.738028
   -0.578689    0.269672    0.769672
   -0.456127    0.738028    0.497255
   -0.577350    0.577350    0.577350
   -0.671480    0.389579    0.630351
   -0.630351    0.671480    0.389579
   -0.738028    0.497255    0.456127
   -0.769672    0.578689    0.269672
   -0.269672    0.769672   -0.578689
   -0.456127    0.738028   -0.497255
   -0.630351    0.671480   -0.389579
   -0.769672    0.578689   -0.269672
   -0.389579    0.630351   -0.671480
   -0.577350    0.577350   -0.577350
   -0.738028    0.497255   -0.456127
   -0.497255    0.456127   -0.738028
   -0.671480    0.389579   -0.630351
   -0.578689    0.269672   -0.769672
   -0.269672   -0.769672    0.578689
   -0.456127   -0.738028    0.497255
   -0.630351   -0.671480    0.389579
   -0.769672   -0.578689    0.269672
   -0.389579   -0.630351    0.671480
   -0.577350   -0.577350    0.577350
   -0.738028   -0.497255    0.456127
   -0.497255   -0.456127    0.738028
   -0.671480   -0.389579    0.630351
   -0.578689   -0.269672    0.769672
   -0.166667   -0.936339    0.309017
   -0.174225   -0.978801    0.107677
   -0.174225   -0.978801   -0.107677
   -0.166667   -0.936339   -0.309017
   -0.348450   -0.912253    0.215354
   -0.356822   -0.934172    0.000000
   -0.348450   -0.912253   -0.215354
   -0.522674   -0.845705    0.107677
   -0.522674   -0.845705   -0.107677
   -0.666667   -0.745356    0.000000
   -0.269672   -0.769672   -0.578689
   -0.389579   -0.630351   -0.671480
   -0.497255   -0.456127   -0.738028
   -0.578689   -0.269672   -0.769672
   -0.456127   -0.738028   -0.497255
   -0.577350   -0.577350   -0.577350
   -0.671480   -0.389579   -0.630351
   -0.630351   -0.671480   -0.389579
   -0.738028   -0.497255   -0.456127
   -0.769672   -0.578689   -0.269672
   -0.745356    0.000000    0.666667
   -0.845705   -0.107677    0.522674
   -0.912253   -0.215354    0.348450
   -0.936339   -0.309017    0.166667
   -0.845705    0.107677    0.522674
   -0.934172    0.000000    0.356822
   -0.978801   -0.107677    0.174225
   -0.912253    0.215354    0.348450
   -0.978801    0.107677    0.174225
   -0.936339    0.309017    0.166667
   -0.745356    0.000000   -0.666667
   -0.845705    0.107677   -0.522674
   -0.912253    0.215354   -0.348450
   -0.936339    0.309017   -0.166667
   -0.845705   -0.107677   -0.522674
   -0.934172    0.000000   -0.356822
   -0.978801    0.107677   -0.174225
   -0.912253   -0.215354   -0.348450
   -0.978801   -0.107677   -0.174225
   -0.936339   -0.309017   -0.166667
