    0.850651    0.525731    0.000000
    0.850651   -0.525731    0.000000
    0.525731    0.000000    0.850651
    0.525731    0.000000   -0.850651
    0.000000    0.850651    0.525731
    0.000000    0.850651   -0.525731
    0.000000   -0.850651    0.525731
    0.000000   -0.850651   -0.525731
   -0.525731    0.000000    0.850651
   -0.525731    0.000000   -0.850651
   -0.850651    0.525731    0.000000
   -0.850651   -0.525731    0.000000
    0.937611    0.347685    0.000000
    0.992447    0.122673    0.000000
    0.992447   -0.122673    0.000000
    0.937611   -0.347685    0.000000
    0.865984    0.463581    0.187522
    0.840815    0.368020    0.396979
    0.764998    0.245346    0.595468
    0.651103    0.115895    0.750089
    0.865984    0.463581   -0.187522
    0.840815    0.368020   -0.396979
    0.764998    0.245346   -0.595468
    0.651103    0.115895   -0.750089
    0.750089    0.651103    0.115895
    0.595468    0.764998    0.245346
    0.396979    0.840815    0.368020
    0.187522    0.865984    0.463581
    0.750089    0.651103   -0.115895
    0.595468    0.764998   -0.245346
    0.396979    0.840815   -0.368020
    0.187522    0.865984   -0.463581
    0.865984   -0.463581    0.187522
    0.840815   -0.368020    0.396979
    0.764998   -0.245346    0.595468
    0.651103   -0.115895    0.750089
    0.865984   -0.463581   -0.187522
    0.840815   -0.368020   -0.396979
    0.764998   -0.245346   -0.595468
    0.651103   -0.115895   -0.750089
    0.750089   -0.651103    0.115895
    0.595468   -0.764998    0.245346
    0.396979   -0.840815    0.368020
    0.187522   -0.865984    0.463581
    0.750089   -0.651103   -0.115895
    0.595468   -0.764998   -0.245346
    0.396979   -0.840815   -0.368020
    0.187522   -0.865984   -0.463581
    0.463581    0.187522    0.865984
    0.368020    0.396979    0.840815
    0.245346    0.595468    0.764998
    0.115895    0.750089    0.651103
    0.463581   -0.187522    0.865984
    0.368020   -0.396979    0.840815
    0.245346   -0.595468    0.764998
    0.115895   -0.750089    0.651103
    0.347685    0.000000    0.937611
    0.122673    0.000000    0.992447
   -0.122673    0.000000    0.992447
   -0.347685    0.000000    0.937611
    0.463581    0.187522   -0.865984
    0.368020    0.396979   -0.840815
    0.245346    0.595468   -0.764998
    0.115895    0.750089   -0.651103
    0.463581   -0.187522   -0.865984
    0.368020   -0.396979   -0.840815
    0.245346   -0.595468   -0.764998
    0.115895   -0.750089   -0.651103
    0.347685    0.000000   -0.937611
    0.122673    0.000000   -0.992447
   -0.122673    0.000000   -0.992447
   -0.347685    0.000000   -0.937611
    0.000000    0.937611    0.347685
    0.000000    0.992447    0.122673
    0.000000    0.992447   -0.122673
    0.000000    0.937611   -0.347685
   -0.115895    0.750089    0.651103
   -0.245346    0.595468    0.764998
   -0.368020    0.396979    0.840815
   -0.463581    0.187522    0.865984
   -0.187522    0.865984    0.463581
   -0.396979    0.840815    0.368020
   -0.595468    0.764998    0.245346
   -0.750089    0.651103    0.115895
   -0.115895    0.750089   -0.651103
   -0.245346    0.595468   -0.764998
   -0.368020    0.396979   -0.840815
   -0.463581    0.187522   -0.865984
   -0.187522    0.865984   -0.463581
   -0.396979    0.840815   -0.368020
   -0.595468    0.764998   -0.245346
   -0.750089    0.651103   -0.115895
    0.000000   -0.937611    0.347685
    0.000000   -0.992447    0.122673
    0.000000   -0.992447   -0.122673
    0.000000   -0.937611   -0.347685
   -0.115895   -0.750089    0.651103
   -0.245346   -0.595468    0.764998
   -0.368020   -0.396979    0.840815
   -0.463581   -0.187522    0.865984
   -0.187522   -0.865984    0.463581
   -0.396979   -0.840815    0.368020
   -0.595468   -0.764998    0.245346
   -0.750089   -0.651103    0.115895
   -0.115895   -0.750089   -0.651103
   -0.245346   -0.595468   -0.764998
   -0.368020   -0.396979   -0.840815
   -0.463581   -0.187522   -0.865984
   -0.187522   -0.865984   -0.463581
   -0.396979   -0.840815   -0.368020
   -0.595468   -0.764998   -0.245346
   -0.750089   -0.651103   -0.115895
   -0.651103    0.115895    0.750089
   -0.764998    0.245346    0.595468
   -0.840815    0.368020    0.396979
   -0.865984    0.463581    0.187522
   -0.651103   -0.115895    0.750089
   -0.764998   -0.245346    0.595468
   -0.840815   -0.368020    0.396979
   -0.865984   -0.463581    0.187522
   -0.651103    0.115895   -0.750089
   -0.764998    0.245346   -0.595468
   -0.840815    0.368020   -0.396979
   -0.865984    0.463581   -0.187522
   -0.651103   -0.115895   -0.750089
   -0.764998   -0.245346   -0.595468
   -0.840815   -0.368020   -0.396979
   -0.865984   -0.463581   -0.187522
   -0.937611    0.347685    0.000000
   -0.992447    0.122673    0.000000
   -0.992447   -0.122673    0.000000
   -0.937611   -0.347685    0.000000
    0.945531    0.253082   -0.204747
    0.896510    0.130799   -0.423275
    0.789117    0.000000   -0.614242
    0.977348    0.000000   -0.211637
    0.896510   -0.130799   -0.423275
    0.945531   -0.253082   -0.204747
    0.945531    0.253082    0.204747
    0.977348    0.000000    0.211637
    0.945531   -0.253082    0.204747
    0.896510    0.130799    0.423275
    0.896510   -0.130799    0.423275
    0.789117    0.000000    0.614242
    0.740783    0.584370   -0.331288
    0.554074    0.684873   -0.473235
    0.331288    0.740783   -0.584370
    0.684873    0.473235   -0.554074
    0.473235    0.554074   -0.684873
    0.584370    0.331288   -0.740783
    0.740783    0.584370    0.331288
    0.684873    0.473235    0.554074
    0.584370    0.331288    0.740783
    0.554074    0.684873    0.473235
    0.473235    0.554074    0.684873
    0.331288    0.740783    0.584370
    0.614242    0.789117    0.000000
    0.423275    0.896510    0.130799
    0.204747    0.945531    0.253082
    0.423275    0.896510   -0.130799
    0.211637    0.977348    0.000000
    0.204747    0.945531   -0.253082
    0.740783   -0.584370    0.331288
    0.554074   -0.684873    0.473235
    0.331288   -0.740783    0.584370
    0.684873   -0.473235    0.554074
    0.473235   -0.554074    0.684873
    0.584370   -0.331288    0.740783
    0.614242   -0.789117    0.000000
    0.423275   -0.896510   -0.130799
    0.204747   -0.945531   -0.253082
    0.423275   -0.896510    0.130799
    0.211637   -0.977348    0.000000
    0.204747   -0.945531    0.253082
    0.740783   -0.584370   -0.331288
    0.684873   -0.473235   -0.554074
    0.584370   -0.331288   -0.740783
    0.554074   -0.684873   -0.473235
    0.473235   -0.554074   -0.684873
    0.331288   -0.740783   -0.584370
    0.253082    0.204747    0.945531
    0.000000    0.211637    0.977348
   -0.253082    0.204747    0.945531
    0.130799    0.423275    0.896510
   -0.130799    0.423275    0.896510
    0.000000    0.614242    0.789117
    0.253082   -0.204747    0.945531
    0.130799   -0.423275    0.896510
    0.000000   -0.614242    0.789117
    0.000000   -0.211637    0.977348
   -0.130799   -0.423275    0.896510
   -0.253082   -0.204747    0.945531
    0.253082   -0.204747   -0.945531
    0.000000   -0.211637   -0.977348
   -0.253082   -0.204747   -0.945531
    0.130799   -0.423275   -0.896510
   -0.130799   -0.423275   -0.896510
    0.000000   -0.614242   -0.789117
    0.253082    0.204747   -0.945531
    0.130799    0.423275   -0.896510
    0.000000    0.614242   -0.789117
    0.000000    0.211637   -0.977348
   -0.130799    0.423275   -0.896510
   -0.253082    0.204747   -0.945531
   -0.204747    0.945531    0.253082
   -0.423275    0.896510    0.130799
   -0.614242    0.789117    0.000000
   -0.211637    0.977348    0.000000
   -0.423275    0.896510   -0.130799
   -0.204747    0.945531   -0.253082
   -0.331288    0.740783    0.584370
   -0.473235    0.554074    0.684873
   -0.584370    0.331288    0.740783
   -0.554074    0.684873    0.473235
   -0.684873    0.473235    0.554074
   -0.740783    0.584370    0.331288
   -0.331288    0.740783   -0.584370
   -0.554074    0.684873   -0.473235
   -0.740783    0.584370   -0.331288
   -0.473235    0.554074   -0.684873
   -0.684873    0.473235   -0.554074
   -0.584370    0.331288   -0.740783
   -0.331288   -0.740783    0.584370
   -0.554074   -0.684873    0.473235
   -0.740783   -0.584370    0.331288
   -0.473235   -0.554074    0.684873
   -0.684873   -0.473235    0.554074
   -0.584370   -0.331288    0.740783
   -0.204747   -0.945531    0.253082
   -0.211637   -0.977348    0.000000
   -0.204747   -0.945531   -0.253082
   -0.423275   -0.896510    0.130799
   -0.423275   -0.896510   -0.130799
   -0.614242   -0.789117    0.000000
   -0.331288   -0.740783   -0.584370
   -0.473235   -0.554074   -0.684873
   -0.584370   -0.331288   -0.740783
   -0.554074   -0.684873   -0.473235
   -0.684873   -0.473235   -0.554074
   -0.740783   -0.584370   -0.331288
   -0.789117    0.000000    0.614242
   -0.896510   -0.130799    0.423275
   -0.945531   -0.253082    0.204747
   -0.896510    0.130799    0.423275
   -0.977348    0.000000    0.211637
   -0.945531    0.253082    0.204747
   -0.789117    0.000000   -0.614242
   -0.896510    0.130799   -0.423275
   -0.945531    0.253082   -0.204747
   -0.896510   -0.130799   -0.423275
   -0.977348    0.000000   -0.211637
   -0.945531   -0.253082   -0.204747
