    0.0000000000000000e+00    0.0000000000000000e+00
    1.9442511378929450e-01   -2.1641185145750808e-01
    3.9237462489493047e-01   -2.8468216625488557e-01
    5.9093385672114029e-01   -3.2815099585129548e-01
    7.8982432856066098e-01   -3.5860277794871270e-01
    9.8893712802955491e-01   -3.8064634601390301e-01
    1.1882156053746662e+00   -3.9667894146965382e-01
    1.3876254789616247e+00   -4.0815125649686929e-01
    1.5871438995229339e+00   -4.1603020105492516e-01
    1.7867545700770291e+00   -4.2100541273439157e-01
    1.9864452668439645e+00   -4.2359416389740234e-01
    2.1862064581247238e+00   -4.2419980641116939e-01
    2.3860304795274336e+00   -4.2314667351024421e-01
    2.5859110139257560e+00   -4.2070208634058381e-01
    2.7858427488898845e+00   -4.1709085041459792e-01
    2.9858211427415995e+00   -4.1250515543395577e-01
    3.1858422598860621e+00   -4.0711154353600487e-01
    3.3859026518840252e+00   -4.0105594194804906e-01
    3.5859992696322567e+00   -3.9446737923888292e-01
    3.7861293972497019e+00   -3.8746078305073262e-01
    3.9862906014516488e+00   -3.8013912242722847e-01
    4.1864806921955013e+00   -3.7231729538419472e-01
    4.3866976916746978e+00   -3.6380121876828941e-01
    4.5869398095932876e+00   -3.5466665233782863e-01
    4.7872054232328658e+00   -3.4498226449063912e-01
    4.9874930612232076e+00   -3.3481031903986835e-01
    5.1878013902087261e+00   -3.2420723944836677e-01
    5.3881292038031825e+00   -3.1322407623105497e-01
    5.5884754133702312e+00   -3.0190689709329938e-01
    5.7888390402739445e+00   -2.9029711486491455e-01
    5.9892192093225960e+00   -2.7843176493868083e-01
    6.1896151431885489e+00   -2.6634374140337486e-01
    6.3900261576322910e+00   -2.5406199914776340e-01
    6.5904516573933583e+00   -2.4161172774392442e-01
    6.7908911326377490e+00   -2.2901450178174310e-01
    6.9913441558723877e+00   -2.1628841143900404e-01
    7.1918103792537291e+00   -2.0344817637307883e-01
    7.3922895322306479e+00   -1.9050524546642952e-01
    7.5927814194722298e+00   -1.7746788451594875e-01
    7.7932859190394828e+00   -1.6434125360074442e-01
    7.9938029807667483e+00   -1.5112747557552453e-01
    8.1943326248241597e+00   -1.3782569690288210e-01
    8.3948749404369956e+00   -1.2443214184649931e-01
    8.5954300847414800e+00   -1.1094016088992949e-01
    8.7959982817596849e+00   -9.7340274115639489e-02
    8.9965798214787096e+00   -8.3620210170985004e-02
    9.1971750590214878e+00   -6.9764941357746024e-02
    9.3977844138982700e+00   -5.5756715306386311e-02
    9.5984083693294373e+00   -4.1575083632748977e-02
    9.7990474716314857e+00   -2.7196927921268758e-02
    9.9997023296591294e+00   -1.2596483333381444e-02
    1.0000297670340871e+01    1.2596483333381444e-02
    9.8009525283685157e+00    5.3419150143490891e-02
    9.6015916306705620e+00    9.3130639188304581e-02
    9.4022155861017307e+00    1.3175671530638627e-01
    9.2028249409785108e+00    1.6932049691330167e-01
    9.0034201785212904e+00    2.0584243239320724e-01
    8.8040017182403165e+00    2.4134027411563941e-01
    8.6045699152585193e+00    2.7582904977881845e-01
    8.4051250595630052e+00    3.0932103073538819e-01
    8.2056673751758389e+00    3.4182569690288217e-01
    8.0061970192332517e+00    3.7334969779774674e-01
    7.8067140809605169e+00    4.0389680915630005e-01
    7.6072185805277694e+00    4.3346788451594875e-01
    7.4077104677693528e+00    4.6206080102198499e-01
    7.2081896207462712e+00    4.8967039859530098e-01
    7.0086558441276123e+00    5.1628841143900406e-01
    6.8091088673622506e+00    5.4190339067063198e-01
    6.6095483426066410e+00    5.6650061663281326e-01
    6.4099738423677097e+00    5.9006199914776336e-01
    6.2103848568114515e+00    6.1256596362559712e-01
    6.0107807906774040e+00    6.3398732049423634e-01
    5.8111609597260552e+00    6.5429711486491460e-01
    5.6115245866297681e+00    6.7346245264885485e-01
    5.4118707961968182e+00    6.9144629845327721e-01
    5.2121986097912743e+00    7.0820723944836672e-01
    5.0125069387767924e+00    7.2369920792875719e-01
    4.8127945767671338e+00    7.3787115337952813e-01
    4.6130601904067117e+00    7.5066665233782870e-01
    4.4133023083253029e+00    7.6202344099051167e-01
    4.2135193078044990e+00    7.7187285093975033e-01
    4.0137093985483512e+00    7.8013912242722838e-01
    3.8138706027502978e+00    7.8646078305073264e-01
    3.6140007303677435e+00    7.9046737923888299e-01
    3.4140973481159747e+00    7.9205594194804907e-01
    3.2141577401139383e+00    7.9111154353600477e-01
    3.0141788572584005e+00    7.8750515543395561e-01
    2.8141572511101152e+00    7.8109085041459780e-01
    2.6140889860742442e+00    7.7170208634058379e-01
    2.4139695204725662e+00    7.5914667351024412e-01
    2.2137935418752765e+00    7.4319980641116934e-01
    2.0135547331560355e+00    7.2359416389740239e-01
    1.8132454299229710e+00    7.0000541273439154e-01
    1.6128561004770663e+00    6.7203020105492517e-01
    1.4123745210383751e+00    6.3915125649686921e-01
    1.2117843946253337e+00    6.0067894146965384e-01
    1.0110628719704451e+00    5.5564634601390295e-01
    8.1017567143933911e-01    5.0260277794871266e-01
    6.0906614327885966e-01    4.3915099585129547e-01
    4.0762537510506958e-01    3.6068216625488553e-01
    2.0557488621070552e-01    2.5541185145750805e-01
    0.0000000000000000e+00    0.0000000000000000e+00
