  0.6123233995736766E-16  0.6123233995736766E-16
 -0.7071067811865475      0.6123233995736766E-16
  0.7071067811865475      0.6123233995736766E-16
  0.6123233995736766E-16 -0.7071067811865475    
  0.6123233995736766E-16  0.7071067811865475    
 -0.9238795325112867      0.6123233995736766E-16
 -0.3826834323650897      0.6123233995736766E-16
  0.3826834323650898      0.6123233995736766E-16
  0.9238795325112867      0.6123233995736766E-16
 -0.7071067811865475     -0.7071067811865475    
  0.7071067811865475     -0.7071067811865475    
 -0.7071067811865475      0.7071067811865475    
  0.7071067811865475      0.7071067811865475    
  0.6123233995736766E-16 -0.9238795325112867    
  0.6123233995736766E-16 -0.3826834323650897    
  0.6123233995736766E-16  0.3826834323650898    
  0.6123233995736766E-16  0.9238795325112867    
 -0.9807852804032304      0.6123233995736766E-16
 -0.8314696123025453      0.6123233995736766E-16
 -0.5555702330196020      0.6123233995736766E-16
 -0.1950903220161282      0.6123233995736766E-16
  0.1950903220161283      0.6123233995736766E-16
  0.5555702330196023      0.6123233995736766E-16
  0.8314696123025452      0.6123233995736766E-16
  0.9807852804032304      0.6123233995736766E-16
 -0.9238795325112867     -0.7071067811865475    
 -0.3826834323650897     -0.7071067811865475    
  0.3826834323650898     -0.7071067811865475    
  0.9238795325112867     -0.7071067811865475    
 -0.9238795325112867      0.7071067811865475    
 -0.3826834323650897      0.7071067811865475    
  0.3826834323650898      0.7071067811865475    
  0.9238795325112867      0.7071067811865475    
 -0.7071067811865475     -0.9238795325112867    
  0.7071067811865475     -0.9238795325112867    
 -0.7071067811865475     -0.3826834323650897    
  0.7071067811865475     -0.3826834323650897    
 -0.7071067811865475      0.3826834323650898    
  0.7071067811865475      0.3826834323650898    
 -0.7071067811865475      0.9238795325112867    
  0.7071067811865475      0.9238795325112867    
  0.6123233995736766E-16 -0.9807852804032304    
  0.6123233995736766E-16 -0.8314696123025453    
  0.6123233995736766E-16 -0.5555702330196020    
  0.6123233995736766E-16 -0.1950903220161282    
  0.6123233995736766E-16  0.1950903220161283    
  0.6123233995736766E-16  0.5555702330196023    
  0.6123233995736766E-16  0.8314696123025452    
  0.6123233995736766E-16  0.9807852804032304    
 -0.9951847266721968      0.6123233995736766E-16
 -0.9569403357322088      0.6123233995736766E-16
 -0.8819212643483549      0.6123233995736766E-16
 -0.7730104533627370      0.6123233995736766E-16
 -0.6343932841636454      0.6123233995736766E-16
 -0.4713967368259977      0.6123233995736766E-16
 -0.2902846772544622      0.6123233995736766E-16
 -0.9801714032956065E-01  0.6123233995736766E-16
  0.9801714032956077E-01  0.6123233995736766E-16
  0.2902846772544623      0.6123233995736766E-16
  0.4713967368259978      0.6123233995736766E-16
  0.6343932841636455      0.6123233995736766E-16
  0.7730104533627370      0.6123233995736766E-16
  0.8819212643483550      0.6123233995736766E-16
  0.9569403357322088      0.6123233995736766E-16
  0.9951847266721969      0.6123233995736766E-16
 -0.9807852804032304     -0.7071067811865475    
 -0.8314696123025453     -0.7071067811865475    
 -0.5555702330196020     -0.7071067811865475    
 -0.1950903220161282     -0.7071067811865475    
  0.1950903220161283     -0.7071067811865475    
  0.5555702330196023     -0.7071067811865475    
  0.8314696123025452     -0.7071067811865475    
  0.9807852804032304     -0.7071067811865475    
 -0.9807852804032304      0.7071067811865475    
 -0.8314696123025453      0.7071067811865475    
 -0.5555702330196020      0.7071067811865475    
 -0.1950903220161282      0.7071067811865475    
  0.1950903220161283      0.7071067811865475    
  0.5555702330196023      0.7071067811865475    
  0.8314696123025452      0.7071067811865475    
  0.9807852804032304      0.7071067811865475    
 -0.9238795325112867     -0.9238795325112867    
 -0.3826834323650897     -0.9238795325112867    
  0.3826834323650898     -0.9238795325112867    
  0.9238795325112867     -0.9238795325112867    
 -0.9238795325112867     -0.3826834323650897    
 -0.3826834323650897     -0.3826834323650897    
  0.3826834323650898     -0.3826834323650897    
  0.9238795325112867     -0.3826834323650897    
 -0.9238795325112867      0.3826834323650898    
 -0.3826834323650897      0.3826834323650898    
  0.3826834323650898      0.3826834323650898    
  0.9238795325112867      0.3826834323650898    
 -0.9238795325112867      0.9238795325112867    
 -0.3826834323650897      0.9238795325112867    
  0.3826834323650898      0.9238795325112867    
  0.9238795325112867      0.9238795325112867    
 -0.7071067811865475     -0.9807852804032304    
  0.7071067811865475     -0.9807852804032304    
 -0.7071067811865475     -0.8314696123025453    
  0.7071067811865475     -0.8314696123025453    
 -0.7071067811865475     -0.5555702330196020    
  0.7071067811865475     -0.5555702330196020    
 -0.7071067811865475     -0.1950903220161282    
  0.7071067811865475     -0.1950903220161282    
 -0.7071067811865475      0.1950903220161283    
  0.7071067811865475      0.1950903220161283    
 -0.7071067811865475      0.5555702330196023    
  0.7071067811865475      0.5555702330196023    
 -0.7071067811865475      0.8314696123025452    
  0.7071067811865475      0.8314696123025452    
 -0.7071067811865475      0.9807852804032304    
  0.7071067811865475      0.9807852804032304    
  0.6123233995736766E-16 -0.9951847266721968    
  0.6123233995736766E-16 -0.9569403357322088    
  0.6123233995736766E-16 -0.8819212643483549    
  0.6123233995736766E-16 -0.7730104533627370    
  0.6123233995736766E-16 -0.6343932841636454    
  0.6123233995736766E-16 -0.4713967368259977    
  0.6123233995736766E-16 -0.2902846772544622    
  0.6123233995736766E-16 -0.9801714032956065E-01
  0.6123233995736766E-16  0.9801714032956077E-01
  0.6123233995736766E-16  0.2902846772544623    
  0.6123233995736766E-16  0.4713967368259978    
  0.6123233995736766E-16  0.6343932841636455    
  0.6123233995736766E-16  0.7730104533627370    
  0.6123233995736766E-16  0.8819212643483550    
  0.6123233995736766E-16  0.9569403357322088    
  0.6123233995736766E-16  0.9951847266721969    
 -0.9987954562051724      0.6123233995736766E-16
 -0.9891765099647810      0.6123233995736766E-16
 -0.9700312531945440      0.6123233995736766E-16
 -0.9415440651830207      0.6123233995736766E-16
 -0.9039892931234433      0.6123233995736766E-16
 -0.8577286100002720      0.6123233995736766E-16
 -0.8032075314806448      0.6123233995736766E-16
 -0.7409511253549589      0.6123233995736766E-16
 -0.6715589548470184      0.6123233995736766E-16
 -0.5956993044924334      0.6123233995736766E-16
 -0.5141027441932217      0.6123233995736766E-16
 -0.4275550934302819      0.6123233995736766E-16
 -0.3368898533922199      0.6123233995736766E-16
 -0.2429801799032639      0.6123233995736766E-16
 -0.1467304744553616      0.6123233995736766E-16
 -0.4906767432741801E-01  0.6123233995736766E-16
  0.4906767432741813E-01  0.6123233995736766E-16
  0.1467304744553617      0.6123233995736766E-16
  0.2429801799032640      0.6123233995736766E-16
  0.3368898533922201      0.6123233995736766E-16
  0.4275550934302822      0.6123233995736766E-16
  0.5141027441932218      0.6123233995736766E-16
  0.5956993044924335      0.6123233995736766E-16
  0.6715589548470184      0.6123233995736766E-16
  0.7409511253549592      0.6123233995736766E-16
  0.8032075314806448      0.6123233995736766E-16
  0.8577286100002721      0.6123233995736766E-16
  0.9039892931234433      0.6123233995736766E-16
  0.9415440651830208      0.6123233995736766E-16
  0.9700312531945440      0.6123233995736766E-16
  0.9891765099647810      0.6123233995736766E-16
  0.9987954562051724      0.6123233995736766E-16
 -0.9951847266721968     -0.7071067811865475    
 -0.9569403357322088     -0.7071067811865475    
 -0.8819212643483549     -0.7071067811865475    
 -0.7730104533627370     -0.7071067811865475    
 -0.6343932841636454     -0.7071067811865475    
 -0.4713967368259977     -0.7071067811865475    
 -0.2902846772544622     -0.7071067811865475    
 -0.9801714032956065E-01 -0.7071067811865475    
  0.9801714032956077E-01 -0.7071067811865475    
  0.2902846772544623     -0.7071067811865475    
  0.4713967368259978     -0.7071067811865475    
  0.6343932841636455     -0.7071067811865475    
  0.7730104533627370     -0.7071067811865475    
  0.8819212643483550     -0.7071067811865475    
  0.9569403357322088     -0.7071067811865475    
  0.9951847266721969     -0.7071067811865475    
 -0.9951847266721968      0.7071067811865475    
 -0.9569403357322088      0.7071067811865475    
 -0.8819212643483549      0.7071067811865475    
 -0.7730104533627370      0.7071067811865475    
 -0.6343932841636454      0.7071067811865475    
 -0.4713967368259977      0.7071067811865475    
 -0.2902846772544622      0.7071067811865475    
 -0.9801714032956065E-01  0.7071067811865475    
  0.9801714032956077E-01  0.7071067811865475    
  0.2902846772544623      0.7071067811865475    
  0.4713967368259978      0.7071067811865475    
  0.6343932841636455      0.7071067811865475    
  0.7730104533627370      0.7071067811865475    
  0.8819212643483550      0.7071067811865475    
  0.9569403357322088      0.7071067811865475    
  0.9951847266721969      0.7071067811865475    
 -0.9807852804032304     -0.9238795325112867    
 -0.8314696123025453     -0.9238795325112867    
 -0.5555702330196020     -0.9238795325112867    
 -0.1950903220161282     -0.9238795325112867    
  0.1950903220161283     -0.9238795325112867    
  0.5555702330196023     -0.9238795325112867    
  0.8314696123025452     -0.9238795325112867    
  0.9807852804032304     -0.9238795325112867    
 -0.9807852804032304     -0.3826834323650897    
 -0.8314696123025453     -0.3826834323650897    
 -0.5555702330196020     -0.3826834323650897    
 -0.1950903220161282     -0.3826834323650897    
  0.1950903220161283     -0.3826834323650897    
  0.5555702330196023     -0.3826834323650897    
  0.8314696123025452     -0.3826834323650897    
  0.9807852804032304     -0.3826834323650897    
 -0.9807852804032304      0.3826834323650898    
 -0.8314696123025453      0.3826834323650898    
 -0.5555702330196020      0.3826834323650898    
 -0.1950903220161282      0.3826834323650898    
  0.1950903220161283      0.3826834323650898    
  0.5555702330196023      0.3826834323650898    
  0.8314696123025452      0.3826834323650898    
  0.9807852804032304      0.3826834323650898    
 -0.9807852804032304      0.9238795325112867    
 -0.8314696123025453      0.9238795325112867    
 -0.5555702330196020      0.9238795325112867    
 -0.1950903220161282      0.9238795325112867    
  0.1950903220161283      0.9238795325112867    
  0.5555702330196023      0.9238795325112867    
  0.8314696123025452      0.9238795325112867    
  0.9807852804032304      0.9238795325112867    
 -0.9238795325112867     -0.9807852804032304    
 -0.3826834323650897     -0.9807852804032304    
  0.3826834323650898     -0.9807852804032304    
  0.9238795325112867     -0.9807852804032304    
 -0.9238795325112867     -0.8314696123025453    
 -0.3826834323650897     -0.8314696123025453    
  0.3826834323650898     -0.8314696123025453    
  0.9238795325112867     -0.8314696123025453    
 -0.9238795325112867     -0.5555702330196020    
 -0.3826834323650897     -0.5555702330196020    
  0.3826834323650898     -0.5555702330196020    
  0.9238795325112867     -0.5555702330196020    
 -0.9238795325112867     -0.1950903220161282    
 -0.3826834323650897     -0.1950903220161282    
  0.3826834323650898     -0.1950903220161282    
  0.9238795325112867     -0.1950903220161282    
 -0.9238795325112867      0.1950903220161283    
 -0.3826834323650897      0.1950903220161283    
  0.3826834323650898      0.1950903220161283    
  0.9238795325112867      0.1950903220161283    
 -0.9238795325112867      0.5555702330196023    
 -0.3826834323650897      0.5555702330196023    
  0.3826834323650898      0.5555702330196023    
  0.9238795325112867      0.5555702330196023    
 -0.9238795325112867      0.8314696123025452    
 -0.3826834323650897      0.8314696123025452    
  0.3826834323650898      0.8314696123025452    
  0.9238795325112867      0.8314696123025452    
 -0.9238795325112867      0.9807852804032304    
 -0.3826834323650897      0.9807852804032304    
  0.3826834323650898      0.9807852804032304    
  0.9238795325112867      0.9807852804032304    
 -0.7071067811865475     -0.9951847266721968    
  0.7071067811865475     -0.9951847266721968    
 -0.7071067811865475     -0.9569403357322088    
  0.7071067811865475     -0.9569403357322088    
 -0.7071067811865475     -0.8819212643483549    
  0.7071067811865475     -0.8819212643483549    
 -0.7071067811865475     -0.7730104533627370    
  0.7071067811865475     -0.7730104533627370    
 -0.7071067811865475     -0.6343932841636454    
  0.7071067811865475     -0.6343932841636454    
 -0.7071067811865475     -0.4713967368259977    
  0.7071067811865475     -0.4713967368259977    
 -0.7071067811865475     -0.2902846772544622    
  0.7071067811865475     -0.2902846772544622    
 -0.7071067811865475     -0.9801714032956065E-01
  0.7071067811865475     -0.9801714032956065E-01
 -0.7071067811865475      0.9801714032956077E-01
  0.7071067811865475      0.9801714032956077E-01
 -0.7071067811865475      0.2902846772544623    
  0.7071067811865475      0.2902846772544623    
 -0.7071067811865475      0.4713967368259978    
  0.7071067811865475      0.4713967368259978    
 -0.7071067811865475      0.6343932841636455    
  0.7071067811865475      0.6343932841636455    
 -0.7071067811865475      0.7730104533627370    
  0.7071067811865475      0.7730104533627370    
 -0.7071067811865475      0.8819212643483550    
  0.7071067811865475      0.8819212643483550    
 -0.7071067811865475      0.9569403357322088    
  0.7071067811865475      0.9569403357322088    
 -0.7071067811865475      0.9951847266721969    
  0.7071067811865475      0.9951847266721969    
  0.6123233995736766E-16 -0.9987954562051724    
  0.6123233995736766E-16 -0.9891765099647810    
  0.6123233995736766E-16 -0.9700312531945440    
  0.6123233995736766E-16 -0.9415440651830207    
  0.6123233995736766E-16 -0.9039892931234433    
  0.6123233995736766E-16 -0.8577286100002720    
  0.6123233995736766E-16 -0.8032075314806448    
  0.6123233995736766E-16 -0.7409511253549589    
  0.6123233995736766E-16 -0.6715589548470184    
  0.6123233995736766E-16 -0.5956993044924334    
  0.6123233995736766E-16 -0.5141027441932217    
  0.6123233995736766E-16 -0.4275550934302819    
  0.6123233995736766E-16 -0.3368898533922199    
  0.6123233995736766E-16 -0.2429801799032639    
  0.6123233995736766E-16 -0.1467304744553616    
  0.6123233995736766E-16 -0.4906767432741801E-01
  0.6123233995736766E-16  0.4906767432741813E-01
  0.6123233995736766E-16  0.1467304744553617    
  0.6123233995736766E-16  0.2429801799032640    
  0.6123233995736766E-16  0.3368898533922201    
  0.6123233995736766E-16  0.4275550934302822    
  0.6123233995736766E-16  0.5141027441932218    
  0.6123233995736766E-16  0.5956993044924335    
  0.6123233995736766E-16  0.6715589548470184    
  0.6123233995736766E-16  0.7409511253549592    
  0.6123233995736766E-16  0.8032075314806448    
  0.6123233995736766E-16  0.8577286100002721    
  0.6123233995736766E-16  0.9039892931234433    
  0.6123233995736766E-16  0.9415440651830208    
  0.6123233995736766E-16  0.9700312531945440    
  0.6123233995736766E-16  0.9891765099647810    
  0.6123233995736766E-16  0.9987954562051724    
