1 
2 
3 
4 
6 
7 
9 
11 
14 
17 
21 
23 
28 
31 
33 
34 
36 
38 
39 
41 
47 
58 
59 
65 
72 
80 
84 
87 
89 
92 
100 
104 
106 
108 
109 
110 
115 
125 
127 
128 
131 
133 
134 
135 
137 
144 
146 
147 
148 
149 
153 
156 
157 
159 
163 
164 
168 
172 
175 
177 
179 
184 
186 
187 
188 
190 
193 
200 
202 
203 
206 
208 
209 
210 
213 
214 
218 
219 
220 
221 
224 
226 
227 
229 
230 
231 
233 
234 
235 
237 
240 
241 
242 
244 
250 
251 
253 
254 
256 
260 
262 
263 
265 
267 
268 
269 
270 
274 
275 
277 
281 
284 
285 
286 
292 
296 
298 
303 
304 
308 
311 
315 
317 
322 
325 
328 
329 
331 
332 
333 
334 
335 
336 
338 
339 
340 
341 
342 
343 
344 
346 
347 
349 
350 
351 
