        0.000000
        1.486817
        1.408328
        1.862209
        2.349928
        2.425984
        2.260008
        1.867016
        1.446318
        1.587907
        1.875591
        2.184738
        2.246636
        2.021266
        1.755521
        1.381935
        1.507735
        1.909128
        2.309657
        2.404342
        2.001749
        1.148425
        0.569976
        1.138889
        1.919025
        2.770806
        3.037835
        2.672183
       -0.277326
       -0.937195
        0.484682
        1.991189
        3.598255
        5.199316
        3.204207
       -8.274715
       -3.687748
       -0.670392
        1.887019
        4.069819
        8.672718
       16.509194
      -25.647229
       -1.936478
        0.289823
        1.868645
        2.992005
        7.500136
       31.939483
