#  r8mat_05_00020.txt
#  created by R8MAT_WRITE1.M
#  at 05-Aug-2009 08:39:41
#
#  Spatial dimension M = 5
#  Number of points N  = 20
#  EPSILON (unit roundoff) = 2.220446e-16
#
      101.000000      102.000000      103.000000      104.000000      105.000000
      201.000000      202.000000      203.000000      204.000000      205.000000
      301.000000      302.000000      303.000000      304.000000      305.000000
      401.000000      402.000000      403.000000      404.000000      405.000000
      501.000000      502.000000      503.000000      504.000000      505.000000
      601.000000      602.000000      603.000000      604.000000      605.000000
      701.000000      702.000000      703.000000      704.000000      705.000000
      801.000000      802.000000      803.000000      804.000000      805.000000
      901.000000      902.000000      903.000000      904.000000      905.000000
     1001.000000     1002.000000     1003.000000     1004.000000     1005.000000
     1101.000000     1102.000000     1103.000000     1104.000000     1105.000000
     1201.000000     1202.000000     1203.000000     1204.000000     1205.000000
     1301.000000     1302.000000     1303.000000     1304.000000     1305.000000
     1401.000000     1402.000000     1403.000000     1404.000000     1405.000000
     1501.000000     1502.000000     1503.000000     1504.000000     1505.000000
     1601.000000     1602.000000     1603.000000     1604.000000     1605.000000
     1701.000000     1702.000000     1703.000000     1704.000000     1705.000000
     1801.000000     1802.000000     1803.000000     1804.000000     1805.000000
     1901.000000     1902.000000     1903.000000     1904.000000     1905.000000
     2001.000000     2002.000000     2003.000000     2004.000000     2005.000000
