       -0.031955       -0.229643       -0.972750
       -0.163439       -0.030536       -0.986081
        0.027510        0.025921       -0.999285
        0.278950       -0.000778       -0.960305
       -0.012880        0.270451       -0.962648
       -0.163598       -0.600717       -0.782544
        0.082587       -0.626065       -0.775385
        0.302671       -0.573585       -0.761177
       -0.407565       -0.476902       -0.778752
       -0.220666       -0.398259       -0.890335
       -0.004268       -0.443589       -0.896220
        0.210266       -0.413126       -0.886067
        0.462060       -0.408704       -0.787059
       -0.591756       -0.314209       -0.742359
       -0.436382       -0.249102       -0.864591
       -0.258786       -0.198156       -0.945391
        0.166414       -0.198437       -0.965882
        0.379853       -0.227360       -0.896671
        0.603895       -0.195813       -0.772637
       -0.621629       -0.088773       -0.778266
       -0.417185       -0.003360       -0.908815
        0.491541       -0.006235       -0.870832
        0.649043        0.071729       -0.757363
       -0.606968        0.143992       -0.781573
       -0.427094        0.221510       -0.876655
       -0.219468        0.157448       -0.962831
        0.181960        0.183688       -0.965996
        0.393360        0.221983       -0.892184
        0.584919        0.288449       -0.758068
       -0.446886        0.421867       -0.788873
       -0.227542        0.377985       -0.897414
       -0.004583        0.474980       -0.879985
        0.203364        0.392529       -0.896975
        0.410915        0.452957       -0.791188
       -0.277377        0.578773       -0.766866
       -0.064087        0.638775       -0.766720
        0.198370        0.605305       -0.770879
       -0.290428       -0.740262       -0.606353
       -0.064998       -0.768840       -0.636129
        0.202512       -0.771274       -0.603429
       -0.483573       -0.616282       -0.621573
        0.441869       -0.646824       -0.621587
       -0.655019       -0.447485       -0.608858
        0.616471       -0.485105       -0.620191
       -0.768257       -0.203012       -0.607098
        0.755270       -0.303987       -0.580654
       -0.774042        0.069935       -0.629260
        0.777453       -0.083191       -0.623415
       -0.747929        0.285190       -0.599390
        0.782644        0.180182       -0.595821
       -0.614801        0.464249       -0.637567
        0.620112        0.472549       -0.626225
       -0.466763        0.627700       -0.622997
        0.439364        0.627782       -0.642534
       -0.186363        0.777162       -0.601073
        0.077489        0.771934       -0.630962
        0.284807        0.770342       -0.570490
       -0.442773       -0.784552       -0.434086
       -0.220142       -0.881894       -0.416895
        0.005730       -0.877748       -0.479088
        0.212123       -0.899263       -0.382531
        0.419731       -0.795131       -0.437713
       -0.640118       -0.619788       -0.453996
        0.623942       -0.649590       -0.434430
       -0.799438       -0.404453       -0.444204
        0.782212       -0.467507       -0.411802
       -0.901547       -0.214645       -0.375686
        0.886559       -0.225007       -0.404210
       -0.874334       -0.031287       -0.484315
        0.886187        0.014101       -0.463112
       -0.888687        0.201466       -0.411881
        0.895329        0.231705       -0.380394
       -0.781041        0.449355       -0.433653
        0.785324        0.410565       -0.463360
       -0.632956        0.631246       -0.448213
        0.617349        0.635628       -0.463527
       -0.406289        0.790387       -0.458495
       -0.238706        0.895045       -0.376715
       -0.029835        0.880802       -0.472544
        0.197694        0.888962       -0.413114
        0.448076        0.797751       -0.403511
       -0.007606       -0.960438       -0.278388
       -0.618986       -0.741137       -0.259945
       -0.451501       -0.863786       -0.223656
       -0.248839       -0.944059       -0.216406
        0.146031       -0.979347       -0.139840
        0.383218       -0.898130       -0.215652
        0.585928       -0.778407       -0.225324
       -0.779707       -0.564908       -0.270068
        0.778171       -0.603080       -0.175342
       -0.893380       -0.403475       -0.197686
        0.891254       -0.391894       -0.228224
       -0.969215       -0.186405       -0.160858
        0.965445       -0.180512       -0.187968
       -0.963365        0.015021       -0.267772
        0.961074       -0.000847       -0.276291
       -0.970657        0.186027       -0.152376
        0.968911        0.177544       -0.172305
       -0.885536        0.381513       -0.265091
        0.891453        0.398065       -0.216462
       -0.771455        0.599128       -0.214249
        0.756716        0.579603       -0.302392
       -0.571865        0.764085       -0.298570
       -0.414002        0.887901       -0.200583
       -0.192523        0.965265       -0.176633
        0.163020        0.970822       -0.175867
        0.372583        0.901048       -0.222025
        0.602170        0.771770       -0.204360
       -0.006517        0.959936       -0.280145
       -0.115722       -0.991417       -0.060840
        0.037307       -0.996276        0.077730
        0.296381       -0.955045        0.006880
       -0.578989       -0.814825       -0.028848
       -0.371013       -0.928494       -0.015772
        0.503398       -0.863984        0.011001
        0.670060       -0.742297       -0.003840
       -0.744005       -0.666665       -0.044887
        0.786744       -0.610556        0.090856
       -0.866747       -0.498585        0.012749
        0.887956       -0.459691       -0.014790
       -0.957588       -0.287884        0.012186
        0.961417       -0.275094       -0.000272
       -0.999662       -0.025794       -0.003372
        0.999866       -0.007810       -0.014388
       -0.971056        0.233231        0.051515
        0.961013        0.276253        0.011765
       -0.902663        0.425867       -0.061937
        0.882496        0.470310        0.003129
       -0.779231        0.625568        0.038269
        0.771171        0.630399       -0.088839
       -0.634725        0.767524       -0.089622
       -0.463459        0.886056        0.010506
        0.477591        0.878246       -0.024319
        0.630484        0.773206        0.068133
       -0.268952        0.963058        0.013607
       -0.010967        0.999884       -0.010573
        0.274693        0.961511        0.006396
       -0.006193       -0.949644        0.313268
       -0.622990       -0.758243        0.192227
       -0.436855       -0.879065        0.190794
       -0.205691       -0.965024        0.162543
        0.189349       -0.957641        0.216959
        0.404443       -0.885216        0.229822
        0.605650       -0.760164        0.235244
       -0.773507       -0.594924        0.218525
        0.765625       -0.565430        0.306769
       -0.895986       -0.388530        0.215069
        0.887371       -0.404898        0.220524
       -0.966049       -0.156239        0.205762
        0.971569       -0.173032        0.161598
       -0.972017        0.077982        0.221588
        0.962961        0.013546        0.269299
       -0.910869        0.291440        0.292198
        0.967514        0.179027        0.178508
       -0.877846        0.450667        0.162130
        0.887907        0.398971        0.229005
       -0.747110        0.604837        0.275680
        0.779317        0.603623        0.168237
       -0.610072        0.775937        0.160419
       -0.401622        0.887242        0.226938
       -0.177428        0.966116        0.187454
        0.183413        0.968029        0.171113
        0.409102        0.886490        0.216263
        0.596379        0.751185        0.282936
       -0.004491        0.964054        0.265667
       -0.460102       -0.787379        0.410294
       -0.246911       -0.892318        0.377894
       -0.037120       -0.866902        0.497094
        0.209808       -0.877548        0.431149
        0.429969       -0.786548        0.443249
       -0.638970       -0.632899        0.437214
        0.634278       -0.624787        0.455338
       -0.783208       -0.454852        0.423905
        0.790540       -0.396876        0.466407
       -0.876467       -0.254656        0.408602
        0.903262       -0.218013        0.369578
       -0.901955       -0.058246        0.427883
        0.883962       -0.004728        0.467534
       -0.881711        0.145598        0.448761
        0.889933        0.233418        0.391836
       -0.795494        0.426149        0.430798
        0.779068        0.480686        0.402485
       -0.631259        0.624561        0.459822
        0.620493        0.628578        0.468912
       -0.469654        0.783194        0.407472
       -0.227150        0.887010        0.402015
        0.023923        0.885539        0.463949
        0.230123        0.899408        0.371629
        0.421390        0.786076        0.452234
       -0.285779       -0.761252        0.582087
       -0.076007       -0.750404        0.656595
        0.170889       -0.768122        0.617078
       -0.476172       -0.625337        0.618235
        0.468208       -0.631195        0.618364
       -0.644678       -0.455753        0.613742
        0.625766       -0.466126        0.625415
       -0.771438       -0.234883        0.591365
        0.786783       -0.177314        0.591212
       -0.776520        0.008799        0.630031
        0.768690        0.083052        0.634207
       -0.762431        0.255143        0.594644
        0.768356        0.295240        0.567858
       -0.633406        0.434535        0.640294
        0.630193        0.459660        0.625755
       -0.490739        0.615087        0.617125
        0.083267        0.678153        0.730189
        0.454914        0.627294        0.632103
       -0.302370        0.751675        0.586137
       -0.083322        0.786539        0.611894
        0.209424        0.782716        0.586086
       -0.188310       -0.597003        0.779825
        0.066781       -0.614579        0.786023
        0.293493       -0.606134        0.739232
       -0.425545       -0.464415        0.776679
       -0.251315       -0.400700        0.881068
       -0.040680       -0.425557        0.904017
        0.192649       -0.436662        0.878756
        0.438251       -0.416403        0.796583
       -0.586077       -0.300834        0.752338
       -0.404715       -0.216460        0.888454
       -0.172096       -0.203551        0.963821
        0.299075       -0.248595        0.921279
        0.483495       -0.168126        0.859050
        0.623058       -0.247628        0.741943
       -0.636163       -0.085188        0.766837
       -0.477937        0.014987        0.878266
        0.381447        0.002495        0.924388
        0.601177        0.022757        0.798792
       -0.611994        0.187702        0.768265
       -0.385640        0.225725        0.894612
       -0.181317        0.197326        0.963424
        0.193782        0.153762        0.968920
        0.433345        0.202228        0.878246
        0.602972        0.258920        0.754576
       -0.466182        0.403092        0.787523
       -0.214867        0.411315        0.885806
        0.038760        0.481799        0.875424
        0.239184        0.371586        0.897059
        0.437647        0.436387        0.786150
       -0.320899        0.574592        0.752906
       -0.118276        0.616198        0.778660
        0.257482        0.581300        0.771876
        0.058417       -0.245190        0.967714
       -0.273716        0.003139        0.961805
       -0.034578        0.002781        0.999398
        0.174252       -0.073217        0.981975
       -0.000973        0.277177        0.960818
