             2             1             3
            16             2             1
            17             1             3
            11            10             1
            10            16             1
            11            17             1
            26             2             3
            16            21             2
            26            21             2
             4            17             3
             4            27             3
            26             5             3
             5            27             3
             4            17            18
             4            22            18
            28             4            22
            28             4            27
            26             5            31
            33             5            27
            32             5            31
            32            33             5
            11             6             7
             6             7            39
             9             6            10
            38             9             6
            11             6            10
            38             6            39
             8             7            12
             8             7            40
            11             7            12
             7            40            39
            13             8            12
            42            13             8
            42             8            40
             9            10            15
             9            14            15
             9            43            14
            38            41             9
            41             9            43
            10            16            15
            11            17            12
            13            18            12
            17            18            12
            19            13            18
            44            19            13
            44            42            13
            20            14            15
            45            20            14
            43            45            14
            16            21            15
            20            21            15
            19            22            18
            19            23            22
            19            23            48
            44            46            19
            46            19            48
            20            21            24
            20            47            24
            45            20            47
            21            25            24
            26            21            25
            28            23            22
            28            23            29
            23            29            50
            23            50            48
            30            25            24
            51            30            24
            47            49            24
            51            49            24
            26            31            25
            30            31            25
            28            33            27
            34            28            29
            34            28            33
            34            52            29
            52            29            50
            35            30            31
            35            53            30
            51            53            30
            32            35            31
            32            37            33
            32            35            36
            32            37            36
            34            37            33
            34            54            37
            34            54            52
            55            35            36
            55            35            53
            37            56            36
            55            56            36
            54            37            57
            37            57            56
            38            59            39
            38            41            58
            38            58            59
            60            40            39
            60            59            39
            62            42            40
            60            61            40
            62            61            40
            63            41            43
            63            41            58
            44            42            64
            62            42            64
            65            43            45
            63            65            43
            44            46            66
            44            66            64
            45            47            69
            65            45            67
            45            67            69
            46            68            48
            46            66            68
            47            49            71
            47            69            71
            70            50            48
            70            68            48
            73            51            49
            73            49            71
            74            52            50
            70            72            50
            74            72            50
            51            53            75
            73            51            75
            54            52            76
            74            52            76
            55            53            77
            53            77            75
            54            57            81
            54            81            76
            55            79            56
            78            55            77
            78            55            79
            57            56            80
            79            56            80
            57            80            81
            58            84            59
            63            83            58
            83            58            84
            82            60            59
            82            59            85
            84            59            85
            82            60            61
            87            62            61
            86            82            61
            87            86            61
            62            64            88
            87            62            88
            63            65            89
            63            83            89
            66            64            90
            64            90            88
            91            65            67
            91            65            89
            92            66            68
            92            66            90
            67            69            95
            91            67            93
            67            93            95
            70            96            68
            92            68            94
            96            68            94
            69            71            95
            70            72            96
            73            99            71
            97            71            95
            99            97            71
            74            72           100
            98            72            96
            98            72           100
            73           101            75
            73           101            99
           102            74            76
           102            74           100
           103            77            75
           103           101            75
           108            81            76
           102           108            76
           104            78            77
           103           104            77
            78           109            79
           105           104            78
           105            78           109
           109            79            80
           107            80            81
           106           107            80
           106           109            80
           108           107            81
            82            85           110
            86            82           110
            83            84           113
            83            89           117
            83           117           113
           114            84            85
           114            84           113
           114            85           110
            87            86           112
           111            86           110
           111            86           112
            87           115            88
            87           115           112
            90           116            88
           115           116            88
            91           119            89
           119            89           117
           120            92            90
            90           118           116
           120            90           118
            91           121            93
            91           119           121
           122            92            94
           122           120            92
            93            95           123
           121            93           123
            96            94           124
           122            94           124
            97            95           123
            98            96           124
           127            99            97
            97           125           123
           127            97           125
            98           126           100
            98           126           124
           127           101            99
           102           130           100
           126           100           128
           130           100           128
           103           101           131
           127           101           129
           101           129           131
           102           108           130
           103           104           131
           105           104           135
           104           132           131
           104           132           135
           105           109           136
           105           135           136
           106           137           107
           106           109           136
           106           137           136
           133           108           107
           133           137           107
           108           130           134
           133           108           134
           111           141           110
           141           114           110
           111           112           142
           111           141           138
           111           138           142
           115           112           143
           112           143           142
           114           140           113
           139           117           113
           139           140           113
           141           114           140
           115           144           116
           115           144           143
           144           118           116
           119           117           145
           139           117           145
           148           120           118
           144           146           118
           148           146           118
           119           147           121
           119           147           145
           122           148           120
           149           121           123
           149           147           121
           122           150           124
           122           148           150
           151           125           123
           149           151           123
           154           126           124
           150           152           124
           154           152           124
           127           155           125
           153           151           125
           155           153           125
           126           156           128
           154           126           156
           127           155           129
           130           158           128
           158           156           128
           159           129           131
           155           129           157
           159           129           157
           130           134           158
           132           159           131
           132           135           160
           132           159           160
           133           134           163
           133           137           163
           134           164           158
           134           163           164
           161           135           136
           161           135           160
           162           137           136
           161           165           136
           162           165           136
           162           137           163
           141           138           167
           138           169           142
           138           167           168
           138           169           168
           139           140           166
           139           171           145
           139           171           166
           141           167           140
           167           140           166
           169           143           142
           170           144           143
           170           169           143
           144           146           172
           170           144           172
           147           145           173
           171           145           173
           148           146           174
           146           172           174
           149           147           175
           147           175           173
           148           150           176
           148           176           174
           149           151           177
           149           175           177
           150           176           152
           153           151           179
           151           177           179
           154           180           152
           176           178           152
           180           178           152
           155           153           181
           153           181           179
           154           180           156
           155           181           157
           158           156           182
           180           156           182
           159           157           183
           181           157           183
           164           158           184
           158           182           184
           159           185           160
           159           185           183
           161           186           160
           186           185           160
           161           186           165
           162           163           188
           162           165           188
           163           164           189
           163           188           189
           164           189           184
           186           165           187
           165           188           187
           167           190           166
           193           171           166
           193           190           166
           167           168           190
           169           168           192
           168           190           191
           168           191           192
           170           169           192
           170           194           172
           170           194           192
           195           171           173
           193           195           171
           196           172           174
           194           196           172
           175           173           197
           195           173           197
           198           176           174
           196           198           174
           175           177           197
           198           176           178
           199           177           179
           199           177           197
           180           200           178
           198           200           178
           181           201           179
           199           201           179
           180           202           182
           180           202           200
           181           203           183
           181           203           201
           182           204           184
           202           182           204
           205           185           183
           205           203           183
           207           189           184
           207           204           184
           208           186           185
           208           205           185
           209           186           187
           209           208           186
           210           188           187
           209           210           187
           210           188           189
           210           207           189
           211           190           191
           193           211           190
           191           212           192
           211           191           212
           194           213           192
           212           213           192
           214           193           195
           214           193           211
           194           196           218
           194           218           213
           195           219           197
           214           195           219
           196           198           224
           196           218           224
           199           225           197
           225           219           197
           198           200           228
           198           228           224
           199           229           201
           199           229           225
           234           202           200
           234           200           228
           229           203           201
           234           202           204
           235           205           203
           229           235           203
           239           207           204
           234           239           204
           208           205           240
           235           205           240
           206           209           210
           206           209           241
           206           210           242
           206           241           237
           206           242           237
           210           207           242
           239           207           242
           209           208           241
           208           241           240
           211           212           216
           214           211           215
           211           215           216
           212           213           217
           212           216           217
           218           213           217
           214           215           220
           214           219           220
           215           216           221
           215           220           221
           243           216           217
           243           216           221
           218           222           217
           243           222           217
           218           223           222
           218           223           224
           225           219           220
           244           220           221
           226           225           220
           226           244           220
           243           221           245
           244           221           245
           223           222           227
           222           227           246
           243           222           246
           223           228           224
           223           228           227
           226           229           225
           226           229           230
           226           244           230
           233           228           227
           233           232           227
           232           227           246
           233           234           228
           229           235           230
           236           231           230
           244           231           230
           236           235           230
           247           236           231
           244           231           245
           247           231           245
           233           238           232
           247           238           232
           232           246           245
           247           232           245
           233           234           239
           233           239           238
           236           235           240
           241           236           237
           247           236           237
           241           236           240
           238           242           237
           247           238           237
           239           238           242
           243           246           245
