             -12      -0.0447144
          -11.76      -0.0613758
          -11.52      -0.0751399
          -11.28      -0.0850907
          -11.04      -0.0904903
           -10.8      -0.0908274
          -10.56      -0.0858549
          -10.32      -0.0756151
          -10.08      -0.0604499
           -9.84      -0.0409952
            -9.6       -0.018159
           -9.36      0.00691588
           -9.12       0.0329037
           -8.88        0.058359
           -8.64       0.0817903
            -8.4        0.101738
           -8.16        0.116855
           -7.92        0.125988
           -7.68        0.128243
           -7.44        0.123055
            -7.2        0.110232
           -6.96       0.0899875
           -6.72       0.0629547
           -6.48       0.0301769
           -6.24     -0.00691857
              -6      -0.0465692
           -5.76      -0.0867434
           -5.52       -0.125222
           -5.28       -0.159695
           -5.04        -0.18786
            -4.8       -0.207534
           -4.56       -0.216757
           -4.32       -0.213888
           -4.08         -0.1977
           -3.84       -0.167448
            -3.6       -0.122922
           -3.36      -0.0644866
           -3.12      0.00692018
           -2.88       0.0897984
           -2.64         0.18213
            -2.4        0.281443
           -2.16          0.3849
           -1.92        0.489399
           -1.68        0.591692
           -1.44        0.688513
            -1.2        0.776699
           -0.96        0.853325
           -0.72        0.915812
           -0.48         0.96204
           -0.24        0.990428
               0               1
            0.24        0.990428
            0.48         0.96204
            0.72        0.915812
            0.96        0.853325
             1.2        0.776699
            1.44        0.688513
            1.68        0.591692
            1.92        0.489399
            2.16          0.3849
             2.4        0.281443
            2.64         0.18213
            2.88       0.0897984
            3.12      0.00692018
            3.36      -0.0644866
             3.6       -0.122922
            3.84       -0.167448
            4.08         -0.1977
            4.32       -0.213888
            4.56       -0.216757
             4.8       -0.207534
            5.04        -0.18786
            5.28       -0.159695
            5.52       -0.125222
            5.76      -0.0867434
               6      -0.0465692
            6.24     -0.00691857
            6.48       0.0301769
            6.72       0.0629547
            6.96       0.0899875
             7.2        0.110232
            7.44        0.123055
            7.68        0.128243
            7.92        0.125988
            8.16        0.116855
             8.4        0.101738
            8.64       0.0817903
            8.88        0.058359
            9.12       0.0329037
            9.36      0.00691588
             9.6       -0.018159
            9.84      -0.0409952
           10.08      -0.0604499
           10.32      -0.0756151
           10.56      -0.0858549
            10.8      -0.0908274
           11.04      -0.0904903
           11.28      -0.0850907
           11.52      -0.0751399
           11.76      -0.0613758
              12      -0.0447144
