    0.0000      0.0000      0.0000
    0.0250      0.0000      0.0000
    0.0500      0.0000      0.0000
    0.0750      0.0000      0.0000
    0.1000      0.0000      0.0000
    0.1250      0.0000      0.0000
    0.1500      0.0000      0.0000
    0.1750      0.0000      0.0000
    0.2000      0.0000      0.0000
    0.2250      0.0000      0.0000
    0.2500      0.0000      0.0000
    0.2750      0.0000      0.0056
    0.3000      0.0000      0.0100
    0.3250      0.0000      0.0131
    0.3500      0.0000      0.0150
    0.3750      0.0000      0.0156
    0.4000      0.0000      0.0150
    0.4250      0.0000      0.0131
    0.4500      0.0000      0.0100
    0.4750      0.0000      0.0056
    0.5000      0.0000      0.0000
    0.5250      0.0000      0.0000
    0.5500      0.0000      0.0000
    0.5750      0.0000      0.0000
    0.6000      0.0000      0.0000
    0.6250      0.0000      0.0000
    0.6500      0.0000      0.0000
    0.6750      0.0000      0.0000
    0.7000      0.0000      0.0000
    0.7250      0.0000      0.0000
    0.7500      0.0000      0.0000
    0.7750      0.0000      0.0000
    0.8000      0.0000      0.0000
    0.8250      0.0000      0.0000
    0.8500      0.0000      0.0000
    0.8750      0.0000      0.0000
    0.9000      0.0000      0.0000
    0.9250      0.0000      0.0000
    0.9500      0.0000      0.0000
    0.9750      0.0000      0.0000
    1.0000      0.0000      0.0000

    0.0000      0.1000      0.0000
    0.0250      0.1000      0.0000
    0.0500      0.1000      0.0000
    0.0750      0.1000      0.0000
    0.1000      0.1000      0.0000
    0.1250      0.1000      0.0000
    0.1500      0.1000      0.0000
    0.1750      0.1000      0.0000
    0.2000      0.1000      0.0000
    0.2250      0.1000      0.0000
    0.2500      0.1000      0.0028
    0.2750      0.1000      0.0050
    0.3000      0.1000      0.0094
    0.3250      0.1000      0.0125
    0.3500      0.1000      0.0144
    0.3750      0.1000      0.0150
    0.4000      0.1000      0.0144
    0.4250      0.1000      0.0125
    0.4500      0.1000      0.0094
    0.4750      0.1000      0.0050
    0.5000      0.1000      0.0028
    0.5250      0.1000      0.0000
    0.5500      0.1000      0.0000
    0.5750      0.1000      0.0000
    0.6000      0.1000      0.0000
    0.6250      0.1000      0.0000
    0.6500      0.1000      0.0000
    0.6750      0.1000      0.0000
    0.7000      0.1000      0.0000
    0.7250      0.1000      0.0000
    0.7500      0.1000      0.0000
    0.7750      0.1000      0.0000
    0.8000      0.1000      0.0000
    0.8250      0.1000      0.0000
    0.8500      0.1000      0.0000
    0.8750      0.1000      0.0000
    0.9000      0.1000      0.0000
    0.9250      0.1000      0.0000
    0.9500      0.1000      0.0000
    0.9750      0.1000      0.0000
    1.0000      0.1000      0.0000

    0.0000      0.2000      0.0000
    0.0250      0.2000      0.0000
    0.0500      0.2000      0.0000
    0.0750      0.2000      0.0000
    0.1000      0.2000      0.0000
    0.1250      0.2000      0.0000
    0.1500      0.2000      0.0000
    0.1750      0.2000      0.0000
    0.2000      0.2000      0.0000
    0.2250      0.2000      0.0028
    0.2500      0.2000      0.0050
    0.2750      0.2000      0.0066
    0.3000      0.2000      0.0075
    0.3250      0.2000      0.0106
    0.3500      0.2000      0.0125
    0.3750      0.2000      0.0131
    0.4000      0.2000      0.0125
    0.4250      0.2000      0.0106
    0.4500      0.2000      0.0075
    0.4750      0.2000      0.0066
    0.5000      0.2000      0.0050
    0.5250      0.2000      0.0028
    0.5500      0.2000      0.0000
    0.5750      0.2000      0.0000
    0.6000      0.2000      0.0000
    0.6250      0.2000      0.0000
    0.6500      0.2000      0.0000
    0.6750      0.2000      0.0000
    0.7000      0.2000      0.0000
    0.7250      0.2000      0.0000
    0.7500      0.2000      0.0000
    0.7750      0.2000      0.0000
    0.8000      0.2000      0.0000
    0.8250      0.2000      0.0000
    0.8500      0.2000      0.0000
    0.8750      0.2000      0.0000
    0.9000      0.2000      0.0000
    0.9250      0.2000      0.0000
    0.9500      0.2000      0.0000
    0.9750      0.2000      0.0000
    1.0000      0.2000      0.0000

    0.0000      0.3000      0.0000
    0.0250      0.3000      0.0000
    0.0500      0.3000      0.0000
    0.0750      0.3000      0.0000
    0.1000      0.3000      0.0000
    0.1250      0.3000      0.0000
    0.1500      0.3000      0.0000
    0.1750      0.3000      0.0000
    0.2000      0.3000      0.0028
    0.2250      0.3000      0.0050
    0.2500      0.3000      0.0066
    0.2750      0.3000      0.0075
    0.3000      0.3000      0.0078
    0.3250      0.3000      0.0075
    0.3500      0.3000      0.0094
    0.3750      0.3000      0.0100
    0.4000      0.3000      0.0094
    0.4250      0.3000      0.0075
    0.4500      0.3000      0.0078
    0.4750      0.3000      0.0075
    0.5000      0.3000      0.0066
    0.5250      0.3000      0.0050
    0.5500      0.3000      0.0028
    0.5750      0.3000      0.0000
    0.6000      0.3000      0.0000
    0.6250      0.3000      0.0000
    0.6500      0.3000      0.0000
    0.6750      0.3000      0.0000
    0.7000      0.3000      0.0000
    0.7250      0.3000      0.0000
    0.7500      0.3000      0.0000
    0.7750      0.3000      0.0000
    0.8000      0.3000      0.0000
    0.8250      0.3000      0.0000
    0.8500      0.3000      0.0000
    0.8750      0.3000      0.0000
    0.9000      0.3000      0.0000
    0.9250      0.3000      0.0000
    0.9500      0.3000      0.0000
    0.9750      0.3000      0.0000
    1.0000      0.3000      0.0000

    0.0000      0.4000      0.0000
    0.0250      0.4000      0.0000
    0.0500      0.4000      0.0000
    0.0750      0.4000      0.0000
    0.1000      0.4000      0.0000
    0.1250      0.4000      0.0000
    0.1500      0.4000      0.0000
    0.1750      0.4000      0.0028
    0.2000      0.4000      0.0050
    0.2250      0.4000      0.0066
    0.2500      0.4000      0.0075
    0.2750      0.4000      0.0078
    0.3000      0.4000      0.0075
    0.3250      0.4000      0.0066
    0.3500      0.4000      0.0050
    0.3750      0.4000      0.0056
    0.4000      0.4000      0.0050
    0.4250      0.4000      0.0066
    0.4500      0.4000      0.0075
    0.4750      0.4000      0.0078
    0.5000      0.4000      0.0075
    0.5250      0.4000      0.0066
    0.5500      0.4000      0.0050
    0.5750      0.4000      0.0028
    0.6000      0.4000      0.0000
    0.6250      0.4000      0.0000
    0.6500      0.4000      0.0000
    0.6750      0.4000      0.0000
    0.7000      0.4000      0.0000
    0.7250      0.4000      0.0000
    0.7500      0.4000      0.0000
    0.7750      0.4000      0.0000
    0.8000      0.4000      0.0000
    0.8250      0.4000      0.0000
    0.8500      0.4000      0.0000
    0.8750      0.4000      0.0000
    0.9000      0.4000      0.0000
    0.9250      0.4000      0.0000
    0.9500      0.4000      0.0000
    0.9750      0.4000      0.0000
    1.0000      0.4000      0.0000

    0.0000      0.5000      0.0000
    0.0250      0.5000      0.0000
    0.0500      0.5000      0.0000
    0.0750      0.5000      0.0000
    0.1000      0.5000      0.0000
    0.1250      0.5000      0.0000
    0.1500      0.5000      0.0028
    0.1750      0.5000      0.0050
    0.2000      0.5000      0.0066
    0.2250      0.5000      0.0075
    0.2500      0.5000      0.0078
    0.2750      0.5000      0.0075
    0.3000      0.5000      0.0066
    0.3250      0.5000      0.0050
    0.3500      0.5000      0.0028
    0.3750      0.5000      0.0000
    0.4000      0.5000      0.0028
    0.4250      0.5000      0.0050
    0.4500      0.5000      0.0066
    0.4750      0.5000      0.0075
    0.5000      0.5000      0.0078
    0.5250      0.5000      0.0075
    0.5500      0.5000      0.0066
    0.5750      0.5000      0.0050
    0.6000      0.5000      0.0028
    0.6250      0.5000      0.0000
    0.6500      0.5000      0.0000
    0.6750      0.5000      0.0000
    0.7000      0.5000      0.0000
    0.7250      0.5000      0.0000
    0.7500      0.5000      0.0000
    0.7750      0.5000      0.0000
    0.8000      0.5000      0.0000
    0.8250      0.5000      0.0000
    0.8500      0.5000      0.0000
    0.8750      0.5000      0.0000
    0.9000      0.5000      0.0000
    0.9250      0.5000      0.0000
    0.9500      0.5000      0.0000
    0.9750      0.5000      0.0000
    1.0000      0.5000      0.0000

    0.0000      0.6000      0.0000
    0.0250      0.6000      0.0000
    0.0500      0.6000      0.0000
    0.0750      0.6000      0.0000
    0.1000      0.6000      0.0000
    0.1250      0.6000      0.0028
    0.1500      0.6000      0.0050
    0.1750      0.6000      0.0066
    0.2000      0.6000      0.0075
    0.2250      0.6000      0.0078
    0.2500      0.6000      0.0075
    0.2750      0.6000      0.0066
    0.3000      0.6000      0.0050
    0.3250      0.6000      0.0028
    0.3500      0.6000      0.0000
    0.3750      0.6000      0.0000
    0.4000      0.6000      0.0000
    0.4250      0.6000      0.0028
    0.4500      0.6000      0.0050
    0.4750      0.6000      0.0066
    0.5000      0.6000      0.0075
    0.5250      0.6000      0.0078
    0.5500      0.6000      0.0075
    0.5750      0.6000      0.0066
    0.6000      0.6000      0.0050
    0.6250      0.6000      0.0028
    0.6500      0.6000      0.0000
    0.6750      0.6000      0.0000
    0.7000      0.6000      0.0000
    0.7250      0.6000      0.0000
    0.7500      0.6000      0.0000
    0.7750      0.6000      0.0000
    0.8000      0.6000      0.0000
    0.8250      0.6000      0.0000
    0.8500      0.6000      0.0000
    0.8750      0.6000      0.0000
    0.9000      0.6000      0.0000
    0.9250      0.6000      0.0000
    0.9500      0.6000      0.0000
    0.9750      0.6000      0.0000
    1.0000      0.6000      0.0000

    0.0000      0.7000      0.0000
    0.0250      0.7000      0.0000
    0.0500      0.7000      0.0000
    0.0750      0.7000      0.0000
    0.1000      0.7000      0.0028
    0.1250      0.7000      0.0050
    0.1500      0.7000      0.0066
    0.1750      0.7000      0.0075
    0.2000      0.7000      0.0078
    0.2250      0.7000      0.0075
    0.2500      0.7000      0.0066
    0.2750      0.7000      0.0050
    0.3000      0.7000      0.0028
    0.3250      0.7000      0.0000
    0.3500      0.7000     -0.0000
    0.3750      0.7000      0.0000
    0.4000      0.7000     -0.0000
    0.4250      0.7000      0.0000
    0.4500      0.7000      0.0028
    0.4750      0.7000      0.0050
    0.5000      0.7000      0.0066
    0.5250      0.7000      0.0075
    0.5500      0.7000      0.0078
    0.5750      0.7000      0.0075
    0.6000      0.7000      0.0066
    0.6250      0.7000      0.0050
    0.6500      0.7000      0.0028
    0.6750      0.7000      0.0000
    0.7000      0.7000      0.0000
    0.7250      0.7000      0.0000
    0.7500      0.7000      0.0000
    0.7750      0.7000      0.0000
    0.8000      0.7000      0.0000
    0.8250      0.7000      0.0000
    0.8500      0.7000      0.0000
    0.8750      0.7000      0.0000
    0.9000      0.7000      0.0000
    0.9250      0.7000      0.0000
    0.9500      0.7000      0.0000
    0.9750      0.7000      0.0000
    1.0000      0.7000      0.0000

    0.0000      0.8000      0.0000
    0.0250      0.8000      0.0000
    0.0500      0.8000      0.0000
    0.0750      0.8000      0.0028
    0.1000      0.8000      0.0050
    0.1250      0.8000      0.0066
    0.1500      0.8000      0.0075
    0.1750      0.8000      0.0078
    0.2000      0.8000      0.0075
    0.2250      0.8000      0.0066
    0.2500      0.8000      0.0050
    0.2750      0.8000      0.0028
    0.3000      0.8000      0.0000
    0.3250      0.8000     -0.0000
    0.3500      0.8000      0.0000
    0.3750      0.8000     -0.0000
    0.4000      0.8000      0.0000
    0.4250      0.8000     -0.0000
    0.4500      0.8000      0.0000
    0.4750      0.8000      0.0028
    0.5000      0.8000      0.0050
    0.5250      0.8000      0.0066
    0.5500      0.8000      0.0075
    0.5750      0.8000      0.0078
    0.6000      0.8000      0.0075
    0.6250      0.8000      0.0066
    0.6500      0.8000      0.0050
    0.6750      0.8000      0.0028
    0.7000      0.8000      0.0000
    0.7250      0.8000      0.0000
    0.7500      0.8000      0.0000
    0.7750      0.8000      0.0000
    0.8000      0.8000      0.0000
    0.8250      0.8000      0.0000
    0.8500      0.8000      0.0000
    0.8750      0.8000      0.0000
    0.9000      0.8000      0.0000
    0.9250      0.8000      0.0000
    0.9500      0.8000      0.0000
    0.9750      0.8000      0.0000
    1.0000      0.8000      0.0000

    0.0000      0.9000      0.0000
    0.0250      0.9000      0.0000
    0.0500      0.9000      0.0028
    0.0750      0.9000      0.0050
    0.1000      0.9000      0.0066
    0.1250      0.9000      0.0075
    0.1500      0.9000      0.0078
    0.1750      0.9000      0.0075
    0.2000      0.9000      0.0066
    0.2250      0.9000      0.0050
    0.2500      0.9000      0.0028
    0.2750      0.9000      0.0000
    0.3000      0.9000     -0.0000
    0.3250      0.9000      0.0000
    0.3500      0.9000     -0.0000
    0.3750      0.9000      0.0000
    0.4000      0.9000     -0.0000
    0.4250      0.9000      0.0000
    0.4500      0.9000     -0.0000
    0.4750      0.9000      0.0000
    0.5000      0.9000      0.0028
    0.5250      0.9000      0.0050
    0.5500      0.9000      0.0066
    0.5750      0.9000      0.0075
    0.6000      0.9000      0.0078
    0.6250      0.9000      0.0075
    0.6500      0.9000      0.0066
    0.6750      0.9000      0.0050
    0.7000      0.9000      0.0028
    0.7250      0.9000      0.0000
    0.7500      0.9000      0.0000
    0.7750      0.9000      0.0000
    0.8000      0.9000      0.0000
    0.8250      0.9000      0.0000
    0.8500      0.9000      0.0000
    0.8750      0.9000      0.0000
    0.9000      0.9000      0.0000
    0.9250      0.9000      0.0000
    0.9500      0.9000      0.0000
    0.9750      0.9000      0.0000
    1.0000      0.9000      0.0000

    0.0000      1.0000      0.0000
    0.0250      1.0000      0.0028
    0.0500      1.0000      0.0050
    0.0750      1.0000      0.0066
    0.1000      1.0000      0.0075
    0.1250      1.0000      0.0078
    0.1500      1.0000      0.0075
    0.1750      1.0000      0.0066
    0.2000      1.0000      0.0050
    0.2250      1.0000      0.0028
    0.2500      1.0000      0.0000
    0.2750      1.0000     -0.0000
    0.3000      1.0000      0.0000
    0.3250      1.0000     -0.0000
    0.3500      1.0000      0.0000
    0.3750      1.0000     -0.0000
    0.4000      1.0000      0.0000
    0.4250      1.0000     -0.0000
    0.4500      1.0000      0.0000
    0.4750      1.0000     -0.0000
    0.5000      1.0000      0.0000
    0.5250      1.0000      0.0028
    0.5500      1.0000      0.0050
    0.5750      1.0000      0.0066
    0.6000      1.0000      0.0075
    0.6250      1.0000      0.0078
    0.6500      1.0000      0.0075
    0.6750      1.0000      0.0066
    0.7000      1.0000      0.0050
    0.7250      1.0000      0.0028
    0.7500      1.0000      0.0000
    0.7750      1.0000      0.0000
    0.8000      1.0000      0.0000
    0.8250      1.0000      0.0000
    0.8500      1.0000      0.0000
    0.8750      1.0000      0.0000
    0.9000      1.0000      0.0000
    0.9250      1.0000      0.0000
    0.9500      1.0000      0.0000
    0.9750      1.0000      0.0000
    1.0000      1.0000      0.0000

    0.0000      1.1000      0.0000
    0.0250      1.1000      0.0050
    0.0500      1.1000      0.0066
    0.0750      1.1000      0.0075
    0.1000      1.1000      0.0078
    0.1250      1.1000      0.0075
    0.1500      1.1000      0.0066
    0.1750      1.1000      0.0050
    0.2000      1.1000      0.0028
    0.2250      1.1000      0.0000
    0.2500      1.1000     -0.0000
    0.2750      1.1000      0.0000
    0.3000      1.1000     -0.0000
    0.3250      1.1000      0.0000
    0.3500      1.1000     -0.0000
    0.3750      1.1000      0.0000
    0.4000      1.1000     -0.0000
    0.4250      1.1000      0.0000
    0.4500      1.1000     -0.0000
    0.4750      1.1000      0.0000
    0.5000      1.1000     -0.0000
    0.5250      1.1000      0.0000
    0.5500      1.1000      0.0028
    0.5750      1.1000      0.0050
    0.6000      1.1000      0.0066
    0.6250      1.1000      0.0075
    0.6500      1.1000      0.0078
    0.6750      1.1000      0.0075
    0.7000      1.1000      0.0066
    0.7250      1.1000      0.0050
    0.7500      1.1000      0.0028
    0.7750      1.1000      0.0000
    0.8000      1.1000      0.0000
    0.8250      1.1000      0.0000
    0.8500      1.1000      0.0000
    0.8750      1.1000      0.0000
    0.9000      1.1000      0.0000
    0.9250      1.1000      0.0000
    0.9500      1.1000      0.0000
    0.9750      1.1000      0.0000
    1.0000      1.1000      0.0000

    0.0000      1.2000      0.0000
    0.0250      1.2000      0.0037
    0.0500      1.2000      0.0075
    0.0750      1.2000      0.0078
    0.1000      1.2000      0.0075
    0.1250      1.2000      0.0066
    0.1500      1.2000      0.0050
    0.1750      1.2000      0.0028
    0.2000      1.2000      0.0000
    0.2250      1.2000     -0.0000
    0.2500      1.2000      0.0000
    0.2750      1.2000     -0.0000
    0.3000      1.2000      0.0000
    0.3250      1.2000     -0.0000
    0.3500      1.2000      0.0000
    0.3750      1.2000     -0.0000
    0.4000      1.2000      0.0000
    0.4250      1.2000     -0.0000
    0.4500      1.2000      0.0000
    0.4750      1.2000     -0.0000
    0.5000      1.2000      0.0000
    0.5250      1.2000     -0.0000
    0.5500      1.2000      0.0000
    0.5750      1.2000      0.0028
    0.6000      1.2000      0.0050
    0.6250      1.2000      0.0066
    0.6500      1.2000      0.0075
    0.6750      1.2000      0.0078
    0.7000      1.2000      0.0075
    0.7250      1.2000      0.0066
    0.7500      1.2000      0.0050
    0.7750      1.2000      0.0028
    0.8000      1.2000      0.0000
    0.8250      1.2000      0.0000
    0.8500      1.2000      0.0000
    0.8750      1.2000      0.0000
    0.9000      1.2000      0.0000
    0.9250      1.2000      0.0000
    0.9500      1.2000      0.0000
    0.9750      1.2000      0.0000
    1.0000      1.2000      0.0000

    0.0000      1.3000      0.0000
    0.0250      1.3000      0.0025
    0.0500      1.3000      0.0050
    0.0750      1.3000      0.0075
    0.1000      1.3000      0.0066
    0.1250      1.3000      0.0050
    0.1500      1.3000      0.0028
    0.1750      1.3000      0.0000
    0.2000      1.3000     -0.0000
    0.2250      1.3000      0.0000
    0.2500      1.3000     -0.0000
    0.2750      1.3000      0.0000
    0.3000      1.3000     -0.0000
    0.3250      1.3000      0.0000
    0.3500      1.3000     -0.0000
    0.3750      1.3000      0.0000
    0.4000      1.3000     -0.0000
    0.4250      1.3000      0.0000
    0.4500      1.3000     -0.0000
    0.4750      1.3000      0.0000
    0.5000      1.3000     -0.0000
    0.5250      1.3000      0.0000
    0.5500      1.3000     -0.0000
    0.5750      1.3000      0.0000
    0.6000      1.3000      0.0028
    0.6250      1.3000      0.0050
    0.6500      1.3000      0.0066
    0.6750      1.3000      0.0075
    0.7000      1.3000      0.0078
    0.7250      1.3000      0.0075
    0.7500      1.3000      0.0066
    0.7750      1.3000      0.0050
    0.8000      1.3000      0.0028
    0.8250      1.3000      0.0000
    0.8500      1.3000      0.0000
    0.8750      1.3000      0.0000
    0.9000      1.3000      0.0000
    0.9250      1.3000      0.0000
    0.9500      1.3000      0.0000
    0.9750      1.3000      0.0000
    1.0000      1.3000      0.0000

    0.0000      1.4000      0.0000
    0.0250      1.4000      0.0012
    0.0500      1.4000      0.0025
    0.0750      1.4000      0.0037
    0.1000      1.4000      0.0050
    0.1250      1.4000      0.0028
    0.1500      1.4000      0.0000
    0.1750      1.4000     -0.0000
    0.2000      1.4000      0.0000
    0.2250      1.4000     -0.0000
    0.2500      1.4000      0.0000
    0.2750      1.4000     -0.0000
    0.3000      1.4000      0.0000
    0.3250      1.4000     -0.0000
    0.3500      1.4000      0.0000
    0.3750      1.4000     -0.0000
    0.4000      1.4000      0.0000
    0.4250      1.4000     -0.0000
    0.4500      1.4000      0.0000
    0.4750      1.4000     -0.0000
    0.5000      1.4000      0.0000
    0.5250      1.4000     -0.0000
    0.5500      1.4000      0.0000
    0.5750      1.4000     -0.0000
    0.6000      1.4000      0.0000
    0.6250      1.4000      0.0028
    0.6500      1.4000      0.0050
    0.6750      1.4000      0.0066
    0.7000      1.4000      0.0075
    0.7250      1.4000      0.0078
    0.7500      1.4000      0.0075
    0.7750      1.4000      0.0066
    0.8000      1.4000      0.0050
    0.8250      1.4000      0.0028
    0.8500      1.4000      0.0000
    0.8750      1.4000      0.0000
    0.9000      1.4000      0.0000
    0.9250      1.4000      0.0000
    0.9500      1.4000      0.0000
    0.9750      1.4000      0.0000
    1.0000      1.4000      0.0000

    0.0000      1.5000      0.0000
    0.0250      1.5000     -0.0000
    0.0500      1.5000     -0.0000
    0.0750      1.5000     -0.0000
    0.1000      1.5000     -0.0000
    0.1250      1.5000      0.0000
    0.1500      1.5000     -0.0000
    0.1750      1.5000      0.0000
    0.2000      1.5000     -0.0000
    0.2250      1.5000      0.0000
    0.2500      1.5000     -0.0000
    0.2750      1.5000      0.0000
    0.3000      1.5000     -0.0000
    0.3250      1.5000      0.0000
    0.3500      1.5000     -0.0000
    0.3750      1.5000      0.0000
    0.4000      1.5000     -0.0000
    0.4250      1.5000      0.0000
    0.4500      1.5000     -0.0000
    0.4750      1.5000      0.0000
    0.5000      1.5000     -0.0000
    0.5250      1.5000      0.0000
    0.5500      1.5000     -0.0000
    0.5750      1.5000      0.0000
    0.6000      1.5000     -0.0000
    0.6250      1.5000      0.0000
    0.6500      1.5000      0.0028
    0.6750      1.5000      0.0050
    0.7000      1.5000      0.0066
    0.7250      1.5000      0.0075
    0.7500      1.5000      0.0078
    0.7750      1.5000      0.0075
    0.8000      1.5000      0.0066
    0.8250      1.5000      0.0050
    0.8500      1.5000      0.0028
    0.8750      1.5000      0.0000
    0.9000      1.5000      0.0000
    0.9250      1.5000      0.0000
    0.9500      1.5000      0.0000
    0.9750      1.5000      0.0000
    1.0000      1.5000      0.0000

    0.0000      1.6000      0.0000
    0.0250      1.6000     -0.0013
    0.0500      1.6000     -0.0025
    0.0750      1.6000     -0.0038
    0.1000      1.6000     -0.0050
    0.1250      1.6000     -0.0028
    0.1500      1.6000      0.0000
    0.1750      1.6000     -0.0000
    0.2000      1.6000      0.0000
    0.2250      1.6000     -0.0000
    0.2500      1.6000      0.0000
    0.2750      1.6000     -0.0000
    0.3000      1.6000      0.0000
    0.3250      1.6000     -0.0000
    0.3500      1.6000      0.0000
    0.3750      1.6000     -0.0000
    0.4000      1.6000      0.0000
    0.4250      1.6000     -0.0000
    0.4500      1.6000      0.0000
    0.4750      1.6000     -0.0000
    0.5000      1.6000      0.0000
    0.5250      1.6000     -0.0000
    0.5500      1.6000      0.0000
    0.5750      1.6000     -0.0000
    0.6000      1.6000      0.0000
    0.6250      1.6000     -0.0000
    0.6500      1.6000      0.0000
    0.6750      1.6000      0.0028
    0.7000      1.6000      0.0050
    0.7250      1.6000      0.0066
    0.7500      1.6000      0.0075
    0.7750      1.6000      0.0078
    0.8000      1.6000      0.0075
    0.8250      1.6000      0.0066
    0.8500      1.6000      0.0050
    0.8750      1.6000      0.0028
    0.9000      1.6000      0.0000
    0.9250      1.6000      0.0000
    0.9500      1.6000      0.0000
    0.9750      1.6000      0.0000
    1.0000      1.6000      0.0000

    0.0000      1.7000      0.0000
    0.0250      1.7000     -0.0025
    0.0500      1.7000     -0.0050
    0.0750      1.7000     -0.0075
    0.1000      1.7000     -0.0066
    0.1250      1.7000     -0.0050
    0.1500      1.7000     -0.0028
    0.1750      1.7000      0.0000
    0.2000      1.7000     -0.0000
    0.2250      1.7000      0.0000
    0.2500      1.7000     -0.0000
    0.2750      1.7000      0.0000
    0.3000      1.7000     -0.0000
    0.3250      1.7000      0.0000
    0.3500      1.7000     -0.0000
    0.3750      1.7000      0.0000
    0.4000      1.7000     -0.0000
    0.4250      1.7000      0.0000
    0.4500      1.7000     -0.0000
    0.4750      1.7000      0.0000
    0.5000      1.7000     -0.0000
    0.5250      1.7000      0.0000
    0.5500      1.7000     -0.0000
    0.5750      1.7000      0.0000
    0.6000      1.7000     -0.0000
    0.6250      1.7000      0.0000
    0.6500      1.7000     -0.0000
    0.6750      1.7000      0.0000
    0.7000      1.7000      0.0028
    0.7250      1.7000      0.0050
    0.7500      1.7000      0.0066
    0.7750      1.7000      0.0075
    0.8000      1.7000      0.0078
    0.8250      1.7000      0.0075
    0.8500      1.7000      0.0066
    0.8750      1.7000      0.0050
    0.9000      1.7000      0.0028
    0.9250      1.7000      0.0000
    0.9500      1.7000      0.0000
    0.9750      1.7000      0.0000
    1.0000      1.7000      0.0000

    0.0000      1.8000      0.0000
    0.0250      1.8000     -0.0038
    0.0500      1.8000     -0.0075
    0.0750      1.8000     -0.0078
    0.1000      1.8000     -0.0075
    0.1250      1.8000     -0.0066
    0.1500      1.8000     -0.0050
    0.1750      1.8000     -0.0028
    0.2000      1.8000      0.0000
    0.2250      1.8000     -0.0000
    0.2500      1.8000      0.0000
    0.2750      1.8000     -0.0000
    0.3000      1.8000      0.0000
    0.3250      1.8000     -0.0000
    0.3500      1.8000      0.0000
    0.3750      1.8000     -0.0000
    0.4000      1.8000      0.0000
    0.4250      1.8000     -0.0000
    0.4500      1.8000      0.0000
    0.4750      1.8000     -0.0000
    0.5000      1.8000      0.0000
    0.5250      1.8000     -0.0000
    0.5500      1.8000      0.0000
    0.5750      1.8000     -0.0000
    0.6000      1.8000      0.0000
    0.6250      1.8000     -0.0000
    0.6500      1.8000      0.0000
    0.6750      1.8000     -0.0000
    0.7000      1.8000      0.0000
    0.7250      1.8000      0.0028
    0.7500      1.8000      0.0050
    0.7750      1.8000      0.0066
    0.8000      1.8000      0.0075
    0.8250      1.8000      0.0078
    0.8500      1.8000      0.0075
    0.8750      1.8000      0.0066
    0.9000      1.8000      0.0050
    0.9250      1.8000      0.0028
    0.9500      1.8000      0.0000
    0.9750      1.8000      0.0000
    1.0000      1.8000      0.0000

    0.0000      1.9000      0.0000
    0.0250      1.9000     -0.0050
    0.0500      1.9000     -0.0066
    0.0750      1.9000     -0.0075
    0.1000      1.9000     -0.0078
    0.1250      1.9000     -0.0075
    0.1500      1.9000     -0.0066
    0.1750      1.9000     -0.0050
    0.2000      1.9000     -0.0028
    0.2250      1.9000      0.0000
    0.2500      1.9000     -0.0000
    0.2750      1.9000      0.0000
    0.3000      1.9000     -0.0000
    0.3250      1.9000      0.0000
    0.3500      1.9000     -0.0000
    0.3750      1.9000      0.0000
    0.4000      1.9000     -0.0000
    0.4250      1.9000      0.0000
    0.4500      1.9000     -0.0000
    0.4750      1.9000      0.0000
    0.5000      1.9000     -0.0000
    0.5250      1.9000      0.0000
    0.5500      1.9000     -0.0000
    0.5750      1.9000      0.0000
    0.6000      1.9000     -0.0000
    0.6250      1.9000      0.0000
    0.6500      1.9000     -0.0000
    0.6750      1.9000      0.0000
    0.7000      1.9000     -0.0000
    0.7250      1.9000      0.0000
    0.7500      1.9000      0.0028
    0.7750      1.9000      0.0050
    0.8000      1.9000      0.0066
    0.8250      1.9000      0.0075
    0.8500      1.9000      0.0078
    0.8750      1.9000      0.0075
    0.9000      1.9000      0.0066
    0.9250      1.9000      0.0050
    0.9500      1.9000      0.0028
    0.9750      1.9000      0.0000
    1.0000      1.9000      0.0000

    0.0000      2.0000      0.0000
    0.0250      2.0000     -0.0028
    0.0500      2.0000     -0.0050
    0.0750      2.0000     -0.0066
    0.1000      2.0000     -0.0075
    0.1250      2.0000     -0.0078
    0.1500      2.0000     -0.0075
    0.1750      2.0000     -0.0066
    0.2000      2.0000     -0.0050
    0.2250      2.0000     -0.0028
    0.2500      2.0000      0.0000
    0.2750      2.0000     -0.0000
    0.3000      2.0000      0.0000
    0.3250      2.0000     -0.0000
    0.3500      2.0000      0.0000
    0.3750      2.0000     -0.0000
    0.4000      2.0000      0.0000
    0.4250      2.0000     -0.0000
    0.4500      2.0000      0.0000
    0.4750      2.0000     -0.0000
    0.5000      2.0000      0.0000
    0.5250      2.0000     -0.0000
    0.5500      2.0000      0.0000
    0.5750      2.0000     -0.0000
    0.6000      2.0000      0.0000
    0.6250      2.0000     -0.0000
    0.6500      2.0000      0.0000
    0.6750      2.0000     -0.0000
    0.7000      2.0000      0.0000
    0.7250      2.0000     -0.0000
    0.7500      2.0000      0.0000
    0.7750      2.0000      0.0028
    0.8000      2.0000      0.0050
    0.8250      2.0000      0.0066
    0.8500      2.0000      0.0075
    0.8750      2.0000      0.0078
    0.9000      2.0000      0.0075
    0.9250      2.0000      0.0066
    0.9500      2.0000      0.0050
    0.9750      2.0000      0.0028
    1.0000      2.0000      0.0000

    0.0000      2.1000      0.0000
    0.0250      2.1000      0.0000
    0.0500      2.1000     -0.0028
    0.0750      2.1000     -0.0050
    0.1000      2.1000     -0.0066
    0.1250      2.1000     -0.0075
    0.1500      2.1000     -0.0078
    0.1750      2.1000     -0.0075
    0.2000      2.1000     -0.0066
    0.2250      2.1000     -0.0050
    0.2500      2.1000     -0.0028
    0.2750      2.1000      0.0000
    0.3000      2.1000     -0.0000
    0.3250      2.1000      0.0000
    0.3500      2.1000     -0.0000
    0.3750      2.1000      0.0000
    0.4000      2.1000     -0.0000
    0.4250      2.1000      0.0000
    0.4500      2.1000     -0.0000
    0.4750      2.1000      0.0000
    0.5000      2.1000     -0.0000
    0.5250      2.1000      0.0000
    0.5500      2.1000     -0.0000
    0.5750      2.1000      0.0000
    0.6000      2.1000     -0.0000
    0.6250      2.1000      0.0000
    0.6500      2.1000     -0.0000
    0.6750      2.1000      0.0000
    0.7000      2.1000     -0.0000
    0.7250      2.1000      0.0000
    0.7500      2.1000     -0.0000
    0.7750      2.1000      0.0000
    0.8000      2.1000      0.0028
    0.8250      2.1000      0.0050
    0.8500      2.1000      0.0066
    0.8750      2.1000      0.0075
    0.9000      2.1000      0.0078
    0.9250      2.1000      0.0075
    0.9500      2.1000      0.0066
    0.9750      2.1000      0.0050
    1.0000      2.1000      0.0000

    0.0000      2.2000      0.0000
    0.0250      2.2000     -0.0000
    0.0500      2.2000      0.0000
    0.0750      2.2000     -0.0028
    0.1000      2.2000     -0.0050
    0.1250      2.2000     -0.0066
    0.1500      2.2000     -0.0075
    0.1750      2.2000     -0.0078
    0.2000      2.2000     -0.0075
    0.2250      2.2000     -0.0066
    0.2500      2.2000     -0.0050
    0.2750      2.2000     -0.0028
    0.3000      2.2000      0.0000
    0.3250      2.2000     -0.0000
    0.3500      2.2000      0.0000
    0.3750      2.2000     -0.0000
    0.4000      2.2000      0.0000
    0.4250      2.2000     -0.0000
    0.4500      2.2000      0.0000
    0.4750      2.2000     -0.0000
    0.5000      2.2000      0.0000
    0.5250      2.2000     -0.0000
    0.5500      2.2000      0.0000
    0.5750      2.2000     -0.0000
    0.6000      2.2000      0.0000
    0.6250      2.2000     -0.0000
    0.6500      2.2000      0.0000
    0.6750      2.2000     -0.0000
    0.7000      2.2000      0.0000
    0.7250      2.2000     -0.0000
    0.7500      2.2000      0.0000
    0.7750      2.2000     -0.0000
    0.8000      2.2000      0.0000
    0.8250      2.2000      0.0028
    0.8500      2.2000      0.0050
    0.8750      2.2000      0.0066
    0.9000      2.2000      0.0075
    0.9250      2.2000      0.0078
    0.9500      2.2000      0.0075
    0.9750      2.2000      0.0038
    1.0000      2.2000      0.0000

    0.0000      2.3000      0.0000
    0.0250      2.3000      0.0000
    0.0500      2.3000     -0.0000
    0.0750      2.3000      0.0000
    0.1000      2.3000     -0.0028
    0.1250      2.3000     -0.0050
    0.1500      2.3000     -0.0066
    0.1750      2.3000     -0.0075
    0.2000      2.3000     -0.0078
    0.2250      2.3000     -0.0075
    0.2500      2.3000     -0.0066
    0.2750      2.3000     -0.0050
    0.3000      2.3000     -0.0028
    0.3250      2.3000      0.0000
    0.3500      2.3000     -0.0000
    0.3750      2.3000      0.0000
    0.4000      2.3000     -0.0000
    0.4250      2.3000      0.0000
    0.4500      2.3000     -0.0000
    0.4750      2.3000      0.0000
    0.5000      2.3000     -0.0000
    0.5250      2.3000      0.0000
    0.5500      2.3000     -0.0000
    0.5750      2.3000      0.0000
    0.6000      2.3000     -0.0000
    0.6250      2.3000      0.0000
    0.6500      2.3000     -0.0000
    0.6750      2.3000      0.0000
    0.7000      2.3000     -0.0000
    0.7250      2.3000      0.0000
    0.7500      2.3000     -0.0000
    0.7750      2.3000      0.0000
    0.8000      2.3000     -0.0000
    0.8250      2.3000      0.0000
    0.8500      2.3000      0.0028
    0.8750      2.3000      0.0050
    0.9000      2.3000      0.0066
    0.9250      2.3000      0.0075
    0.9500      2.3000      0.0050
    0.9750      2.3000      0.0025
    1.0000      2.3000      0.0000

    0.0000      2.4000      0.0000
    0.0250      2.4000      0.0000
    0.0500      2.4000      0.0000
    0.0750      2.4000     -0.0000
    0.1000      2.4000      0.0000
    0.1250      2.4000     -0.0028
    0.1500      2.4000     -0.0050
    0.1750      2.4000     -0.0066
    0.2000      2.4000     -0.0075
    0.2250      2.4000     -0.0078
    0.2500      2.4000     -0.0075
    0.2750      2.4000     -0.0066
    0.3000      2.4000     -0.0050
    0.3250      2.4000     -0.0028
    0.3500      2.4000      0.0000
    0.3750      2.4000     -0.0000
    0.4000      2.4000      0.0000
    0.4250      2.4000     -0.0000
    0.4500      2.4000      0.0000
    0.4750      2.4000     -0.0000
    0.5000      2.4000      0.0000
    0.5250      2.4000     -0.0000
    0.5500      2.4000      0.0000
    0.5750      2.4000     -0.0000
    0.6000      2.4000      0.0000
    0.6250      2.4000     -0.0000
    0.6500      2.4000      0.0000
    0.6750      2.4000     -0.0000
    0.7000      2.4000      0.0000
    0.7250      2.4000     -0.0000
    0.7500      2.4000      0.0000
    0.7750      2.4000     -0.0000
    0.8000      2.4000      0.0000
    0.8250      2.4000     -0.0000
    0.8500      2.4000      0.0000
    0.8750      2.4000      0.0028
    0.9000      2.4000      0.0050
    0.9250      2.4000      0.0037
    0.9500      2.4000      0.0025
    0.9750      2.4000      0.0013
    1.0000      2.4000      0.0000

    0.0000      2.5000      0.0000
    0.0250      2.5000      0.0000
    0.0500      2.5000     -0.0000
    0.0750      2.5000      0.0000
    0.1000      2.5000     -0.0000
    0.1250      2.5000      0.0000
    0.1500      2.5000     -0.0028
    0.1750      2.5000     -0.0050
    0.2000      2.5000     -0.0066
    0.2250      2.5000     -0.0075
    0.2500      2.5000     -0.0078
    0.2750      2.5000     -0.0075
    0.3000      2.5000     -0.0066
    0.3250      2.5000     -0.0050
    0.3500      2.5000     -0.0028
    0.3750      2.5000      0.0000
    0.4000      2.5000     -0.0000
    0.4250      2.5000      0.0000
    0.4500      2.5000     -0.0000
    0.4750      2.5000      0.0000
    0.5000      2.5000     -0.0000
    0.5250      2.5000      0.0000
    0.5500      2.5000     -0.0000
    0.5750      2.5000      0.0000
    0.6000      2.5000     -0.0000
    0.6250      2.5000      0.0000
    0.6500      2.5000     -0.0000
    0.6750      2.5000      0.0000
    0.7000      2.5000     -0.0000
    0.7250      2.5000      0.0000
    0.7500      2.5000     -0.0000
    0.7750      2.5000      0.0000
    0.8000      2.5000     -0.0000
    0.8250      2.5000      0.0000
    0.8500      2.5000     -0.0000
    0.8750      2.5000      0.0000
    0.9000      2.5000      0.0000
    0.9250      2.5000      0.0000
    0.9500      2.5000     -0.0000
    0.9750      2.5000     -0.0000
    1.0000      2.5000      0.0000

    0.0000      2.6000      0.0000
    0.0250      2.6000     -0.0000
    0.0500      2.6000      0.0000
    0.0750      2.6000     -0.0000
    0.1000      2.6000      0.0000
    0.1250      2.6000     -0.0000
    0.1500      2.6000      0.0000
    0.1750      2.6000     -0.0028
    0.2000      2.6000     -0.0050
    0.2250      2.6000     -0.0066
    0.2500      2.6000     -0.0075
    0.2750      2.6000     -0.0078
    0.3000      2.6000     -0.0075
    0.3250      2.6000     -0.0066
    0.3500      2.6000     -0.0050
    0.3750      2.6000     -0.0028
    0.4000      2.6000      0.0000
    0.4250      2.6000     -0.0000
    0.4500      2.6000      0.0000
    0.4750      2.6000     -0.0000
    0.5000      2.6000      0.0000
    0.5250      2.6000     -0.0000
    0.5500      2.6000      0.0000
    0.5750      2.6000     -0.0000
    0.6000      2.6000      0.0000
    0.6250      2.6000     -0.0000
    0.6500      2.6000      0.0000
    0.6750      2.6000     -0.0000
    0.7000      2.6000      0.0000
    0.7250      2.6000     -0.0000
    0.7500      2.6000      0.0000
    0.7750      2.6000     -0.0000
    0.8000      2.6000      0.0000
    0.8250      2.6000     -0.0000
    0.8500      2.6000      0.0000
    0.8750      2.6000     -0.0028
    0.9000      2.6000     -0.0050
    0.9250      2.6000     -0.0037
    0.9500      2.6000     -0.0025
    0.9750      2.6000     -0.0013
    1.0000      2.6000      0.0000

    0.0000      2.7000      0.0000
    0.0250      2.7000      0.0000
    0.0500      2.7000     -0.0000
    0.0750      2.7000      0.0000
    0.1000      2.7000     -0.0000
    0.1250      2.7000      0.0000
    0.1500      2.7000     -0.0000
    0.1750      2.7000      0.0000
    0.2000      2.7000     -0.0028
    0.2250      2.7000     -0.0050
    0.2500      2.7000     -0.0066
    0.2750      2.7000     -0.0075
    0.3000      2.7000     -0.0078
    0.3250      2.7000     -0.0075
    0.3500      2.7000     -0.0066
    0.3750      2.7000     -0.0050
    0.4000      2.7000     -0.0028
    0.4250      2.7000      0.0000
    0.4500      2.7000     -0.0000
    0.4750      2.7000      0.0000
    0.5000      2.7000     -0.0000
    0.5250      2.7000      0.0000
    0.5500      2.7000     -0.0000
    0.5750      2.7000      0.0000
    0.6000      2.7000     -0.0000
    0.6250      2.7000      0.0000
    0.6500      2.7000     -0.0000
    0.6750      2.7000      0.0000
    0.7000      2.7000     -0.0000
    0.7250      2.7000      0.0000
    0.7500      2.7000     -0.0000
    0.7750      2.7000      0.0000
    0.8000      2.7000     -0.0000
    0.8250      2.7000      0.0000
    0.8500      2.7000     -0.0028
    0.8750      2.7000     -0.0050
    0.9000      2.7000     -0.0066
    0.9250      2.7000     -0.0075
    0.9500      2.7000     -0.0050
    0.9750      2.7000     -0.0025
    1.0000      2.7000      0.0000

    0.0000      2.8000      0.0000
    0.0250      2.8000     -0.0000
    0.0500      2.8000      0.0000
    0.0750      2.8000     -0.0000
    0.1000      2.8000      0.0000
    0.1250      2.8000     -0.0000
    0.1500      2.8000      0.0000
    0.1750      2.8000     -0.0000
    0.2000      2.8000      0.0000
    0.2250      2.8000     -0.0028
    0.2500      2.8000     -0.0050
    0.2750      2.8000     -0.0066
    0.3000      2.8000     -0.0075
    0.3250      2.8000     -0.0078
    0.3500      2.8000     -0.0075
    0.3750      2.8000     -0.0066
    0.4000      2.8000     -0.0050
    0.4250      2.8000     -0.0028
    0.4500      2.8000      0.0000
    0.4750      2.8000     -0.0000
    0.5000      2.8000      0.0000
    0.5250      2.8000     -0.0000
    0.5500      2.8000      0.0000
    0.5750      2.8000     -0.0000
    0.6000      2.8000      0.0000
    0.6250      2.8000     -0.0000
    0.6500      2.8000      0.0000
    0.6750      2.8000     -0.0000
    0.7000      2.8000      0.0000
    0.7250      2.8000     -0.0000
    0.7500      2.8000      0.0000
    0.7750      2.8000     -0.0000
    0.8000      2.8000      0.0000
    0.8250      2.8000     -0.0028
    0.8500      2.8000     -0.0050
    0.8750      2.8000     -0.0066
    0.9000      2.8000     -0.0075
    0.9250      2.8000     -0.0078
    0.9500      2.8000     -0.0075
    0.9750      2.8000     -0.0037
    1.0000      2.8000      0.0000

    0.0000      2.9000      0.0000
    0.0250      2.9000      0.0000
    0.0500      2.9000     -0.0000
    0.0750      2.9000      0.0000
    0.1000      2.9000     -0.0000
    0.1250      2.9000      0.0000
    0.1500      2.9000     -0.0000
    0.1750      2.9000      0.0000
    0.2000      2.9000     -0.0000
    0.2250      2.9000      0.0000
    0.2500      2.9000     -0.0028
    0.2750      2.9000     -0.0050
    0.3000      2.9000     -0.0066
    0.3250      2.9000     -0.0075
    0.3500      2.9000     -0.0078
    0.3750      2.9000     -0.0075
    0.4000      2.9000     -0.0066
    0.4250      2.9000     -0.0050
    0.4500      2.9000     -0.0028
    0.4750      2.9000      0.0000
    0.5000      2.9000     -0.0000
    0.5250      2.9000      0.0000
    0.5500      2.9000     -0.0000
    0.5750      2.9000      0.0000
    0.6000      2.9000     -0.0000
    0.6250      2.9000      0.0000
    0.6500      2.9000     -0.0000
    0.6750      2.9000      0.0000
    0.7000      2.9000     -0.0000
    0.7250      2.9000      0.0000
    0.7500      2.9000     -0.0000
    0.7750      2.9000      0.0000
    0.8000      2.9000     -0.0028
    0.8250      2.9000     -0.0050
    0.8500      2.9000     -0.0066
    0.8750      2.9000     -0.0075
    0.9000      2.9000     -0.0078
    0.9250      2.9000     -0.0075
    0.9500      2.9000     -0.0066
    0.9750      2.9000     -0.0050
    1.0000      2.9000      0.0000

    0.0000      3.0000      0.0000
    0.0250      3.0000      0.0000
    0.0500      3.0000      0.0000
    0.0750      3.0000     -0.0000
    0.1000      3.0000      0.0000
    0.1250      3.0000     -0.0000
    0.1500      3.0000      0.0000
    0.1750      3.0000     -0.0000
    0.2000      3.0000      0.0000
    0.2250      3.0000     -0.0000
    0.2500      3.0000      0.0000
    0.2750      3.0000     -0.0028
    0.3000      3.0000     -0.0050
    0.3250      3.0000     -0.0066
    0.3500      3.0000     -0.0075
    0.3750      3.0000     -0.0078
    0.4000      3.0000     -0.0075
    0.4250      3.0000     -0.0066
    0.4500      3.0000     -0.0050
    0.4750      3.0000     -0.0028
    0.5000      3.0000      0.0000
    0.5250      3.0000     -0.0000
    0.5500      3.0000      0.0000
    0.5750      3.0000     -0.0000
    0.6000      3.0000      0.0000
    0.6250      3.0000     -0.0000
    0.6500      3.0000      0.0000
    0.6750      3.0000     -0.0000
    0.7000      3.0000      0.0000
    0.7250      3.0000     -0.0000
    0.7500      3.0000      0.0000
    0.7750      3.0000     -0.0028
    0.8000      3.0000     -0.0050
    0.8250      3.0000     -0.0066
    0.8500      3.0000     -0.0075
    0.8750      3.0000     -0.0078
    0.9000      3.0000     -0.0075
    0.9250      3.0000     -0.0066
    0.9500      3.0000     -0.0050
    0.9750      3.0000     -0.0028
    1.0000      3.0000      0.0000

