    0.0000000000000000e+00
    0.0000000000000000e+00
    0.0000000000000000e+00
    0.0000000000000000e+00
    0.0000000000000000e+00
    0.0000000000000000e+00
    0.0000000000000000e+00
    0.0000000000000000e+00
    0.0000000000000000e+00
    0.0000000000000000e+00
    9.3596546884248163e-02
    1.7277274026036135e-01
    2.2596205287924123e-01
    2.4433755248456715e-01
    2.2596205287924126e-01
    1.7277274026036135e-01
    9.3596546884248191e-02
    2.9882573435859314e-17
    0.0000000000000000e+00
    1.7277274026036130e-01
    3.1824442500492733e-01
    4.1711029274492845e-01
    4.5006558199159558e-01
    4.1711029274492845e-01
    3.1824442500492733e-01
    1.7277274026036138e-01
    5.5215795952311781e-17
    0.0000000000000000e+00
    2.2596205287924120e-01
    4.1711029274492845e-01
    5.4552065264273064e-01
    5.8988303300528977e-01
    5.4552065264273053e-01
    4.1711029274492845e-01
    2.2596205287924126e-01
    7.2142914067461521e-17
    0.0000000000000000e+00
    2.4433755248456709e-01
    4.5006558199159558e-01
    5.8988303300528988e-01
    6.3648885000985467e-01
    5.8988303300528977e-01
    4.5006558199159558e-01
    2.4433755248456715e-01
    7.8086927492984785e-17
    0.0000000000000000e+00
    2.2596205287924120e-01
    4.1711029274492850e-01
    5.4552065264273075e-01
    5.8988303300528988e-01
    5.4552065264273064e-01
    4.1711029274492845e-01
    2.2596205287924129e-01
    7.2142914067461521e-17
    0.0000000000000000e+00
    1.7277274026036135e-01
    3.1824442500492739e-01
    4.1711029274492856e-01
    4.5006558199159569e-01
    4.1711029274492856e-01
    3.1824442500492744e-01
    1.7277274026036141e-01
    5.5215795952311800e-17
    0.0000000000000000e+00
    9.3596546884248205e-02
    1.7277274026036143e-01
    2.2596205287924129e-01
    2.4433755248456726e-01
    2.2596205287924140e-01
    1.7277274026036146e-01
    9.3596546884248247e-02
    2.9882573435859320e-17
    0.0000000000000000e+00
    2.9882573435859314e-17
    5.5215795952311781e-17
    7.2142914067461521e-17
    7.8086927492984785e-17
    7.2142914067461521e-17
    5.5215795952311800e-17
    2.9882573435859320e-17
    9.5628905809535262e-33
