    0.0000000000000000e+00
    0.0000000000000000e+00
    0.0000000000000000e+00
    0.0000000000000000e+00
    0.0000000000000000e+00
    0.0000000000000000e+00
    0.0000000000000000e+00
    0.0000000000000000e+00
    0.0000000000000000e+00
    0.0000000000000000e+00
    1.1431174964706206e-01
    2.1101157000417589e-01
    2.7597297633653511e-01
    2.9841542411754524e-01
    2.7597297633653506e-01
    2.1101157000417586e-01
    1.1431174964706207e-01
    3.6498657615482392e-17
    0.0000000000000000e+00
    2.1101157000417581e-01
    3.8867969370728700e-01
    5.0942699412172110e-01
    5.4967609425986586e-01
    5.0942699412172110e-01
    3.8867969370728700e-01
    2.1101157000417584e-01
    6.7440725470162761e-17
    0.0000000000000000e+00
    2.7597297633653506e-01
    5.0942699412172121e-01
    6.6625770232013226e-01
    7.2043856412589702e-01
    6.6625770232013215e-01
    5.0942699412172110e-01
    2.7597297633653506e-01
    8.8115554223709620e-17
    0.0000000000000000e+00
    2.9841542411754524e-01
    5.4967609425986597e-01
    7.2043856412589702e-01
    7.7735938741457400e-01
    7.2043856412589680e-01
    5.4967609425986574e-01
    2.9841542411754524e-01
    9.5375588616184811e-17
    0.0000000000000000e+00
    2.7597297633653511e-01
    5.0942699412172121e-01
    6.6625770232013215e-01
    7.2043856412589702e-01
    6.6625770232013215e-01
    5.0942699412172110e-01
    2.7597297633653511e-01
    8.8115554223709620e-17
    0.0000000000000000e+00
    2.1101157000417584e-01
    3.8867969370728700e-01
    5.0942699412172110e-01
    5.4967609425986586e-01
    5.0942699412172121e-01
    3.8867969370728711e-01
    2.1101157000417589e-01
    6.7440725470162773e-17
    0.0000000000000000e+00
    1.1431174964706209e-01
    2.1101157000417592e-01
    2.7597297633653511e-01
    2.9841542411754535e-01
    2.7597297633653517e-01
    2.1101157000417595e-01
    1.1431174964706212e-01
    3.6498657615482398e-17
    0.0000000000000000e+00
    3.6498657615482392e-17
    6.7440725470162761e-17
    8.8115554223709620e-17
    9.5375588616184811e-17
    8.8115554223709620e-17
    6.7440725470162773e-17
    3.6498657615482398e-17
    1.1680140931560548e-32
