    0.0000000000000000e+00
    0.0000000000000000e+00
    0.0000000000000000e+00
    0.0000000000000000e+00
    0.0000000000000000e+00
    0.0000000000000000e+00
    0.0000000000000000e+00
    0.0000000000000000e+00
    0.0000000000000000e+00
    0.0000000000000000e+00
    9.8394866806195289e-02
    1.8163010640759567e-01
    2.3754622191141092e-01
    2.5686375981689019e-01
    2.3754622191141092e-01
    1.8163010640759569e-01
    9.8394866806195316e-02
    3.1414685738452875e-17
    0.0000000000000000e+00
    1.8163010640759564e-01
    3.3455954156982554e-01
    4.3849386622448577e-01
    4.7313864110937265e-01
    4.3849386622448583e-01
    3.3455954156982565e-01
    1.8163010640759569e-01
    5.8046770348061644e-17
    0.0000000000000000e+00
    2.3754622191141092e-01
    4.3849386622448583e-01
    5.7348731062901714e-01
    6.2012397263208163e-01
    5.7348731062901726e-01
    4.3849386622448588e-01
    2.3754622191141098e-01
    7.5841760367461573e-17
    0.0000000000000000e+00
    2.5686375981689014e-01
    4.7313864110937259e-01
    6.2012397263208141e-01
    6.6911908313965129e-01
    6.2012397263208141e-01
    4.7313864110937270e-01
    2.5686375981689019e-01
    8.2090529878185218e-17
    0.0000000000000000e+00
    2.3754622191141092e-01
    4.3849386622448583e-01
    5.7348731062901726e-01
    6.2012397263208163e-01
    5.7348731062901726e-01
    4.3849386622448588e-01
    2.3754622191141100e-01
    7.5841760367461573e-17
    0.0000000000000000e+00
    1.8163010640759567e-01
    3.3455954156982565e-01
    4.3849386622448588e-01
    4.7313864110937276e-01
    4.3849386622448594e-01
    3.3455954156982570e-01
    1.8163010640759572e-01
    5.8046770348061656e-17
    0.0000000000000000e+00
    9.8394866806195316e-02
    1.8163010640759575e-01
    2.3754622191141103e-01
    2.5686375981689030e-01
    2.3754622191141109e-01
    1.8163010640759575e-01
    9.8394866806195344e-02
    3.1414685738452881e-17
    0.0000000000000000e+00
    3.1414685738452875e-17
    5.8046770348061644e-17
    7.5841760367461573e-17
    8.2090529878185218e-17
    7.5841760367461573e-17
    5.8046770348061656e-17
    3.1414685738452881e-17
    1.0053190465562968e-32
