    0.0000000000000000e+00
    0.0000000000000000e+00
    0.0000000000000000e+00
    0.0000000000000000e+00
    0.0000000000000000e+00
    0.0000000000000000e+00
    0.0000000000000000e+00
    0.0000000000000000e+00
    0.0000000000000000e+00
    0.0000000000000000e+00
    1.4644660940672624e-01
    2.7059805007309845e-01
    3.5355339059327379e-01
    3.8268343236508978e-01
    3.5355339059327379e-01
    2.7059805007309851e-01
    1.4644660940672630e-01
    4.6865204053262986e-17
    0.0000000000000000e+00
    2.7059805007309845e-01
    4.9999999999999989e-01
    6.5328148243818818e-01
    7.0710678118654746e-01
    6.5328148243818818e-01
    5.0000000000000000e-01
    2.7059805007309856e-01
    8.6595605623549316e-17
    0.0000000000000000e+00
    3.5355339059327379e-01
    6.5328148243818818e-01
    8.5355339059327373e-01
    9.2387953251128674e-01
    8.5355339059327373e-01
    6.5328148243818829e-01
    3.5355339059327384e-01
    1.1314261122877003e-16
    0.0000000000000000e+00
    3.8268343236508978e-01
    7.0710678118654746e-01
    9.2387953251128674e-01
    1.0000000000000000e+00
    9.2387953251128674e-01
    7.0710678118654757e-01
    3.8268343236508989e-01
    1.2246467991473532e-16
    0.0000000000000000e+00
    3.5355339059327379e-01
    6.5328148243818818e-01
    8.5355339059327373e-01
    9.2387953251128674e-01
    8.5355339059327373e-01
    6.5328148243818829e-01
    3.5355339059327384e-01
    1.1314261122877003e-16
    0.0000000000000000e+00
    2.7059805007309851e-01
    5.0000000000000000e-01
    6.5328148243818829e-01
    7.0710678118654757e-01
    6.5328148243818829e-01
    5.0000000000000011e-01
    2.7059805007309862e-01
    8.6595605623549341e-17
    0.0000000000000000e+00
    1.4644660940672630e-01
    2.7059805007309856e-01
    3.5355339059327384e-01
    3.8268343236508989e-01
    3.5355339059327384e-01
    2.7059805007309862e-01
    1.4644660940672632e-01
    4.6865204053262998e-17
    0.0000000000000000e+00
    4.6865204053262986e-17
    8.6595605623549316e-17
    1.1314261122877003e-16
    1.2246467991473532e-16
    1.1314261122877003e-16
    8.6595605623549341e-17
    4.6865204053262998e-17
    1.4997597826618576e-32
