    0.0000000000000000e+00
    0.0000000000000000e+00
    0.0000000000000000e+00
    0.0000000000000000e+00
    0.0000000000000000e+00
    0.0000000000000000e+00
    0.0000000000000000e+00
    0.0000000000000000e+00
    0.0000000000000000e+00
    0.0000000000000000e+00
    1.2631140471944777e-01
    2.3316213889475998e-01
    3.0494270635608789e-01
    3.2974105905688894e-01
    3.0494270635608778e-01
    2.3316213889475995e-01
    1.2631140471944777e-01
    4.0337254945431404e-17
    0.0000000000000000e+00
    2.3316213889475995e-01
    4.2948066178531241e-01
    5.6290319795164889e-01
    6.0737737667376124e-01
    5.6290319795164889e-01
    4.2948066178531241e-01
    2.3316213889476001e-01
    7.4533528483547493e-17
    0.0000000000000000e+00
    3.0494270635608778e-01
    5.6290319795164889e-01
    7.3619681743162346e-01
    7.9606533684640879e-01
    7.3619681743162335e-01
    5.6290319795164889e-01
    3.0494270635608783e-01
    9.7382747958161677e-17
    0.0000000000000000e+00
    3.2974105905688889e-01
    6.0737737667376113e-01
    7.9606533684640890e-01
    8.5896132357062482e-01
    7.9606533684640890e-01
    6.0737737667376113e-01
    3.2974105905688894e-01
    1.0540632683295426e-16
    0.0000000000000000e+00
    3.0494270635608778e-01
    5.6290319795164889e-01
    7.3619681743162346e-01
    7.9606533684640890e-01
    7.3619681743162346e-01
    5.6290319795164889e-01
    3.0494270635608783e-01
    9.7382747958161677e-17
    0.0000000000000000e+00
    2.3316213889475998e-01
    4.2948066178531252e-01
    5.6290319795164900e-01
    6.0737737667376124e-01
    5.6290319795164900e-01
    4.2948066178531258e-01
    2.3316213889476003e-01
    7.4533528483547506e-17
    0.0000000000000000e+00
    1.2631140471944780e-01
    2.3316213889476006e-01
    3.0494270635608789e-01
    3.2974105905688905e-01
    3.0494270635608789e-01
    2.3316213889476009e-01
    1.2631140471944782e-01
    4.0337254945431410e-17
    0.0000000000000000e+00
    4.0337254945431404e-17
    7.4533528483547493e-17
    9.7382747958161677e-17
    1.0540632683295426e-16
    9.7382747958161677e-17
    7.4533528483547506e-17
    4.0337254945431410e-17
    1.2908552076585720e-32
