    0.0000000000000000e+00
    0.0000000000000000e+00
    0.0000000000000000e+00
    0.0000000000000000e+00
    0.0000000000000000e+00
    0.0000000000000000e+00
    0.0000000000000000e+00
    0.0000000000000000e+00
    0.0000000000000000e+00
    0.0000000000000000e+00
    8.9032018132565865e-02
    1.6434693643809192e-01
    2.1494230566108791e-01
    2.3242166644521867e-01
    2.1494230566108793e-01
    1.6434693643809198e-01
    8.9032018132565907e-02
    2.8425183131992782e-17
    0.0000000000000000e+00
    1.6434693643809187e-01
    3.0272423884256394e-01
    3.9676860288331056e-01
    4.2811672423022623e-01
    3.9676860288331056e-01
    3.0272423884256405e-01
    1.6434693643809195e-01
    5.2522889807066395e-17
    0.0000000000000000e+00
    2.1494230566108782e-01
    3.9676860288331056e-01
    5.1891662945474171e-01
    5.6111553932140257e-01
    5.1891662945474171e-01
    3.9676860288331056e-01
    2.1494230566108793e-01
    6.8624462630195888e-17
    0.0000000000000000e+00
    2.3242166644521856e-01
    4.2811672423022606e-01
    5.6111553932140246e-01
    6.0544847768512811e-01
    5.6111553932140257e-01
    4.2811672423022606e-01
    2.3242166644521864e-01
    7.4278583100180900e-17
    0.0000000000000000e+00
    2.1494230566108785e-01
    3.9676860288331056e-01
    5.1891662945474171e-01
    5.6111553932140257e-01
    5.1891662945474171e-01
    3.9676860288331062e-01
    2.1494230566108793e-01
    6.8624462630195888e-17
    0.0000000000000000e+00
    1.6434693643809192e-01
    3.0272423884256405e-01
    3.9676860288331062e-01
    4.2811672423022618e-01
    3.9676860288331062e-01
    3.0272423884256411e-01
    1.6434693643809201e-01
    5.2522889807066413e-17
    0.0000000000000000e+00
    8.9032018132565893e-02
    1.6434693643809198e-01
    2.1494230566108796e-01
    2.3242166644521872e-01
    2.1494230566108799e-01
    1.6434693643809201e-01
    8.9032018132565949e-02
    2.8425183131992788e-17
    0.0000000000000000e+00
    2.8425183131992782e-17
    5.2522889807066395e-17
    6.8624462630195888e-17
    7.4278583100180900e-17
    6.8624462630195888e-17
    5.2522889807066413e-17
    2.8425183131992788e-17
    9.0965029038837215e-33
