     0.00000         0.00000    
    0.750000         0.00000    
     1.00000         0.00000    
    0.750000         0.00000    
     0.00000         0.00000    
     0.00000         0.00000    
     0.00000         0.00000    
     0.00000         0.00000    
     0.00000         0.00000    
     0.00000         0.00000    
     0.00000         0.00000    
     0.00000         0.00000    
     0.00000         0.00000    
     0.00000         0.00000    
     0.00000         0.00000    
     0.00000         0.00000    
     0.00000         0.00000    
     0.00000         0.00000    
    0.685149        0.738845E-01
    0.900505        0.201992    
    0.651661        0.388040    
    0.195915        0.375210    
    0.449526E-01    0.179551    
    0.139326E-01    0.107758    
    0.520987E-02    0.932506E-01
    0.102221E-01    0.740343E-01
    0.541802E-02    0.591491E-01
    0.860720E-02    0.473164E-01
    0.212815E-02    0.344536E-01
    0.882053E-02    0.226781E-01
    0.225832E-02    0.125531E-01
    0.379096E-02    0.393253E-02
    0.726783E-03    0.726783E-03
     0.00000         0.00000    
     0.00000         0.00000    
    0.538975        0.967340E-01
    0.723968        0.253838    
    0.624808        0.397535    
    0.342968        0.418775    
    0.137497        0.297968    
    0.654373E-01    0.217380    
    0.419964E-01    0.183086    
    0.341157E-01    0.144464    
    0.297473E-01    0.113604    
    0.269295E-01    0.875598E-01
    0.245732E-01    0.665315E-01
    0.244092E-01    0.441542E-01
    0.186185E-01    0.269493E-01
    0.118529E-01    0.110499E-01
    0.519184E-02    0.372958E-02
     0.00000         0.00000    
     0.00000         0.00000    
    0.385804        0.789250E-01
    0.547562        0.209132    
    0.508540        0.340416    
    0.356297        0.382915    
    0.222665        0.330900    
    0.144337        0.277314    
    0.958933E-01    0.233621    
    0.708689E-01    0.192664    
    0.546870E-01    0.149951    
    0.541574E-01    0.116681    
    0.451688E-01    0.856624E-01
    0.497002E-01    0.586496E-01
    0.351992E-01    0.337088E-01
    0.241306E-01    0.140022E-01
    0.129873E-01    0.533392E-02
     0.00000         0.00000    
     0.00000         0.00000    
    0.282909        0.513650E-01
    0.416814        0.156748    
    0.431162        0.262078    
    0.353049        0.317998    
    0.256855        0.319119    
    0.188721        0.292705    
    0.140741        0.253512    
    0.109584        0.215041    
    0.929469E-01    0.174195    
    0.866613E-01    0.137194    
    0.792939E-01    0.102507    
    0.751567E-01    0.707732E-01
    0.586085E-01    0.411303E-01
    0.402841E-01    0.177012E-01
    0.200810E-01    0.299484E-02
     0.00000         0.00000    
     0.00000         0.00000    
    0.198453        0.342843E-01
    0.318010        0.111221    
    0.351741        0.200917    
    0.322361        0.258670    
    0.265222        0.282252    
    0.211034        0.277905    
    0.169650        0.251951    
    0.144767        0.223177    
    0.128338        0.186710    
    0.126521        0.151436    
    0.115009        0.114413    
    0.111324        0.820917E-01
    0.872653E-01    0.494726E-01
    0.606670E-01    0.212892E-01
    0.337872E-01    0.103631E-01
     0.00000         0.00000    
     0.00000         0.00000    
    0.143101        0.244923E-01
    0.239778        0.823683E-01
    0.284351        0.152663    
    0.281608        0.206927    
    0.253695        0.238013    
    0.219141        0.248528    
    0.190799        0.236879    
    0.172796        0.219332    
    0.162935        0.190358    
    0.160071        0.159574    
    0.153165        0.121596    
    0.142470        0.891858E-01
    0.117215        0.520632E-01
    0.835289E-01    0.234286E-01
    0.438442E-01    0.259219E-02
     0.00000         0.00000    
     0.00000         0.00000    
    0.104322        0.177901E-01
    0.182323        0.613802E-01
    0.224813        0.118227    
    0.236067        0.167302    
    0.227929        0.202234    
    0.212266        0.221131    
    0.198745        0.223042    
    0.192442        0.215501    
    0.189352        0.196743    
    0.192934        0.171977    
    0.187674        0.138000    
    0.179394        0.104483    
    0.150981        0.670331E-01
    0.110020        0.299462E-01
    0.608250E-01    0.139644E-01
     0.00000         0.00000    
     0.00000         0.00000    
    0.747917E-01    0.131776E-01
    0.135383        0.469306E-01
    0.176037        0.907420E-01
    0.194628        0.134566    
    0.199995        0.168851    
    0.198352        0.194415    
    0.197847        0.204507    
    0.201429        0.208532    
    0.210254        0.196261    
    0.219441        0.180859    
    0.224471        0.148095    
    0.215998        0.116928    
    0.189676        0.732064E-01
    0.141885        0.355324E-01
    0.776461E-01    0.595739E-02
     0.00000         0.00000    
     0.00000         0.00000    
    0.525285E-01    0.101542E-01
    0.990167E-01    0.368464E-01
    0.133811        0.732952E-01
    0.155586        0.111647    
    0.168220        0.146933    
    0.176173        0.175828    
    0.185479        0.196299    
    0.198292        0.209468    
    0.216632        0.211204    
    0.237571        0.203229    
    0.253122        0.179358    
    0.254736        0.144629    
    0.231735        0.100305    
    0.180394        0.484012E-01
    0.102059        0.192103E-01
     0.00000         0.00000    
     0.00000         0.00000    
    0.354396E-01    0.721543E-02
    0.696799E-01    0.284832E-01
    0.988675E-01    0.571632E-01
    0.119861        0.910961E-01
    0.136017        0.123267    
    0.149704        0.156661    
    0.167753        0.180908    
    0.187605        0.205960    
    0.217247        0.216082    
    0.250133        0.222897    
    0.284196        0.203622    
    0.297340        0.172936    
    0.285002        0.119778    
    0.228789        0.632997E-01
    0.134051        0.164241E-01
     0.00000         0.00000    
     0.00000         0.00000    
    0.222016E-01    0.591326E-02
    0.465902E-01    0.228479E-01
    0.688555E-01    0.471558E-01
    0.871711E-01    0.757579E-01
    0.102186        0.107940    
    0.116897        0.143368    
    0.136944        0.175899    
    0.161423        0.206240    
    0.197172        0.233593    
    0.244344        0.255011    
    0.301180        0.249761    
    0.339478        0.217015    
    0.341267        0.161950    
    0.289238        0.857739E-01
    0.176143        0.300290E-01
     0.00000         0.00000    
     0.00000         0.00000    
    0.124203E-01    0.378963E-02
    0.282543E-01    0.164660E-01
    0.443195E-01    0.345112E-01
    0.582202E-01    0.584744E-01
    0.719669E-01    0.852651E-01
    0.850948E-01    0.122079    
    0.105191        0.154780    
    0.126329        0.191183    
    0.163716        0.228885    
    0.227451        0.277258    
    0.319892        0.285473    
    0.390653        0.261826    
    0.422594        0.196785    
    0.370041        0.113446    
    0.239147        0.361279E-01
     0.00000         0.00000    
     0.00000         0.00000    
    0.540636E-02    0.284336E-02
    0.149093E-01    0.114183E-01
    0.243922E-01    0.254177E-01
    0.335817E-01    0.440007E-01
    0.420117E-01    0.680690E-01
    0.513674E-01    0.101879    
    0.646038E-01    0.134581    
    0.823595E-01    0.162406    
    0.112356        0.214604    
    0.177469        0.299010    
    0.301393        0.336076    
    0.430620        0.310900    
    0.500517        0.243001    
    0.460764        0.137914    
    0.307346        0.482406E-01
     0.00000         0.00000    
     0.00000         0.00000    
    0.146136E-02    0.117765E-02
    0.600620E-02    0.571812E-02
    0.112690E-01    0.138287E-01
    0.163047E-01    0.268053E-01
    0.225993E-01    0.430801E-01
    0.262987E-01    0.699019E-01
    0.311761E-01    0.938286E-01
    0.346558E-01    0.109749    
    0.561587E-01    0.159336    
    0.125158        0.270507    
    0.280300        0.334825    
    0.467672        0.335145    
    0.614393        0.254658    
    0.587030        0.139929    
    0.385201        0.446893E-01
     0.00000         0.00000    
     0.00000         0.00000    
    0.607754E-04    0.607754E-04
    0.151866E-02    0.154751E-02
    0.247891E-02    0.555163E-02
    0.409538E-02    0.130301E-01
    0.590445E-02    0.219122E-01
    0.776699E-02    0.355761E-01
    0.503938E-02    0.484432E-01
    0.371975E-02    0.465735E-01
    0.141861E-02    0.825195E-01
    0.439915E-01    0.198887    
    0.195307        0.271073    
    0.526882        0.273118    
    0.710326        0.215850    
    0.683601        0.946737E-01
    0.455313        0.184883E-01
     0.00000         0.00000    
     0.00000         0.00000    
     0.00000         0.00000    
     0.00000         0.00000    
     0.00000         0.00000    
     0.00000         0.00000    
     0.00000         0.00000    
     0.00000         0.00000    
     0.00000         0.00000    
     0.00000         0.00000    
     0.00000         0.00000    
     0.00000         0.00000    
     0.00000         0.00000    
    0.693884         0.00000    
    0.832922         0.00000    
    0.693764         0.00000    
    0.469670         0.00000    
     0.00000         0.00000    
