             2            11            13            14
             2            11            10            13
             2            13             5            14
             2             4             5            13
             2            13            10             1
             2             4            13             1
            20            13            11            14
            20            10            13            19
            20            23            13            14
            20            10            11            13
            20            23            22            13
            20            13            22            19
            16             5            13            14
            16             4             5             7
            16            17             5            14
            16             5             4            13
            16            17             8             5
            16             5             8             7
            16            13            23            14
            16            26            17            23
            16            23            22            25
            16            23            17            14
            16            22            23            13
            16            26            23            25
            18             5            17            14
            18            15             5            14
            18             9             8             5
            18             8            17             5
            18             6             9             5
            18            15             6             5
            12            11             5            14
            12             5             2             3
            12             5            15            14
            12             2             5            11
            12             6            15             5
            12             6             5             3
            24            17            23            14
            24            15            17            14
            24            26            17            27
            24            17            26            23
            24            17            18            27
            24            15            18            17
            24            23            11            14
            24            11            15            14
            24            20            21            11
            24            23            20            11
            24            21            12            11
            24            12            15            11
