       -0.0000003808843196        0.0000001103901100
       11.7771557026048406        0.0000005031292412
        5.0326078312661533       -5.3324101021781400
        7.6371352911187431        1.2026220303127870
        8.6854530768341807       -4.0550675133338148
        3.6960892440976325       -0.2458556917364080
       -4.9539958127806569        8.4393883269479293
       -1.0477305515633955       -5.7078720825797271
        7.1185817073583424       11.4955752732469048
        2.2577558521744376       10.0468282465243473
        7.2814766466698861        2.0401238709447447
