   -0.8660    0.5000
   -1.2509    0.7222
   -1.6358    0.9444
   -2.0207    1.1667
   -2.4056    1.3889
   -2.7905    1.6111
   -3.1754    1.8333
   -3.5603    2.0556
   -3.9452    2.2778
   -4.3301    2.5000
   -0.7274    0.6862
   -1.1126    1.0496
   -1.4978    1.4131
   -1.8829    1.7765
   -2.2681    2.1399
   -2.6533    2.5033
   -3.0385    2.8667
   -3.4237    3.2301
   -3.8089    3.5935
   -4.1941    3.9569
   -0.5495    0.8355
   -0.8043    1.2229
   -1.0592    1.6104
   -1.3140    1.9978
   -1.5688    2.3853
   -1.8237    2.7727
   -2.0785    3.1602
   -2.3333    3.5476
   -2.5881    3.9351
   -2.8430    4.3225
   -0.3420    0.9397
   -0.4750    1.3051
   -0.6080    1.6706
   -0.7410    2.0360
   -0.8741    2.4014
   -1.0071    2.7669
   -1.1401    3.1323
   -1.2731    3.4977
   -1.4061    3.8632
   -1.5391    4.2286
   -0.1161    0.9932
   -0.1556    1.3310
   -0.1950    1.6687
   -0.2345    2.0064
   -0.2740    2.3442
   -0.3135    2.6819
   -0.3529    3.0196
   -0.3924    3.3574
   -0.4319    3.6951
   -0.4714    4.0329
    0.1161    0.9932
    0.1556    1.3310
    0.1950    1.6687
    0.2345    2.0064
    0.2740    2.3442
    0.3135    2.6819
    0.3529    3.0196
    0.3924    3.3574
    0.4319    3.6951
    0.4714    4.0329
    0.3420    0.9397
    0.4750    1.3051
    0.6080    1.6706
    0.7410    2.0360
    0.8741    2.4014
    1.0071    2.7669
    1.1401    3.1323
    1.2731    3.4977
    1.4061    3.8632
    1.5391    4.2286
    0.5495    0.8355
    0.8043    1.2229
    1.0592    1.6104
    1.3140    1.9978
    1.5688    2.3853
    1.8237    2.7727
    2.0785    3.1602
    2.3333    3.5476
    2.5881    3.9351
    2.8430    4.3225
    0.7274    0.6862
    1.1126    1.0496
    1.4978    1.4131
    1.8829    1.7765
    2.2681    2.1399
    2.6533    2.5033
    3.0385    2.8667
    3.4237    3.2301
    3.8089    3.5935
    4.1941    3.9569
    0.8660    0.5000
    1.2509    0.7222
    1.6358    0.9444
    2.0207    1.1667
    2.4056    1.3889
    2.7905    1.6111
    3.1754    1.8333
    3.5603    2.0556
    3.9452    2.2778
    4.3301    2.5000
