     0.215       0.035  
     0.755       0.595  
     0.405       0.015  
     0.255       0.145  
     0.095       0.635  
     0.125       0.415  
     0.425       0.685  
     0.815       0.045  
     0.945       0.275  
     0.065       0.125  
     0.895       0.885  
     0.165       0.095  
     0.305       0.055  
     0.225       0.365  
     0.865       0.225  
     0.655       0.555  
     0.885       0.565  
     0.845       0.645  
     0.235       0.745  
     0.325       0.315  
     0.625       0.285  
     0.675       0.335  
     0.295       0.655  
     0.055       0.235  
     0.795       0.845  
     0.015       0.705  
     0.075       0.805  
     0.735       0.265  
     0.835       0.785  
     0.745       0.375  
     0.935       0.495  
     0.025       0.455  
     0.035       0.345  
     0.265       0.855  
     0.955       0.065  
     0.155       0.195  
     0.355       0.135  
     0.245       0.245  
     0.615       0.825  
     0.545       0.185  
     0.685       0.675  
     0.395       0.815  
     0.995       0.895  
     0.555       0.025  
     0.435       0.295  
     0.915       0.695  
     0.345       0.215  
     0.905       0.975  
     0.765       0.485  
     0.665       0.445  
     0.585       0.925  
     0.195       0.625  
     0.825       0.325  
     0.415       0.395  
     0.285       0.955  
     0.705       0.875  
     0.135       0.305  
     0.115       0.735  
     0.385       0.915  
     0.715       0.985  
     0.875       0.115  
     0.105       0.005  
     0.605       0.715  
     0.985       0.615  
     0.145       0.525  
     0.045       0.535  
     0.695       0.775  
     0.485       0.075  
     0.185       0.935  
     0.975       0.795  
     0.085       0.905  
     0.445       0.175  
     0.925       0.385  
     0.645       0.205  
     0.505       0.665  
     0.005       0.995  
     0.595       0.405  
     0.565       0.505  
     0.335       0.755  
     0.855       0.435  
     0.575       0.605  
     0.375       0.585  
     0.805       0.945  
     0.275       0.545  
     0.495       0.865  
     0.965       0.165  
     0.315       0.425  
     0.465       0.465  
     0.515       0.765  
     0.535       0.255  
     0.455       0.575  
     0.175       0.835  
     0.525       0.355  
     0.365       0.515  
     0.725       0.085  
     0.785       0.725  
     0.205       0.475  
     0.475       0.965  
     0.635       0.105  
     0.775       0.155  
