#  shape.xy
#  105 points on a hexagonal grid.
#
    0.000000    0.000000
    0.111111    0.000000
    0.222222    0.000000
    0.333333    0.000000
    0.444444    0.000000
    0.555556    0.000000
    0.666667    0.000000
    0.777778    0.000000
    0.888889    0.000000
    1.000000    0.000000
    0.055556    0.096225
    0.166667    0.096225
    0.277778    0.096225
    0.388889    0.096225
    0.500000    0.096225
    0.611111    0.096225
    0.722222    0.096225
    0.833333    0.096225
    0.944444    0.096225
    0.000000    0.192450
    0.111111    0.192450
    0.222222    0.192450
    0.333333    0.192450
    0.444444    0.192450
    0.555556    0.192450
    0.666667    0.192450
    0.777778    0.192450
    0.888889    0.192450
    1.000000    0.192450
    0.055556    0.288675
    0.166667    0.288675
    0.277778    0.288675
    0.388889    0.288675
    0.500000    0.288675
    0.611111    0.288675
    0.722222    0.288675
    0.833333    0.288675
    0.944444    0.288675
    0.000000    0.384900
    0.111111    0.384900
    0.222222    0.384900
    0.333333    0.384900
    0.444444    0.384900
    0.555556    0.384900
    0.666667    0.384900
    0.777778    0.384900
    0.888889    0.384900
    1.000000    0.384900
    0.055556    0.481125
    0.166667    0.481125
    0.277778    0.481125
    0.388889    0.481125
    0.500000    0.481125
    0.611111    0.481125
    0.722222    0.481125
    0.833333    0.481125
    0.944444    0.481125
    0.000000    0.577350
    0.111111    0.577350
    0.222222    0.577350
    0.333333    0.577350
    0.444444    0.577350
    0.555556    0.577350
    0.666667    0.577350
    0.777778    0.577350
    0.888889    0.577350
    1.000000    0.577350
    0.055556    0.673575
    0.166667    0.673575
    0.277778    0.673575
    0.388889    0.673575
    0.500000    0.673575
    0.611111    0.673575
    0.722222    0.673575
    0.833333    0.673575
    0.944444    0.673575
    0.000000    0.769800
    0.111111    0.769800
    0.222222    0.769800
    0.333333    0.769800
    0.444444    0.769800
    0.555556    0.769800
    0.666667    0.769800
    0.777778    0.769800
    0.888889    0.769800
    1.000000    0.769800
    0.055556    0.866025
    0.166667    0.866025
    0.277778    0.866025
    0.388889    0.866025
    0.500000    0.866025
    0.611111    0.866025
    0.722222    0.866025
    0.833333    0.866025
    0.944444    0.866025
    0.000000    0.962250
    0.111111    0.962250
    0.222222    0.962250
    0.333333    0.962250
    0.444444    0.962250
    0.555556    0.962250
    0.666667    0.962250
    0.777778    0.962250
    0.888889    0.962250
    1.000000    0.962250
