                         2
         1.959386474541521
         2.039150872034942
         2.062964165068728
         2.087087536374113
         2.081241000077214
         2.065833561091827
         1.954867990461221
         1.991467160901259
         2.022925443118946
         1.983535003404841
         2.001136110103285
         2.083489545886732
         2.024342290216058
         2.045507305587007
         2.077879412711805
         2.039272301716499
         2.073756097692072
         2.158504950392884
         2.103542855001069
          2.13158051892211
         2.227343628512676
         2.206103084942981
         2.198340026241091
         2.201701882343191
         2.054888751839286
         1.994068580826078
         2.063616902301969
          2.06376476076392
         2.076994743067732
         2.078267916581396
         2.105429171030502
         2.097660531279762
         2.145285744067467
         2.235526096982179
          2.25600435794526
         2.192604951409873
          2.21279336574929
         2.140748151180506
         2.251027068711956
         2.372733596732338
         2.344408444337817
         2.367245391353994
         2.271908257983328
         2.330437082119638
         2.449910311032364
         2.452427572820901
         2.334447344168776
         2.249697053652615
         2.327159450154869
         2.424201851087541
         2.270365746825619
         2.274138118600292
         2.310057629007658
         2.347499507727476
         2.295628999783834
         2.404636392802738
         2.358944686567998
         2.328634716037548
          2.33633176128525
          2.41140439622773
         2.367336532880374
          2.42572513360237
         2.490862856801528
         2.412668775039564
         2.508807816962023
         2.526464931790743
         2.547396308985232
         2.492304999495278
         2.421983720949389
         2.345461701515284
         2.283209685891789
         2.241199411649413
         2.323588944935278
         2.273509527344872
         2.332723345921002
         2.395460569833596
         2.411572168708885
         2.469629457238283
         2.543523510184894
         2.581320097800225
          2.49450513667665
         2.537687517428489
         2.601857109630449
         2.650524032471123
         2.736388970457364
         2.776742160182379
         2.709007095569412
         2.652436043308819
         2.754938504269461
         2.823868235659086
         2.848876751395016
         2.816216924934356
         2.815788109239868
         2.791642456632304
         2.595182619755678
         2.505087881162424
         2.524232641349871
         2.525960411225458
         2.572302070543739
         2.496335177123882
