      0.0000      0.0000      0.0000     -0.0000
      0.0500      0.0000      0.0000     -0.0000
      0.1000      0.0000      0.0000     -0.0000
      0.1500      0.0000      0.0000     -0.0000
      0.2000      0.0000      0.0000     -0.0000
      0.2500      0.0000      0.0000     -0.0000
      0.3000      0.0000      0.0000     -0.0000
      0.3500      0.0000      0.0000     -0.0000
      0.4000      0.0000      0.0000     -0.0000
      0.4500      0.0000      0.0000     -0.0000
      0.5000      0.0000      0.0000      0.0000
      0.5500      0.0000      0.0000      0.0000
      0.6000      0.0000      0.0000      0.0000
      0.6500      0.0000      0.0000      0.0000
      0.7000      0.0000      0.0000      0.0000
      0.7500      0.0000      0.0000      0.0000
      0.8000      0.0000      0.0000      0.0000
      0.8500      0.0000      0.0000      0.0000
      0.9000      0.0000      0.0000      0.0000
      0.9500      0.0000      0.0000      0.0000
      1.0000      0.0000      0.0000     -0.0000
      0.0000      0.0500      0.0000     -0.0000
      0.0500      0.0500      0.0023     -0.0023
      0.1000      0.0500      0.0083     -0.0039
      0.1500      0.0500      0.0165     -0.0047
      0.2000      0.0500      0.0257     -0.0049
      0.2500      0.0500      0.0346     -0.0045
      0.3000      0.0500      0.0424     -0.0037
      0.3500      0.0500      0.0485     -0.0026
      0.4000      0.0500      0.0523     -0.0014
      0.4500      0.0500      0.0536     -0.0001
      0.5000      0.0500      0.0525      0.0012
      0.5500      0.0500      0.0492      0.0023
      0.6000      0.0500      0.0440      0.0032
      0.6500      0.0500      0.0374      0.0037
      0.7000      0.0500      0.0300      0.0040
      0.7500      0.0500      0.0224      0.0040
      0.8000      0.0500      0.0152      0.0036
      0.8500      0.0500      0.0089      0.0030
      0.9000      0.0500      0.0041      0.0021
      0.9500      0.0500      0.0010      0.0011
      1.0000      0.0500      0.0000     -0.0000
      0.0000      0.1000      0.0000     -0.0000
      0.0500      0.1000      0.0039     -0.0083
      0.1000      0.1000      0.0138     -0.0138
      0.1500      0.1000      0.0275     -0.0168
      0.2000      0.1000      0.0427     -0.0174
      0.2500      0.1000      0.0575     -0.0161
      0.3000      0.1000      0.0705     -0.0132
      0.3500      0.1000      0.0805     -0.0094
      0.4000      0.1000      0.0868     -0.0049
      0.4500      0.1000      0.0891     -0.0002
      0.5000      0.1000      0.0873      0.0043
      0.5500      0.1000      0.0818      0.0082
      0.6000      0.1000      0.0731      0.0113
      0.6500      0.1000      0.0622      0.0134
      0.7000      0.1000      0.0499      0.0143
      0.7500      0.1000      0.0372      0.0142
      0.8000      0.1000      0.0253      0.0129
      0.8500      0.1000      0.0149      0.0106
      0.9000      0.1000      0.0068      0.0075
      0.9500      0.1000      0.0017      0.0039
      1.0000      0.1000      0.0000     -0.0000
      0.0000      0.1500      0.0000     -0.0000
      0.0500      0.1500      0.0047     -0.0165
      0.1000      0.1500      0.0168     -0.0275
      0.1500      0.1500      0.0333     -0.0333
      0.2000      0.1500      0.0517     -0.0345
      0.2500      0.1500      0.0696     -0.0319
      0.3000      0.1500      0.0854     -0.0263
      0.3500      0.1500      0.0975     -0.0186
      0.4000      0.1500      0.1051     -0.0097
      0.4500      0.1500      0.1078     -0.0004
      0.5000      0.1500      0.1056      0.0084
      0.5500      0.1500      0.0990      0.0162
      0.6000      0.1500      0.0885      0.0224
      0.6500      0.1500      0.0753      0.0266
      0.7000      0.1500      0.0604      0.0285
      0.7500      0.1500      0.0451      0.0281
      0.8000      0.1500      0.0306      0.0256
      0.8500      0.1500      0.0180      0.0211
      0.9000      0.1500      0.0082      0.0150
      0.9500      0.1500      0.0021      0.0078
      1.0000      0.1500      0.0000     -0.0000
      0.0000      0.2000      0.0000     -0.0000
      0.0500      0.2000      0.0049     -0.0257
      0.1000      0.2000      0.0174     -0.0427
      0.1500      0.2000      0.0345     -0.0517
      0.2000      0.2000      0.0536     -0.0536
      0.2500      0.2000      0.0722     -0.0495
      0.3000      0.2000      0.0885     -0.0408
      0.3500      0.2000      0.1011     -0.0289
      0.4000      0.2000      0.1090     -0.0151
      0.4500      0.2000      0.1118     -0.0007
      0.5000      0.2000      0.1095      0.0131
      0.5500      0.2000      0.1026      0.0252
      0.6000      0.2000      0.0918      0.0348
      0.6500      0.2000      0.0780      0.0412
      0.7000      0.2000      0.0626      0.0442
      0.7500      0.2000      0.0467      0.0437
      0.8000      0.2000      0.0317      0.0397
      0.8500      0.2000      0.0186      0.0327
      0.9000      0.2000      0.0085      0.0233
      0.9500      0.2000      0.0022      0.0121
      1.0000      0.2000      0.0000     -0.0000
      0.0000      0.2500      0.0000     -0.0000
      0.0500      0.2500      0.0045     -0.0346
      0.1000      0.2500      0.0161     -0.0575
      0.1500      0.2500      0.0319     -0.0696
      0.2000      0.2500      0.0495     -0.0722
      0.2500      0.2500      0.0667     -0.0667
      0.3000      0.2500      0.0818     -0.0551
      0.3500      0.2500      0.0935     -0.0390
      0.4000      0.2500      0.1008     -0.0203
      0.4500      0.2500      0.1034     -0.0009
      0.5000      0.2500      0.1013      0.0177
      0.5500      0.2500      0.0949      0.0340
      0.6000      0.2500      0.0848      0.0469
      0.6500      0.2500      0.0722      0.0556
      0.7000      0.2500      0.0579      0.0596
      0.7500      0.2500      0.0432      0.0589
      0.8000      0.2500      0.0293      0.0535
      0.8500      0.2500      0.0172      0.0441
      0.9000      0.2500      0.0079      0.0313
      0.9500      0.2500      0.0020      0.0163
      1.0000      0.2500      0.0000     -0.0000
      0.0000      0.3000      0.0000     -0.0000
      0.0500      0.3000      0.0037     -0.0424
      0.1000      0.3000      0.0132     -0.0705
      0.1500      0.3000      0.0263     -0.0854
      0.2000      0.3000      0.0408     -0.0885
      0.2500      0.3000      0.0551     -0.0818
      0.3000      0.3000      0.0675     -0.0675
      0.3500      0.3000      0.0771     -0.0478
      0.4000      0.3000      0.0831     -0.0249
      0.4500      0.3000      0.0853     -0.0011
      0.5000      0.3000      0.0835      0.0217
      0.5500      0.3000      0.0782      0.0417
      0.6000      0.3000      0.0700      0.0575
      0.6500      0.3000      0.0595      0.0682
      0.7000      0.3000      0.0477      0.0731
      0.7500      0.3000      0.0357      0.0722
      0.8000      0.3000      0.0242      0.0656
      0.8500      0.3000      0.0142      0.0541
      0.9000      0.3000      0.0065      0.0384
      0.9500      0.3000      0.0017      0.0200
      1.0000      0.3000      0.0000     -0.0000
      0.0000      0.3500      0.0000     -0.0000
      0.0500      0.3500      0.0026     -0.0485
      0.1000      0.3500      0.0094     -0.0805
      0.1500      0.3500      0.0186     -0.0975
      0.2000      0.3500      0.0289     -0.1011
      0.2500      0.3500      0.0390     -0.0935
      0.3000      0.3500      0.0478     -0.0771
      0.3500      0.3500      0.0545     -0.0545
      0.4000      0.3500      0.0588     -0.0284
      0.4500      0.3500      0.0603     -0.0012
      0.5000      0.3500      0.0591      0.0248
      0.5500      0.3500      0.0554      0.0476
      0.6000      0.3500      0.0495      0.0656
      0.6500      0.3500      0.0421      0.0778
      0.7000      0.3500      0.0338      0.0835
      0.7500      0.3500      0.0252      0.0824
      0.8000      0.3500      0.0171      0.0749
      0.8500      0.3500      0.0101      0.0617
      0.9000      0.3500      0.0046      0.0439
      0.9500      0.3500      0.0012      0.0228
      1.0000      0.3500      0.0000     -0.0000
      0.0000      0.4000      0.0000     -0.0000
      0.0500      0.4000      0.0014     -0.0523
      0.1000      0.4000      0.0049     -0.0868
      0.1500      0.4000      0.0097     -0.1051
      0.2000      0.4000      0.0151     -0.1090
      0.2500      0.4000      0.0203     -0.1008
      0.3000      0.4000      0.0249     -0.0831
      0.3500      0.4000      0.0284     -0.0588
      0.4000      0.4000      0.0307     -0.0307
      0.4500      0.4000      0.0314     -0.0013
      0.5000      0.4000      0.0308      0.0267
      0.5500      0.4000      0.0289      0.0513
      0.6000      0.4000      0.0258      0.0708
      0.6500      0.4000      0.0219      0.0839
      0.7000      0.4000      0.0176      0.0900
      0.7500      0.4000      0.0131      0.0889
      0.8000      0.4000      0.0089      0.0808
      0.8500      0.4000      0.0052      0.0666
      0.9000      0.4000      0.0024      0.0473
      0.9500      0.4000      0.0006      0.0246
      1.0000      0.4000      0.0000     -0.0000
      0.0000      0.4500      0.0000     -0.0000
      0.0500      0.4500      0.0001     -0.0536
      0.1000      0.4500      0.0002     -0.0891
      0.1500      0.4500      0.0004     -0.1078
      0.2000      0.4500      0.0007     -0.1118
      0.2500      0.4500      0.0009     -0.1034
      0.3000      0.4500      0.0011     -0.0853
      0.3500      0.4500      0.0012     -0.0603
      0.4000      0.4500      0.0013     -0.0314
      0.4500      0.4500      0.0014     -0.0014
      0.5000      0.4500      0.0013      0.0274
      0.5500      0.4500      0.0013      0.0526
      0.6000      0.4500      0.0011      0.0726
      0.6500      0.4500      0.0010      0.0861
      0.7000      0.4500      0.0008      0.0924
      0.7500      0.4500      0.0006      0.0912
      0.8000      0.4500      0.0004      0.0829
      0.8500      0.4500      0.0002      0.0683
      0.9000      0.4500      0.0001      0.0485
      0.9500      0.4500      0.0000      0.0252
      1.0000      0.4500      0.0000     -0.0000
      0.0000      0.5000     -0.0000     -0.0000
      0.0500      0.5000     -0.0012     -0.0525
      0.1000      0.5000     -0.0043     -0.0873
      0.1500      0.5000     -0.0084     -0.1056
      0.2000      0.5000     -0.0131     -0.1095
      0.2500      0.5000     -0.0177     -0.1013
      0.3000      0.5000     -0.0217     -0.0835
      0.3500      0.5000     -0.0248     -0.0591
      0.4000      0.5000     -0.0267     -0.0308
      0.4500      0.5000     -0.0274     -0.0013
      0.5000      0.5000     -0.0268      0.0268
      0.5500      0.5000     -0.0251      0.0516
      0.6000      0.5000     -0.0225      0.0711
      0.6500      0.5000     -0.0191      0.0844
      0.7000      0.5000     -0.0153      0.0905
      0.7500      0.5000     -0.0114      0.0893
      0.8000      0.5000     -0.0078      0.0812
      0.8500      0.5000     -0.0046      0.0669
      0.9000      0.5000     -0.0021      0.0476
      0.9500      0.5000     -0.0005      0.0247
      1.0000      0.5000     -0.0000     -0.0000
      0.0000      0.5500     -0.0000     -0.0000
      0.0500      0.5500     -0.0023     -0.0492
      0.1000      0.5500     -0.0082     -0.0818
      0.1500      0.5500     -0.0162     -0.0990
      0.2000      0.5500     -0.0252     -0.1026
      0.2500      0.5500     -0.0340     -0.0949
      0.3000      0.5500     -0.0417     -0.0782
      0.3500      0.5500     -0.0476     -0.0554
      0.4000      0.5500     -0.0513     -0.0289
      0.4500      0.5500     -0.0526     -0.0013
      0.5000      0.5500     -0.0516      0.0251
      0.5500      0.5500     -0.0483      0.0483
      0.6000      0.5500     -0.0432      0.0666
      0.6500      0.5500     -0.0367      0.0790
      0.7000      0.5500     -0.0295      0.0848
      0.7500      0.5500     -0.0220      0.0837
      0.8000      0.5500     -0.0149      0.0761
      0.8500      0.5500     -0.0088      0.0627
      0.9000      0.5500     -0.0040      0.0446
      0.9500      0.5500     -0.0010      0.0231
      1.0000      0.5500     -0.0000     -0.0000
      0.0000      0.6000     -0.0000     -0.0000
      0.0500      0.6000     -0.0032     -0.0440
      0.1000      0.6000     -0.0113     -0.0731
      0.1500      0.6000     -0.0224     -0.0885
      0.2000      0.6000     -0.0348     -0.0918
      0.2500      0.6000     -0.0469     -0.0848
      0.3000      0.6000     -0.0575     -0.0700
      0.3500      0.6000     -0.0656     -0.0495
      0.4000      0.6000     -0.0708     -0.0258
      0.4500      0.6000     -0.0726     -0.0011
      0.5000      0.6000     -0.0711      0.0225
      0.5500      0.6000     -0.0666      0.0432
      0.6000      0.6000     -0.0596      0.0596
      0.6500      0.6000     -0.0507      0.0707
      0.7000      0.6000     -0.0407      0.0758
      0.7500      0.6000     -0.0304      0.0748
      0.8000      0.6000     -0.0206      0.0680
      0.8500      0.6000     -0.0121      0.0560
      0.9000      0.6000     -0.0056      0.0398
      0.9500      0.6000     -0.0014      0.0207
      1.0000      0.6000     -0.0000     -0.0000
      0.0000      0.6500     -0.0000     -0.0000
      0.0500      0.6500     -0.0037     -0.0374
      0.1000      0.6500     -0.0134     -0.0622
      0.1500      0.6500     -0.0266     -0.0753
      0.2000      0.6500     -0.0412     -0.0780
      0.2500      0.6500     -0.0556     -0.0722
      0.3000      0.6500     -0.0682     -0.0595
      0.3500      0.6500     -0.0778     -0.0421
      0.4000      0.6500     -0.0839     -0.0219
      0.4500      0.6500     -0.0861     -0.0010
      0.5000      0.6500     -0.0844      0.0191
      0.5500      0.6500     -0.0790      0.0367
      0.6000      0.6500     -0.0707      0.0507
      0.6500      0.6500     -0.0601      0.0601
      0.7000      0.6500     -0.0482      0.0645
      0.7500      0.6500     -0.0360      0.0637
      0.8000      0.6500     -0.0244      0.0579
      0.8500      0.6500     -0.0144      0.0477
      0.9000      0.6500     -0.0066      0.0339
      0.9500      0.6500     -0.0017      0.0176
      1.0000      0.6500     -0.0000     -0.0000
      0.0000      0.7000     -0.0000     -0.0000
      0.0500      0.7000     -0.0040     -0.0300
      0.1000      0.7000     -0.0143     -0.0499
      0.1500      0.7000     -0.0285     -0.0604
      0.2000      0.7000     -0.0442     -0.0626
      0.2500      0.7000     -0.0596     -0.0579
      0.3000      0.7000     -0.0731     -0.0477
      0.3500      0.7000     -0.0835     -0.0338
      0.4000      0.7000     -0.0900     -0.0176
      0.4500      0.7000     -0.0924     -0.0008
      0.5000      0.7000     -0.0905      0.0153
      0.5500      0.7000     -0.0848      0.0295
      0.6000      0.7000     -0.0758      0.0407
      0.6500      0.7000     -0.0645      0.0482
      0.7000      0.7000     -0.0517      0.0517
      0.7500      0.7000     -0.0386      0.0511
      0.8000      0.7000     -0.0262      0.0464
      0.8500      0.7000     -0.0154      0.0382
      0.9000      0.7000     -0.0071      0.0272
      0.9500      0.7000     -0.0018      0.0141
      1.0000      0.7000     -0.0000     -0.0000
      0.0000      0.7500     -0.0000     -0.0000
      0.0500      0.7500     -0.0040     -0.0224
      0.1000      0.7500     -0.0142     -0.0372
      0.1500      0.7500     -0.0281     -0.0451
      0.2000      0.7500     -0.0437     -0.0467
      0.2500      0.7500     -0.0589     -0.0432
      0.3000      0.7500     -0.0722     -0.0357
      0.3500      0.7500     -0.0824     -0.0252
      0.4000      0.7500     -0.0889     -0.0131
      0.4500      0.7500     -0.0912     -0.0006
      0.5000      0.7500     -0.0893      0.0114
      0.5500      0.7500     -0.0837      0.0220
      0.6000      0.7500     -0.0748      0.0304
      0.6500      0.7500     -0.0637      0.0360
      0.7000      0.7500     -0.0511      0.0386
      0.7500      0.7500     -0.0381      0.0381
      0.8000      0.7500     -0.0259      0.0347
      0.8500      0.7500     -0.0152      0.0286
      0.9000      0.7500     -0.0070      0.0203
      0.9500      0.7500     -0.0018      0.0105
      1.0000      0.7500     -0.0000     -0.0000
      0.0000      0.8000     -0.0000     -0.0000
      0.0500      0.8000     -0.0036     -0.0152
      0.1000      0.8000     -0.0129     -0.0253
      0.1500      0.8000     -0.0256     -0.0306
      0.2000      0.8000     -0.0397     -0.0317
      0.2500      0.8000     -0.0535     -0.0293
      0.3000      0.8000     -0.0656     -0.0242
      0.3500      0.8000     -0.0749     -0.0171
      0.4000      0.8000     -0.0808     -0.0089
      0.4500      0.8000     -0.0829     -0.0004
      0.5000      0.8000     -0.0812      0.0078
      0.5500      0.8000     -0.0761      0.0149
      0.6000      0.8000     -0.0680      0.0206
      0.6500      0.8000     -0.0579      0.0244
      0.7000      0.8000     -0.0464      0.0262
      0.7500      0.8000     -0.0347      0.0259
      0.8000      0.8000     -0.0235      0.0235
      0.8500      0.8000     -0.0138      0.0194
      0.9000      0.8000     -0.0063      0.0138
      0.9500      0.8000     -0.0016      0.0071
      1.0000      0.8000     -0.0000     -0.0000
      0.0000      0.8500     -0.0000     -0.0000
      0.0500      0.8500     -0.0030     -0.0089
      0.1000      0.8500     -0.0106     -0.0149
      0.1500      0.8500     -0.0211     -0.0180
      0.2000      0.8500     -0.0327     -0.0186
      0.2500      0.8500     -0.0441     -0.0172
      0.3000      0.8500     -0.0541     -0.0142
      0.3500      0.8500     -0.0617     -0.0101
      0.4000      0.8500     -0.0666     -0.0052
      0.4500      0.8500     -0.0683     -0.0002
      0.5000      0.8500     -0.0669      0.0046
      0.5500      0.8500     -0.0627      0.0088
      0.6000      0.8500     -0.0560      0.0121
      0.6500      0.8500     -0.0477      0.0144
      0.7000      0.8500     -0.0382      0.0154
      0.7500      0.8500     -0.0286      0.0152
      0.8000      0.8500     -0.0194      0.0138
      0.8500      0.8500     -0.0114      0.0114
      0.9000      0.8500     -0.0052      0.0081
      0.9500      0.8500     -0.0013      0.0042
      1.0000      0.8500     -0.0000     -0.0000
      0.0000      0.9000     -0.0000     -0.0000
      0.0500      0.9000     -0.0021     -0.0041
      0.1000      0.9000     -0.0075     -0.0068
      0.1500      0.9000     -0.0150     -0.0082
      0.2000      0.9000     -0.0233     -0.0085
      0.2500      0.9000     -0.0313     -0.0079
      0.3000      0.9000     -0.0384     -0.0065
      0.3500      0.9000     -0.0439     -0.0046
      0.4000      0.9000     -0.0473     -0.0024
      0.4500      0.9000     -0.0485     -0.0001
      0.5000      0.9000     -0.0476      0.0021
      0.5500      0.9000     -0.0446      0.0040
      0.6000      0.9000     -0.0398      0.0056
      0.6500      0.9000     -0.0339      0.0066
      0.7000      0.9000     -0.0272      0.0071
      0.7500      0.9000     -0.0203      0.0070
      0.8000      0.9000     -0.0138      0.0063
      0.8500      0.9000     -0.0081      0.0052
      0.9000      0.9000     -0.0037      0.0037
      0.9500      0.9000     -0.0009      0.0019
      1.0000      0.9000     -0.0000     -0.0000
      0.0000      0.9500     -0.0000     -0.0000
      0.0500      0.9500     -0.0011     -0.0010
      0.1000      0.9500     -0.0039     -0.0017
      0.1500      0.9500     -0.0078     -0.0021
      0.2000      0.9500     -0.0121     -0.0022
      0.2500      0.9500     -0.0163     -0.0020
      0.3000      0.9500     -0.0200     -0.0017
      0.3500      0.9500     -0.0228     -0.0012
      0.4000      0.9500     -0.0246     -0.0006
      0.4500      0.9500     -0.0252     -0.0000
      0.5000      0.9500     -0.0247      0.0005
      0.5500      0.9500     -0.0231      0.0010
      0.6000      0.9500     -0.0207      0.0014
      0.6500      0.9500     -0.0176      0.0017
      0.7000      0.9500     -0.0141      0.0018
      0.7500      0.9500     -0.0105      0.0018
      0.8000      0.9500     -0.0071      0.0016
      0.8500      0.9500     -0.0042      0.0013
      0.9000      0.9500     -0.0019      0.0009
      0.9500      0.9500     -0.0005      0.0005
      1.0000      0.9500     -0.0000     -0.0000
      0.0000      1.0000      0.0000     -0.0000
      0.0500      1.0000      0.0000     -0.0000
      0.1000      1.0000      0.0000     -0.0000
      0.1500      1.0000      0.0000     -0.0000
      0.2000      1.0000      0.0000     -0.0000
      0.2500      1.0000      0.0000     -0.0000
      0.3000      1.0000      0.0000     -0.0000
      0.3500      1.0000      0.0000     -0.0000
      0.4000      1.0000      0.0000     -0.0000
      0.4500      1.0000      0.0000     -0.0000
      0.5000      1.0000      0.0000      0.0000
      0.5500      1.0000      0.0000      0.0000
      0.6000      1.0000      0.0000      0.0000
      0.6500      1.0000      0.0000      0.0000
      0.7000      1.0000      0.0000      0.0000
      0.7500      1.0000      0.0000      0.0000
      0.8000      1.0000      0.0000      0.0000
      0.8500      1.0000      0.0000      0.0000
      0.9000      1.0000      0.0000      0.0000
      0.9500      1.0000      0.0000      0.0000
      1.0000      1.0000      0.0000     -0.0000
