   -1.7763568394002505e-17
    5.4999999999999806e-03
    1.0999999999999979e-02
    1.6499999999999976e-02
    1.9499999999999976e-02
    1.9999999999999973e-02
    1.7999999999999971e-02
    1.3499999999999970e-02
    8.9999999999999698e-03
    4.4999999999999710e-03
   -2.6645352591003756e-17
   -4.5000000000000239e-03
   -9.0000000000000219e-03
   -1.3500000000000019e-02
   -1.8000000000000016e-02
   -2.2500000000000013e-02
   -2.2000000000000009e-02
   -1.6500000000000008e-02
   -1.1000000000000005e-02
   -5.5000000000000032e-03
    0.0000000000000000e+00
