   -1.0000000000
   -0.9951847267
   -0.9807852804
   -0.9569403357
   -0.9238795325
   -0.8819212643
   -0.8314696123
   -0.7730104534
   -0.7071067812
   -0.6343932842
   -0.5555702330
   -0.4713967368
   -0.3826834324
   -0.2902846773
   -0.1950903220
   -0.0980171403
    0.0000000000
    0.0980171403
    0.1950903220
    0.2902846773
    0.3826834324
    0.4713967368
    0.5555702330
    0.6343932842
    0.7071067812
    0.7730104534
    0.8314696123
    0.8819212643
    0.9238795325
    0.9569403357
    0.9807852804
    0.9951847267
    1.0000000000
