   -1.0000000000
   -0.9987954562
   -0.9951847267
   -0.9891765100
   -0.9807852804
   -0.9700312532
   -0.9569403357
   -0.9415440652
   -0.9238795325
   -0.9039892931
   -0.8819212643
   -0.8577286100
   -0.8314696123
   -0.8032075315
   -0.7730104534
   -0.7409511254
   -0.7071067812
   -0.6715589548
   -0.6343932842
   -0.5956993045
   -0.5555702330
   -0.5141027442
   -0.4713967368
   -0.4275550934
   -0.3826834324
   -0.3368898534
   -0.2902846773
   -0.2429801799
   -0.1950903220
   -0.1467304745
   -0.0980171403
   -0.0490676743
    0.0000000000
    0.0490676743
    0.0980171403
    0.1467304745
    0.1950903220
    0.2429801799
    0.2902846773
    0.3368898534
    0.3826834324
    0.4275550934
    0.4713967368
    0.5141027442
    0.5555702330
    0.5956993045
    0.6343932842
    0.6715589548
    0.7071067812
    0.7409511254
    0.7730104534
    0.8032075315
    0.8314696123
    0.8577286100
    0.8819212643
    0.9039892931
    0.9238795325
    0.9415440652
    0.9569403357
    0.9700312532
    0.9807852804
    0.9891765100
    0.9951847267
    0.9987954562
    1.0000000000
