-0.9998221304153061462673512
-0.9990629343553118951383159
-0.9976975661898046210744170
-0.9957265513520272266354334
-0.9931510492545171473611308
-0.9899726145914841576077867
-0.9861931740169316667104383
-0.9818150208038141100334631
-0.9768408123430703268174439
-0.9712735681615291922889469
-0.9651166679452921210908251
-0.9583738494252387711491029
-0.9510492060778803105479076
-0.9431471846248148273454496
-0.9346725823247379685736349
-0.9256305440562338491274647
-0.9160265591914658093130886
-0.9058664582618213828024613
-0.8951564094170837089690438
-0.8839029146800265699452579
-0.8721128059985607114196375
-0.8597932410977408098120313
-0.8469516991340975984533393
-0.8335959761548995143795572
-0.8197341803650786741551191
-0.8053747272046802146665608
-0.7905263342398137999454500
-0.7751980158702023824449628
-0.7593990778565366715566637
-0.7431391116709545129205669
-0.7264279886740726855356929
-0.7092758541221045609994446
-0.6916931210077006701564414
-0.6736904637382504853466825
-0.6552788116554826302767651
-0.6364693424002972413476082
-0.6172734751268582838576392
-0.5977028635700652293844120
-0.5777693889706125800032517
-0.5574851528619322329218619
-0.5368624697233975674581664
-0.5159138595042493572772773
-0.4946520400227821173949402
-0.4730899192454052416450999
-0.4512405874502662273318986
-0.4291173092801933762625441
-0.4067335156897825634086729
-0.3841027957915169357790778
-0.3612388886058697060709248
-0.3381556747203985013760003
-0.3148671678628949814860148
-0.2913875063937056207945188
-0.2677309447223886208883435
-0.2439118446539178579707132
-0.2199446666696875424545234
-0.1958439611486108515042816
-0.1716243595336421650083449
-0.1473005654490856693893293
-0.1228873457740829717260337
-0.0983995216776989707510918
-0.0738519596210485452734404
-0.0492595623319266303153793
-0.0246372597574209446148971
0.0000000000000000000000000
0.0246372597574209446148971
0.0492595623319266303153793
0.0738519596210485452734404
0.0983995216776989707510918
0.1228873457740829717260337
0.1473005654490856693893293
0.1716243595336421650083449
0.1958439611486108515042816
0.2199446666696875424545234
0.2439118446539178579707132
0.2677309447223886208883435
0.2913875063937056207945188
0.3148671678628949814860148
0.3381556747203985013760003
0.3612388886058697060709248
0.3841027957915169357790778
0.4067335156897825634086729
0.4291173092801933762625441
0.4512405874502662273318986
0.4730899192454052416450999
0.4946520400227821173949402
0.5159138595042493572772773
0.5368624697233975674581664
0.5574851528619322329218619
0.5777693889706125800032517
0.5977028635700652293844120
0.6172734751268582838576392
0.6364693424002972413476082
0.6552788116554826302767651
0.6736904637382504853466825
0.6916931210077006701564414
0.7092758541221045609994446
0.7264279886740726855356929
0.7431391116709545129205669
0.7593990778565366715566637
0.7751980158702023824449628
0.7905263342398137999454500
0.8053747272046802146665608
0.8197341803650786741551191
0.8335959761548995143795572
0.8469516991340975984533393
0.8597932410977408098120313
0.8721128059985607114196375
0.8839029146800265699452579
0.8951564094170837089690438
0.9058664582618213828024613
0.9160265591914658093130886
0.9256305440562338491274647
0.9346725823247379685736349
0.9431471846248148273454496
0.9510492060778803105479076
0.9583738494252387711491029
0.965116667945292121090825
0.971273568161529192288947
0.976840812343070326817444
0.981815020803814110033463
0.986193174016931666710438
0.989972614591484157607787
0.993151049254517147361131
0.995726551352027226635433
0.997697566189804621074417
0.999062934355311895138316
0.999822130415306146267351
