>> pink_noise_test
31-May-2010 21:10:37

PINK_NOISE_PRB:
  MATLAB version

TEST01
  WRAP2 performs a circular wrap.
  Q is expected to range between 0 and M.
  WRAP2 takes an input value of Q, and either
  increments it by M+1 until in the range, or
  decrements it by M+1 until in the range,
  and returns the result as the function value.

   M  Qin  Qout

   2  -5   1
   2  -4   2
   2  -3   0
   2  -2   1
   2  -1   2
   2   0   0
   2   1   1
   2   2   2
   2   3   0
   2   4   1
   2   5   2

   M  Qin  Qout

   3  -5   3
   3  -4   0
   3  -3   1
   3  -2   2
   3  -1   3
   3   0   0
   3   1   1
   3   2   2
   3   3   3
   3   4   0
   3   5   1
   3   6   2
   3   7   3
   3   8   0

   M  Qin  Qout

   4  -5   0
   4  -4   1
   4  -3   2
   4  -2   3
   4  -1   4
   4   0   0
   4   1   1
   4   2   2
   4   3   3
   4   4   4
   4   5   0
   4   6   1
   4   7   2
   4   8   3
   4   9   4
   4  10   0
   4  11   1

TEST02
  CDELAY2 is a circular buffer implementation
  of an M-fold delay.  Q is a counter
  which is decremented by CDELAY2, but reset to M
  after it reaches 0.

   I   M  Qin  Qout

   1   2   2   1
   2   2   1   0
   3   2   0   2
   4   2   2   1
   5   2   1   0
   6   2   0   2
   7   2   2   1
   8   2   1   0
   9   2   0   2

   I   M  Qin  Qout

   1   3   3   2
   2   3   2   1
   3   3   1   0
   4   3   0   3
   5   3   3   2
   6   3   2   1
   7   3   1   0
   8   3   0   3
   9   3   3   2
  10   3   2   1
  11   3   1   0
  12   3   0   3

   I   M  Qin  Qout

   1   4   4   3
   2   4   3   2
   3   4   2   1
   4   4   1   0
   5   4   0   4
   6   4   4   3
   7   4   3   2
   8   4   2   1
   9   4   1   0
  10   4   0   4
  11   4   4   3
  12   4   3   2
  13   4   2   1
  14   4   1   0
  15   4   0   4

TEST03
  RANH is a random hold function.
  Given a value U and a delay D, it returns the value
  U for D calls, then resets U.

   I   D   Q      U           Y

   1   5   2    0.500000    0.500000
   2   5   1    0.500000    0.500000
   3   5   0   -0.677732    0.500000
   4   5   4   -0.677732   -0.677732
   5   5   3   -0.677732   -0.677732
   6   5   2   -0.677732   -0.677732
   7   5   1   -0.677732   -0.677732
   8   5   0    0.516225   -0.677732
   9   5   4    0.516225    0.516225
  10   5   3    0.516225    0.516225
  11   5   2    0.516225    0.516225
  12   5   1    0.516225    0.516225
  13   5   0    0.742222    0.516225
  14   5   4    0.742222    0.742222
  15   5   3    0.742222    0.742222
  16   5   2    0.742222    0.742222
  17   5   1    0.742222    0.742222
  18   5   0   -0.298447    0.742222
  19   5   4   -0.298447   -0.298447
  20   5   3   -0.298447   -0.298447

   I   D   Q      U           Y

   1   4   2    0.500000    0.500000
   2   4   1    0.500000    0.500000
   3   4   0    0.371071    0.500000
   4   4   3    0.371071    0.371071
   5   4   2    0.371071    0.371071
   6   4   1    0.371071    0.371071
   7   4   0   -0.411703    0.371071
   8   4   3   -0.411703   -0.411703
   9   4   2   -0.411703   -0.411703
  10   4   1   -0.411703   -0.411703
  11   4   0    0.061259   -0.411703
  12   4   3    0.061259    0.061259
  13   4   2    0.061259    0.061259
  14   4   1    0.061259    0.061259
  15   4   0    0.664847    0.061259
  16   4   3    0.664847    0.664847
  17   4   2    0.664847    0.664847
  18   4   1    0.664847    0.664847
  19   4   0    0.194980    0.664847
  20   4   3    0.194980    0.194980

   I   D   Q      U           Y

   1   3   2    0.500000    0.500000
   2   3   1    0.500000    0.500000
   3   3   0   -0.329377    0.500000
   4   3   2   -0.329377   -0.329377
   5   3   1   -0.329377   -0.329377
   6   3   0   -0.401550   -0.329377
   7   3   2   -0.401550   -0.401550
   8   3   1   -0.401550   -0.401550
   9   3   0   -0.094815   -0.401550
  10   3   2   -0.094815   -0.094815
  11   3   1   -0.094815   -0.094815
  12   3   0   -0.154709   -0.094815
  13   3   2   -0.154709   -0.154709
  14   3   1   -0.154709   -0.154709
  15   3   0   -0.280787   -0.154709
  16   3   2   -0.280787   -0.280787
  17   3   1   -0.280787   -0.280787
  18   3   0    0.116638   -0.280787
  19   3   2    0.116638    0.116638
  20   3   1    0.116638    0.116638

   I   D   Q      U           Y

   1   2   0    0.485091    0.500000
   2   2   1    0.485091    0.485091
   3   2   0   -0.151330    0.485091
   4   2   1   -0.151330   -0.151330
   5   2   0   -0.141288   -0.151330
   6   2   1   -0.141288   -0.141288
   7   2   0   -0.750254   -0.141288
   8   2   1   -0.750254   -0.750254
   9   2   0   -0.951132   -0.750254
  10   2   1   -0.951132   -0.951132
  11   2   0   -0.419629   -0.951132
  12   2   1   -0.419629   -0.419629
  13   2   0   -0.364959   -0.419629
  14   2   1   -0.364959   -0.364959
  15   2   0    0.307380   -0.364959
  16   2   1    0.307380    0.307380
  17   2   0    0.913872    0.307380
  18   2   1    0.913872    0.913872
  19   2   0    0.871462    0.913872
  20   2   1    0.871462    0.871462

   I   D   Q      U           Y

   1   1   0   -0.084227    0.500000
   2   1   0   -0.519043   -0.084227
   3   1   0    0.527796   -0.519043
   4   1   0    0.518655    0.527796
   5   1   0    0.481296    0.518655
   6   1   0    0.487377    0.481296
   7   1   0   -0.788159    0.487377
   8   1   0    0.363121   -0.788159
   9   1   0   -0.073479    0.363121
  10   1   0   -0.575674   -0.073479
  11   1   0   -0.802963   -0.575674
  12   1   0    0.647149   -0.802963
  13   1   0   -0.649981    0.647149
  14   1   0   -0.672860   -0.649981
  15   1   0    0.331974   -0.672860
  16   1   0    0.788779    0.331974
  17   1   0    0.033116    0.788779
  18   1   0    0.405405    0.033116
  19   1   0   -0.692819    0.405405
  20   1   0    0.906914   -0.692819

TEST04
  RAN1F generates random values with an approximate
  1/F distribution.

   B   I      Y

   1   1    0.540884
   1   2    0.359468
   1   3   -0.926874
   1   4    0.618408
   1   5    0.497238
   1   6   -0.759626
   1   7    0.050090
   1   8   -0.348333
   1   9    0.092899
   1  10   -0.202238
   1  11   -0.169813
   1  12   -0.638524
   1  13   -0.489227
   1  14   -0.958928
   1  15    0.847351
   1  16    0.307400
   1  17    0.865227
   1  18   -0.672975
   1  19    0.842195
   1  20    0.589316

   B   I      Y

   1   1    0.440036
   1   2   -0.484773
   1   3    0.503893
   1   4   -0.542661
   1   5   -0.871626
   1   6    0.534659
   1   7    0.342404
   1   8    0.430425
   1   9    0.284122
   1  10   -0.161903
   1  11   -0.218476
   1  12    0.632280
   1  13   -0.365144
   1  14    0.629080
   1  15    0.578147
   1  16    0.704528
   1  17    0.011273
   1  18    0.271323
   1  19    0.901789
   1  20   -0.112072

   B   I      Y

   1   1    0.866750
   1   2    0.262377
   1   3   -0.289853
   1   4    0.994007
   1   5   -0.551657
   1   6    0.304902
   1   7    0.209981
   1   8   -0.225509
   1   9   -0.715626
   1  10   -0.949730
   1  11   -0.157775
   1  12   -0.631799
   1  13    0.451551
   1  14   -0.259275
   1  15    0.683120
   1  16    0.468459
   1  17    0.142052
   1  18   -0.646290
   1  19    0.914768
   1  20   -0.469356

   B   I      Y

   1   1    0.223770
   1   2   -0.252872
   1   3   -0.824999
   1   4    0.280233
   1   5   -0.638766
   1   6   -0.909898
   1   7    0.446347
   1   8   -0.305125
   1   9    0.321234
   1  10   -0.232263
   1  11    0.254693
   1  12   -0.956700
   1  13    0.821140
   1  14    0.601117
   1  15    0.491695
   1  16    0.626226
   1  17   -0.233387
   1  18    0.234558
   1  19    0.150990
   1  20    0.060103

   B   I      Y

   2   1    0.350134
   2   2   -0.046468
   2   3    0.790554
   2   4    0.016096
   2   5   -0.377259
   2   6   -0.110831
   2   7    0.056091
   2   8    0.006345
   2   9   -0.297984
   2  10    0.467575
   2  11    0.419497
   2  12    0.784364
   2  13   -0.236193
   2  14   -0.644329
   2  15   -0.776039
   2  16   -0.851238
   2  17    0.556104
   2  18    0.294117
   2  19    0.394979
   2  20    0.929929

   B   I      Y

   2   1    0.551765
   2   2    0.330731
   2   3   -0.460327
   2   4   -0.024314
   2   5   -0.060560
   2   6    0.014232
   2   7    0.334053
   2   8    0.135326
   2   9    0.095391
   2  10   -0.405587
   2  11    0.715726
   2  12    0.350690
   2  13    0.317708
   2  14    0.232993
   2  15   -0.131878
   2  16   -0.368841
   2  17   -0.565431
   2  18    0.035019
   2  19    0.476660
   2  20   -0.296410

   B   I      Y

   2   1    0.406807
   2   2   -0.100484
   2   3    0.433853
   2   4   -0.046210
   2   5   -0.057914
   2   6    0.150523
   2   7   -0.139839
   2   8   -0.586431
   2   9    0.596565
   2  10    0.701400
   2  11   -0.709884
   2  12   -0.718677
   2  13   -0.316991
   2  14    0.089137
   2  15   -0.856745
   2  16   -0.398539
   2  17    0.084435
   2  18   -0.509077
   2  19   -0.450899
   2  20   -0.279702

   B   I      Y

   2   1    0.246194
   2   2   -0.249956
   2   3   -0.066996
   2   4    0.429282
   2   5    0.297254
   2   6    0.380099
   2   7   -0.472448
   2   8    0.317361
   2   9    0.631068
   2  10    0.331911
   2  11    0.279315
   2  12    0.060801
   2  13    0.377063
   2  14    0.479629
   2  15    0.148104
   2  16    0.585043
   2  17   -0.125278
   2  18    0.531391
   2  19   -0.120268
   2  20   -0.050105

   B   I      Y

   4   1    0.643431
   4   2    0.453833
   4   3    0.705307
   4   4    0.763493
   4   5    0.018906
   4   6    0.143696
   4   7    0.295266
   4   8    0.492361
   4   9   -0.176307
   4  10   -0.245941
   4  11   -0.323855
   4  12   -0.016217
   4  13   -0.250447
   4  14    0.027161
   4  15   -0.393321
   4  16   -0.279543
   4  17    0.338592
   4  18    0.111783
   4  19    0.389808
   4  20    0.186236

   B   I      Y

   4   1    0.560713
   4   2    0.569679
   4   3   -0.203109
   4   4    0.274663
   4   5    0.048109
   4   6   -0.216556
   4   7   -0.130042
   4   8   -0.098429
   4   9   -0.246973
   4  10   -0.275951
   4  11    0.167436
   4  12   -0.273884
   4  13    0.378587
   4  14    0.479854
   4  15    0.629346
   4  16    0.313630
   4  17   -0.367252
   4  18   -0.158206
   4  19    0.187937
   4  20   -0.215620

   B   I      Y

   4   1    0.770772
   4   2    0.601486
   4   3    0.404331
   4   4    0.303564
   4   5    0.409600
   4   6    0.188964
   4   7    0.090296
   4   8    0.202163
   4   9    0.185213
   4  10   -0.198066
   4  11   -0.168662
   4  12    0.021122
   4  13    0.100924
   4  14    0.058528
   4  15    0.207934
   4  16    0.381036
   4  17   -0.059920
   4  18   -0.111233
   4  19   -0.114940
   4  20   -0.251934

   B   I      Y

   4   1    0.692943
   4   2    0.684042
   4   3    0.381827
   4   4    0.314465
   4   5    0.487067
   4   6    0.689179
   4   7    0.570887
   4   8    0.537137
   4   9    0.606396
   4  10    0.347874
   4  11    0.142071
   4  12    0.460146
   4  13    0.229874
   4  14   -0.152543
   4  15    0.168929
   4  16   -0.178091
   4  17    0.414837
   4  18    0.301624
   4  19   -0.022734
   4  20   -0.151215

   B   I      Y

   8   1    0.665531
   8   2    0.510017
   8   3    0.492739
   8   4    0.599734
   8   5    0.379992
   8   6    0.309405
   8   7    0.333839
   8   8    0.428054
   8   9    0.161565
   8  10    0.216989
   8  11    0.258230
   8  12    0.217282
   8  13    0.464069
   8  14    0.515814
   8  15    0.478832
   8  16    0.412397
   8  17   -0.139018
   8  18   -0.151215
   8  19   -0.016377
   8  20   -0.114725

   B   I      Y

   8   1    0.495027
   8   2    0.520607
   8   3    0.174271
   8   4    0.364770
   8   5    0.311536
   8   6    0.434461
   8   7    0.340007
   8   8    0.171875
   8   9    0.317410
   8  10    0.297799
   8  11    0.128094
   8  12    0.108595
   8  13    0.322148
   8  14    0.389018
   8  15    0.240422
   8  16    0.189628
   8  17    0.098232
   8  18    0.168126
   8  19    0.192789
   8  20    0.123495

   B   I      Y

   8   1    0.581152
   8   2    0.517213
   8   3    0.260405
   8   4    0.456368
   8   5    0.186853
   8   6    0.350202
   8   7    0.146565
   8   8    0.164416
   8   9    0.086697
   8  10    0.070235
   8  11   -0.068611
   8  12    0.002057
   8  13    0.230897
   8  14    0.238809
   8  15    0.119932
   8  16    0.122511
   8  17    0.008967
   8  18    0.091896
   8  19    0.319877
   8  20    0.216955

   B   I      Y

   8   1    0.538765
   8   2    0.450723
   8   3    0.519662
   8   4    0.397168
   8   5    0.466385
   8   6    0.426477
   8   7    0.274925
   8   8    0.327858
   8   9    0.234665
   8  10    0.092989
   8  11    0.224936
   8  12    0.225497
   8  13    0.110815
   8  14    0.078304
   8  15    0.052212
   8  16    0.094829
   8  17    0.098285
   8  18    0.084789
   8  19    0.132471
   8  20    0.034675

   B   I      Y

  16   1    0.368729
  16   2    0.297668
  16   3    0.396159
  16   4    0.397019
  16   5    0.324970
  16   6    0.317912
  16   7    0.378430
  16   8    0.325052
  16   9    0.353088
  16  10    0.363589
  16  11    0.318095
  16  12    0.343870
  16  13    0.483041
  16  14    0.410838
  16  15    0.417562
  16  16    0.423974
  16  17    0.223891
  16  18    0.243208
  16  19    0.243913
  16  20    0.272243

   B   I      Y

  16   1    0.464214
  16   2    0.422548
  16   3    0.466824
  16   4    0.499418
  16   5    0.482945
  16   6    0.426341
  16   7    0.423938
  16   8    0.372406
  16   9    0.295738
  16  10    0.364057
  16  11    0.285803
  16  12    0.320240
  16  13    0.434960
  16  14    0.449121
  16  15    0.368793
  16  16    0.470333
  16  17    0.337017
  16  18    0.305508
  16  19    0.380582
  16  20    0.346058

   B   I      Y

  16   1    0.420026
  16   2    0.373119
  16   3    0.289019
  16   4    0.386363
  16   5    0.272896
  16   6    0.251151
  16   7    0.329799
  16   8    0.295421
  16   9    0.388731
  16  10    0.318959
  16  11    0.285658
  16  12    0.311999
  16  13    0.231059
  16  14    0.164820
  16  15    0.217723
  16  16    0.299698
  16  17    0.299730
  16  18    0.262756
  16  19    0.256433
  16  20    0.172996

   B   I      Y

  16   1    0.524154
  16   2    0.533163
  16   3    0.525149
  16   4    0.443115
  16   5    0.405865
  16   6    0.513295
  16   7    0.370709
  16   8    0.398718
  16   9    0.332570
  16  10    0.332425
  16  11    0.315789
  16  12    0.270944
  16  13    0.321947
  16  14    0.326442
  16  15    0.299255
  16  16    0.394311
  16  17    0.225850
  16  18    0.204659
  16  19    0.296952
  16  20    0.264790

PINK_NOISE_PRB:
  Normal end of execution.

31-May-2010 21:10:38
>> 