  1  0
  0.999356  0.0358962
  0.997423  0.0717461
  0.994205  0.107504
  0.989705  0.143122
  0.98393  0.178557
  0.976886  0.213761
  0.968583  0.24869
  0.959032  0.283298
  0.948245  0.317541
  0.936235  0.351375
  0.923018  0.384756
  0.908612  0.417641
  0.893035  0.449987
  0.876307  0.481754
  0.858449  0.512899
  0.839484  0.543384
  0.819438  0.573168
  0.798335  0.602213
  0.776204  0.630482
  0.753071  0.657939
  0.728969  0.684547
  0.703926  0.710273
  0.677976  0.735084
  0.651153  0.758947
  0.62349  0.781831
  0.595023  0.803709
  0.56579  0.82455
  0.535827  0.844328
  0.505173  0.863018
  0.473869  0.880596
  0.441953  0.897038
  0.409468  0.912324
  0.376455  0.926435
  0.342957  0.939351
  0.309017  0.951057
  0.274679  0.961536
  0.239986  0.970776
  0.204984  0.978765
  0.169718  0.985493
  0.134233  0.99095
  0.0985754  0.99513
  0.0627905  0.998027
  0.0269247  0.999637
  -0.00897586  0.99996
  -0.0448648  0.998993
  -0.080696  0.996739
  -0.116423  0.9932
  -0.152  0.98838
  -0.187381  0.982287
  -0.222521  0.974928
  -0.257374  0.966312
  -0.291895  0.95645
  -0.32604  0.945356
  -0.359764  0.933043
  -0.393025  0.919528
  -0.425779  0.904827
  -0.457985  0.88896
  -0.4896  0.871947
  -0.520584  0.853811
  -0.550897  0.834573
  -0.5805  0.81426
  -0.609355  0.792898
  -0.637424  0.770513
  -0.664672  0.747136
  -0.691063  0.722795
  -0.716563  0.697523
  -0.741139  0.671351
  -0.764761  0.644314
  -0.787396  0.616447
  -0.809017  0.587785
  -0.829595  0.558366
  -0.849103  0.528227
  -0.867518  0.497407
  -0.884813  0.465945
  -0.900969  0.433884
  -0.915963  0.401263
  -0.929776  0.368125
  -0.942392  0.334512
  -0.953792  0.300468
  -0.963963  0.266037
  -0.972891  0.231263
  -0.980566  0.196191
  -0.986976  0.160866
  -0.992115  0.125333
  -0.995974  0.0896393
  -0.99855  0.0538298
  -0.999839  0.017951
  -0.999839  -0.017951
  -0.99855  -0.0538298
  -0.995974  -0.0896393
  -0.992115  -0.125333
  -0.986976  -0.160866
  -0.980566  -0.196191
  -0.972891  -0.231263
  -0.963963  -0.266037
  -0.953792  -0.300468
  -0.942392  -0.334512
  -0.929776  -0.368125
  -0.915963  -0.401263
  -0.900969  -0.433884
  -0.884813  -0.465945
  -0.867518  -0.497407
  -0.849103  -0.528227
  -0.829595  -0.558366
  -0.809017  -0.587785
  -0.787396  -0.616447
  -0.764761  -0.644314
  -0.741139  -0.671351
  -0.716563  -0.697523
  -0.691063  -0.722795
  -0.664672  -0.747136
  -0.637424  -0.770513
  -0.609355  -0.792898
  -0.5805  -0.81426
  -0.550897  -0.834573
  -0.520584  -0.853811
  -0.4896  -0.871947
  -0.457985  -0.88896
  -0.425779  -0.904827
  -0.393025  -0.919528
  -0.359764  -0.933043
  -0.32604  -0.945356
  -0.291895  -0.95645
  -0.257374  -0.966312
  -0.222521  -0.974928
  -0.187381  -0.982287
  -0.152  -0.98838
  -0.116423  -0.9932
  -0.080696  -0.996739
  -0.0448648  -0.998993
  -0.00897586  -0.99996
  0.0269247  -0.999637
  0.0627905  -0.998027
  0.0985754  -0.99513
  0.134233  -0.99095
  0.169718  -0.985493
  0.204984  -0.978765
  0.239986  -0.970776
  0.274679  -0.961536
  0.309017  -0.951057
  0.342957  -0.939351
  0.376455  -0.926435
  0.409468  -0.912324
  0.441953  -0.897038
  0.473869  -0.880596
  0.505173  -0.863018
  0.535827  -0.844328
  0.56579  -0.82455
  0.595023  -0.803709
  0.62349  -0.781831
  0.651153  -0.758947
  0.677976  -0.735084
  0.703926  -0.710273
  0.728969  -0.684547
  0.753071  -0.657939
  0.776204  -0.630482
  0.798335  -0.602213
  0.819438  -0.573168
  0.839484  -0.543384
  0.858449  -0.512899
  0.876307  -0.481754
  0.893035  -0.449987
  0.908612  -0.417641
  0.923018  -0.384756
  0.936235  -0.351375
  0.948245  -0.317541
  0.959032  -0.283298
  0.968583  -0.24869
  0.976886  -0.213761
  0.98393  -0.178557
  0.989705  -0.143122
  0.994205  -0.107504
  0.997423  -0.0717461
  0.999356  -0.0358962
  0  0
  0.433829  0.248743
  0.370629  -0.33573
  -0.499758  -0.017951
  -0.252627  0.431579
  -0.204767  -0.456236
  0.148969  0.559304
  0.129085  -0.616361
  0.630456  -0.0796451
  -0.540625  -0.363872
  -0.575905  0.316606
  0.0666789  -0.31838
  0.307276  -0.0332258
  0.137506  0.262867
  0.449563  0.543428
  -0.115046  0.694208
  0.7012  0.185775
  -0.244295  -0.164425
  0.401664  -0.606708
  0.636169  -0.364759
  -0.12446  -0.716895
  -0.72134  -0.157843
  -0.417784  -0.608854
  -0.349569  0.192177
  -0.730892  0.105386
  -0.480612  0.560644
  -0.1053  0.22248
  0.30789  0.714657
  0.607544  0.387231
  0.0919075  0.773431
  -0.0313463  0.431039
  0.292732  0.404039
  -0.206738  0.0405022
  -0.295653  0.621469
  0.0649141  -0.801805
  0.262276  -0.760471
  0.802875  0.0165369
  0.771212  -0.219439
  0.536935  0.087419
  0.225435  -0.208252
  -0.0441493  -0.549451
  0.212009  -0.443469
  -0.727111  -0.36638
  -0.613152  -0.535695
  0.517143  -0.22453
  -0.756759  0.315451
  -0.652026  0.486954
  -0.349943  -0.327319
  -0.547554  -0.187679
  -0.0575286  -0.178221
  -0.561892  0.143851
  -0.407457  0.354946
  0.280537  0.148159
  0.491493  -0.459154
  0.569228  -0.607598
  -0.305436  -0.756034
  -0.256538  0.789542
  0.468248  -0.0607396
  0.618183  0.555982
  -0.429523  0.716918
  0.125715  0.101637
  -0.242197  -0.610468
  -0.16054  -0.301662
  -0.052305  0.840234
  -0.831618  -0.0298712
  0.764612  0.337752
  0.148345  -0.0655585
  0.492191  0.690391
  -0.395462  -0.18209
  0.299925  0.563843
  -0.359016  0.0401915
  0.117929  0.412064
  -0.00467291  0.584417
  -0.162638  0.551788
  0.440084  0.396172
  0.372948  -0.186664
  -0.351947  -0.475777
  0.681502  -0.507901
  0.407134  -0.751727
  -0.0712799  -0.851922
  0.841874  0.155129
  0.778189  -0.361329
  0.0696365  -0.461913
  -0.0530096  -0.392643
  0.669702  0.0520322
  0.568433  0.221161
  -0.843446  0.184562
  0.00627333  -0.676617
  0.349601  -0.475404
  0.265802  -0.623608
  -0.538355  -0.675076
  -0.828081  -0.244615
  -0.486647  -0.487875
  0.0786584  -0.182649
  -0.588581  0.638158
  -0.143938  -0.0769125
  0.4091  0.119328
  -0.651199  -0.0235097
  0.724235  0.468901
  0.221233  0.83062
  -0.529995  0.439303
  -0.360477  0.506962
  0.0248545  0.190059
  -0.665734  0.222374
  -0.470106  0.240986
  -0.286919  0.306136
  0.266403  0.277064
  -0.142178  0.352948
  0.643875  -0.206893
  -0.635022  -0.279351
  -0.196203  -0.823137
  0.0228942  0.316645
  -0.428002  -0.733124
  -0.088905  0.0940807
  -0.222632  0.168623
  0.855797  -0.110676
  0.489494  -0.340221
  0.249208  -0.3276
  0.410039  0.778462
  -0.28269  -0.0514832
  -0.457606  -0.281316
  -0.461756  0.0894734
  0.744913  -0.0821909
  0.0716488  0.88499
  0.212027  0.0281902
  0.196245  -0.859807
  -0.396809  -0.0677407
  0.183321  0.683125
  0.385834  0.634923
  0.539342  0.476241
  0.663473  0.290734
  0.00113534  0.700631
  -0.727391  -0.489577
  0.519997  0.320209
  0.518708  -0.713995
  -0.762465  0.436666
  -0.826768  -0.137192
  -0.83463  0.0775055
  -0.0545398  -0.285417
  0.226687  0.487076
  0.0526826  0.495434
  -0.426599  -0.400526
  -0.149623  0.795556
  0.370385  0.474592
  0.360414  0.323787
  -0.152203  -0.55065
  -0.366721  0.809659
  0.0875342  0.643024
  -0.633048  -0.426078
  0.898855  -0.0181491
  0.849638  -0.286699
  0.849334  0.26594
  0.152528  -0.728298
  0.0404039  -0.899662
  0.323992  -0.84027
  -0.328914  0.716422
  -0.670117  0.380271
  0.193568  0.346106
  -0.194547  0.267699
  -0.130863  0.454585
  0.0130951  -0.102622
  0.705506  -0.293786
  -0.853561  0.285412
  0.754508  0.10264
  0.580436  -0.507153
  -0.732679  -0.268252
  0.324564  0.83686
  -0.397655  0.620011
  -0.265103  0.528572
  -0.199478  0.643261
  -0.511076  -0.581869
  -0.2868  -0.402414
  -0.312563  -0.235855
  -0.572975  -0.0889266
  -0.18545  0.885495
  -0.678566  0.587003
  0.141384  -0.25658
  0.289551  -0.131585
  -0.48016  -0.117682
  -0.822593  -0.378102
  -0.633732  -0.636499
  0.155994  -0.36158
  0.201433  -0.544729
  -0.0392066  -0.761304
  0.00707147  0.0957298
  0.586134  0.00525195
  0.617632  0.138994
  -0.37082  -0.826214
  0.595511  0.669394
  0.527702  0.600427
  0.330942  -0.693764
  -0.635204  0.0754636
  0.398546  0.0161131
  0.488089  0.171305
  0.314696  -0.260309
  -0.282991  0.0960887
  -0.153255  -0.20304
  -0.574767  0.543449
  -0.0990211  -0.473897
  0.039832  -0.589731
  -0.0777079  -0.636337
  -0.215791  -0.732565
  -0.354022  -0.676652
  0.571392  -0.150205
  0.430206  -0.262105
  0.589926  -0.283381
  0.298794  0.0581874
  0.342897  0.220224
  0.209049  0.205548
  0.668335  -0.60614
  -0.434654  0.446618
  0.900945  0.0785457
  -0.7526  0.194117
  -0.0638587  0.515701
  -0.740144  -0.062546
  -0.531957  0.723796
  -0.121934  0.0103582
  0.293287  -0.405657
  -0.280589  -0.863565
  0.771343  -0.461989
  -0.827635  0.372857
  -0.631688  -0.156689
  -0.545614  -0.275836
  0.884353  -0.199795
  -0.907061  -0.0980808
  -0.911836  0.0327526
  -0.329622  -0.569646
  0.711912  0.562012
  -0.694104  -0.571671
  -0.578791  0.229426
  -0.543671  0.0580173
  -0.496471  0.356822
  -0.388153  0.270133
  -0.325503  0.384092
  0.42769  -0.400743
  0.569609  -0.420811
  0.485714  -0.556756
  -0.330556  -0.124143
  -0.733264  0.518949
  0.601365  -0.68805
  -0.147845  -0.898735
  -0.503146  0.643208
  0.458932  -0.152714
  -0.299947  0.863587
  0.804417  0.421797
  0.326918  -0.560372
  0.624519  0.470871
  -0.0145268  -0.470235
  -0.066434  0.303912
  0.127937  0.0168082
  -0.255773  -0.525515
  -0.765098  0.0257251
  -0.255936  -0.312368
  0.781213  0.214869
  0.0212761  -0.245979
  0.379912  -0.0929104
  0.260117  0.641563
  -0.16163  -0.634072
  0.708244  -0.407134
  -0.464016  0.792706
  -0.0905511  0.914123
  0.11739  -0.532197
  0.847319  0.349446
  -0.00752994  0.910253
  -0.894694  -0.190081
  0.688313  0.369587
  -0.906054  0.125515
  -0.143223  -0.390231
  0.271382  -0.500035
  0.549628  -0.0678248
  0.482816  0.0225077
  0.160474  0.896414
  -0.0605268  -0.0598702
  0.159696  -0.151597
  0.232095  -0.0704548
  0.0695348  -0.0432737
  0.207507  0.110318
  0.10867  0.183929
  -0.0898104  0.5979
  0.12515  -0.906422
  0.478524  -0.640346
  0.712832  -0.159482
  -0.191111  0.724829
  0.507708  0.769145
  -0.511241  -0.75745
  -0.0602579  0.757159
  0.025427  0.818977
  -0.565529  -0.470437
  0.424772  -0.504175
  0.48065  -0.785284
  0.667499  0.630649
  -0.678403  0.301032
  0.519316  0.399509
  0.0859903  -0.68381
  0.195274  -0.660923
  0.68892  -0.0253827
  -0.167434  0.110424
  0.74881  -0.544042
  0.173236  0.764337
  -0.426069  0.00308726
  -0.384843  0.118083
  -0.470806  -0.203975
  -0.218243  0.340966
  -0.606171  0.424303
  -0.384725  -0.259734
  -0.445933  -0.808245
  -0.277499  0.226757
  -0.486052  0.164121
  0.0736061  0.568403
  -0.57577  -0.0127912
  0.224417  0.56256
  0.375591  0.559847
  0.127669  0.486903
  0.118388  0.336241
  0.0431949  0.420792
  -0.199824  0.485838
  -0.66575  0.145744
  -0.22287  -0.24054
  0.401637  -0.829872
  -0.0348879  -0.921293
  -0.276467  -0.683743
  -0.677523  -0.21813
  -0.0507009  0.164205
  -0.260003  0.687259
  -0.415213  -0.527302
  -0.287295  0.0222937
  0.444018  0.469852
  0.366451  0.400912
  0.44572  0.322086
  0.89963  0.206897
  -0.652621  -0.352965
  0.852551  -0.361005
  -0.799613  -0.454866
  0.593633  0.314711
  0.456391  0.616126
  -0.0323989  0.237677
  0.38221  0.709344
  -0.880955  -0.295008
  -0.604945  -0.70509
  0.402086  -0.679305
  0.335364  -0.76701
  -0.00395474  -0.824766
  -0.107388  -0.788157
  0.220289  0.414203
  0.276069  0.781238
  0.0684338  0.057693
  0.299419  0.491006
  -0.216726  -0.37612
  0.828851  0.0840103
  -0.672985  -0.0947205
  0.142067  -0.804797
  0.142278  -0.463923
  0.0872627  -0.389753
  0.776473  -0.290297
  -0.781237  -0.32023
  0.631343  -0.45692
  0.231052  0.900639
  0.79125  0.49118
  -0.658151  0.655813
  -0.601831  0.708458
  -0.208096  -0.0357258
  -0.00383405  -0.338317
  0.123007  0.836697
  0.734114  0.271069
  -0.35676  -0.405897
  0.787506  -0.145173
  0.0927305  -0.111742
  -0.418055  0.179338
  -0.693859  0.0341636
  0.567039  -0.350214
  0.92448  -0.0863558
  0.0410384  -0.736661
  0.734343  0.0269863
  0.834997  -0.0447148
  -0.792552  0.137322
  -0.911682  0.194198
  -0.477965  -0.642155
  -0.768573  -0.208779
  0.683499  0.119363
  0.603835  0.0716634
  0.635333  0.205406
  0.501901  0.238712
  -0.216379  -0.889308
  -0.0967313  -0.339643
  -0.0388136  0.644375
  0.256773  -0.691852
  0.0106225  -0.178664
  -0.790612  0.253552
  -0.185344  0.409202
  -0.0915283  0.398758
  -0.514381  -0.426198
  0.231627  0.730356
  0.0628902  0.134047
  0.360695  -0.40884
  -0.57861  -0.595249
  0.0708209  0.242491
  0.393032  0.845322
  -0.233923  -0.097902
  0.552191  0.152467
  0.332542  -0.626959
  -0.0917139  -0.119874
  -0.130919  0.287322
  0.569987  0.735445
  -0.180363  -0.140323
  -0.117284  0.853443
  0.630647  -0.551087
  0.0167602  -0.406379
  -0.223033  0.580619
  -0.029146  0.362026
  0.469365  0.0887388
  0.423353  0.183675
  0.340266  0.113441
  -0.31822  0.452578
  -0.412141  0.552609
  -0.345991  0.574363
  0.224772  -0.142554
  0.0180067  -0.527547
  0.291175  -0.198086
  -0.486099  0.492158
  -0.93227  -0.0334969
  0.271486  -0.889578
  -0.290692  0.161862
  -0.0556051  -0.697942
  0.0690662  0.70892
  -0.724607  0.253893
  -0.45302  0.305793
  -0.528298  0.271392
  -0.350079  0.323402
  0.200766  0.28076
  0.273502  0.212615
  0.261078  0.344386
  0.815602  -0.414436
  -0.058542  0.033726
  0.260685  -0.825467
  0.187679  -0.303655
  -0.155472  0.177046
  -0.557974  0.379747
  -0.0944352  -0.232889
  0.184309  0.616175
  0.921964  0.142944
  -0.249374  -0.787232
  0.205477  -0.791599
  0.649979  -0.141918
  0.581088  -0.219878
  0.706074  -0.22808
  -0.75588  -0.548924
  0.745136  0.398425
  -0.427133  -0.464474
  0.462794  0.814903
  -0.286928  -0.467907
  -0.588554  -0.322429
  -0.60677  -0.218743
  -0.0207741  -0.608403
  0.0243404  0.64184
  0.667757  0.516882
  -0.793552  0.494021
  0.32371  0.652158
  -0.303009  -0.626678
  -0.826975  0.437367
  -0.381746  0.412444
  -0.215232  -0.66773
  0.573561  -0.74411
  0.514442  0.536546
  -0.365538  -0.73826
  -0.422697  -0.671005
  0.504878  -0.110908
  -0.536256  -0.525153
  0.264976  -0.561658
  0.343009  0.772104
  0.166642  0.158607
  -0.577673  0.480503
  -0.671032  -0.51452
  -0.742222  -0.427945
  -0.472919  -0.348937
  -0.411099  -0.34002
  0.110561  0.933469
  -0.534666  0.590248
  -0.621938  0.274493
  -0.166138  -0.769231
  0.235174  -0.387
  0.310578  -0.321814
  0.236981  -0.267994
  0.455848  -0.711944
  -0.708105  0.463698
  -0.766623  0.375728
  -0.416236  0.84484
  0.00118459  0.762287
  0.0862773  -0.859154
  -0.618868  0.184049
  0.0820286  -0.243364
  0.441632  0.72558
  0.906132  -0.143682
  -0.481837  -0.703487
  0.657167  0.420703
  -0.23803  0.85014
  -0.344619  -0.0254324
  0.217744  -0.915438
  0.526143  -0.28783
  0.510606  -0.399349
  0.429939  -0.341222
  -0.327894  0.261025
  -0.148808  0.610513
  -0.379401  0.679708
  -0.00259466  0.52278
  0.131128  0.717875
  0.535765  -0.656901
  -0.239796  0.909542
  -0.129471  -0.842767
  0.168474  0.443539
  0.612743  0.259395
  -0.687478  -0.305721
  -0.226061  0.110096
  0.186708  -0.602208
  -0.360558  -0.618806
  0.649554  -0.268168
  0.861224  0.0328106
  0.611962  0.613711
  -0.267168  0.374231
  0.372683  -0.246315
  0.782311  0.155316
  0.791863  0.271631
  0.307896  0.892747
  -0.0961566  -0.934
  0.831134  -0.228922
  -0.0573223  0.699287
  0.761404  -0.0254942
  0.687646  -0.0826369
  0.105139  -0.760782
  0.211618  -0.730003
  -0.451125  -0.0487218
  -0.388269  -0.124823
  -0.768191  -0.117584
  0.514258  -0.167368
  0.938081  0.0293731
  -0.516141  0.108712
  -0.413199  0.0589685
  -0.489286  0.0387782
  -0.67987  -0.458347
  -0.631308  0.33616
  -0.11863  -0.596688
  0.357254  0.0575003
  -0.534586  0.1937
  0.0523423  0.940342
  0.692871  -0.350799
  0.267177  0.00915378
  0.192611  -0.0271237
  0.170737  0.0671057
  -0.302685  -0.176959
  0.0755945  0.373895
  0.429245  -0.203385
  -0.359804  0.869398
  -0.68952  -0.647502
  0.385572  -0.549211
  -0.601199  -0.378375
  -0.73439  0.596518
  -0.635165  0.544971
  -0.885591  0.332368
  -0.522501  0.782421
  0.530085  -0.0124051
  0.579591  0.436447
  0.570415  0.524364
  -0.904956  0.254036
  0.90349  -0.257825
  -0.41019  0.77146
  -0.310118  0.807877
  0.0797371  -0.941152
  0.140907  -0.673678
  0.889943  0.308697
  0.68082  0.237709
  -0.682574  -0.40016
  -0.620404  -0.480397
  0.835369  -0.173477
  0.801049  -0.0901206
  0.844206  0.210628
  0.366988  -0.0345972
  0.726716  -0.598605
  0.432598  0.66864
  -0.313101  -0.814441
  -0.31405  -0.516353
  -0.470113  -0.542344
  0.553668  0.275308
  0.5599  0.358776
  0.659551  -0.667291
  -0.136066  0.0643098
  0.640272  0.343359
  -0.479919  0.411603
  0.37082  0.161559
  0.709555  0.319557
  0.186293  -0.10432
  -0.432002  0.501441
  0.619126  -0.630278
  -0.794251  -0.0696392
  -0.662895  0.433922
  -0.715327  0.410047
  -0.710911  0.344484
  -0.147078  0.9299
  0.768018  0.545007
  0.890494  -0.322307
  -0.098386  -0.531139
  -0.209724  -0.561718
  -0.156235  -0.491055
  0.401739  -0.451768
  -0.444534  0.658288
  -0.482164  0.699159
  -0.846545  -0.427094
  -0.874251  -0.352342
  0.400749  0.359429
  -0.819826  -0.190997
  -0.850777  -0.0845073
  -0.846316  0.130434
  -0.820297  0.0241769
  -0.780865  0.084393
  -0.338957  -0.876903
  -0.569066  -0.750906
  0.633337  -0.024123
  -0.108555  -0.286917
  -0.0345663  -0.23122
  -0.724686  -0.0105135
  -0.116082  0.750427
  -0.0937992  0.802288
  -0.202315  0.778933
  0.521528  -0.509904
  0.540191  -0.561284
  0.483829  0.359551
  0.823743  -0.472307
  0.265714  0.86008
  -0.399554  -0.780353
  0.16897  -0.207303
  -0.443495  -0.157361
  -0.619204  0.0220988
  -0.121046  0.13648
  -0.0367408  -0.126853
  0.265168  0.449899
  0.177134  0.511684
  0.132837  -0.311286
  0.339798  0.600465
  0.0109956  0.462809
  0.084882  0.453417
  -0.881317  -0.241692
  0.539189  0.656951
  0.61943  0.716594
  0.0227624  0.372036
  -0.205792  -0.508897
  -0.108475  0.546811
  0.0763491  0.298629
  0.260586  0.0972725
  0.325319  0.27646
  0.37956  0.262548
  0.314888  0.354058
  0.331173  0.43974
  0.409597  0.509443
  0.0494562  -0.643372
  0.415894  -0.0543473
  0.432332  -0.105754
  0.719444  0.615574
  0.855864  0.403408
  0.684517  -0.45477
  -0.330289  0.123888
  -0.603873  0.587566
  -0.463287  0.60973
  -0.778908  0.544819
  -0.187927  0.832403
  -0.614156  0.126389
  0.130533  0.610177
  0.134223  0.665953
  0.404857  0.435806
  -0.575075  0.753397
  0.419964  0.0660699
  0.78892  -0.510936
  -0.49975  -0.248712
  -0.777769  -0.501905
  0.261062  0.525886
  0.338115  0.00891423
  -0.738868  -0.597981
  -0.130106  -0.155817
  0.0469173  -0.141783
  0.0171414  -0.0499594
  0.0182324  0.261067
  0.815213  -0.325258
  0.136114  -0.411006
  -0.174282  -0.700503
  -0.515184  -0.318271
  0.493409  0.44725
  0.137894  -0.856323
  -0.223805  0.222474
  -0.278694  0.739093
  -0.629358  -0.584889
  -0.582626  -0.647338
  -0.828451  -0.297162
  0.155243  0.211532
  0.343283  0.519033
  -0.547756  0.672704
  -0.431095  -0.236994
  -0.523595  0.529624
  -0.653148  -0.684983
  -0.0796677  0.448886
  -0.151034  0.501786
  0.900181  0.258311
  0.657215  -0.411444
  0.946994  -0.0389807
  -0.266417  -0.213319
  -0.346888  0.637127
  -0.540088  -0.0496005
  -0.578909  -0.143102
  -0.624204  -0.0707065
  -0.527072  -0.139957
  0.447364  -0.0141865
  0.933635  -0.186801
  0.188435  -0.492189
  -0.882634  -0.0125304
  -0.36426  -0.525262
  -0.139789  -0.441926
  -0.932231  -0.148296
  0.526864  -0.764153
  -0.94045  0.0810972
  -0.68542  0.536503
  -0.00684276  -0.877061
  -0.80564  0.301978
  -0.857501  0.234084
  0.691967  -0.559306
  0.549054  -0.467239
  0.0438857  -0.363608
  -0.263074  -0.912828
  0.0776085  0.00730367
  0.764168  -0.410938
  0.731671  -0.495215
  0.0132202  -0.946893
  0.322994  -0.891816
  0.574032  0.580424
  0.221416  0.779968
  0.174095  0.393039
  -0.307701  0.670551
  -0.35995  0.758121
  0.473209  0.279994
  0.434626  -0.566482
  0.331593  -0.367655
  0.408313  -0.150373
  0.509471  -0.600904
  -0.685065  0.0839754
  -0.278435  -0.125032
  0.372564  -0.873855
  0.545425  0.0366894
  -0.151671  0.24164
  -0.237699  0.294208
  -0.175091  0.314457
  0.328086  -0.163915
  0.28349  -0.0797161
  -0.433541  0.131311
  -0.0926798  -0.423834
  -0.782448  -0.0211091
  -0.328385  -0.0734767
  -0.270334  -0.263812
  -0.31647  -0.287629
  -0.0899895  0.649314
  0.0684365  -0.514093
  -0.717048  0.155794
  0.474038  -0.290395
  0.159001  0.307645
  -0.388027  -0.568976
  0.73862  -0.331031
  0.184893  -0.401915
  0.0754999  0.820773
  -0.566341  -0.417811
  0.70267  -0.642236
  0.0198413  -0.781377
  -0.146219  -0.25314
  -0.199692  -0.185895
  -0.34796  -0.199641
  0.773973  0.0569377
  0.711366  0.0785738
  0.72664  0.143429
  0.880464  -0.0639752
  -0.41683  -0.852566
  -0.249012  0.63875
  -0.152354  0.660601
  0.148439  -0.570777
  0.644526  0.674215
  0.41952  0.58292
  0.172944  0.846978
  0.33604  -0.115304
  -0.783584  -0.269366
  -0.585971  0.0849276
  -0.251957  -0.0125325
  -0.24966  -0.435233
  -0.32352  -0.369195
  -0.0771631  0.351816
  -0.720307  -0.107319
  0.0938113  0.523125
  -0.316173  0.532697
  -0.27253  0.577601
  -0.249429  0.481289
  -0.157284  -0.0271381
  -0.107915  -0.0405776
  0.949913  0.0854937
  -0.2082  0.534019
  0.629653  -0.314633
  0.354458  0.876205
  -0.195574  -0.933831
  -0.436942  -0.0952859
  -0.693442  -0.0481083
  -0.524569  -0.628516
  -0.464472  -0.595509
  0.510184  0.128006
  -0.00526907  0.859481
  0.478214  0.504272
  0.47332  -0.504172
  0.263805  -0.448545
  -0.386478  0.463161
  -0.497682  -0.807398
  -0.196848  0.93317
  0.674207  0.467499
  0.485108  0.576759
  0.877766  0.12174
  -0.699833  0.630746
  0.0788211  -0.561248
  0.0378786  -0.850574
  -0.282278  -0.582279
  -0.0474796  0.945669
  0.19005  -0.255022
  -0.772946  -0.387767
  -0.0131302  -0.720752
  -0.0814923  -0.738445
  -0.0616308  -0.804352
  -0.206143  -0.325678
  0.0157251  0.142939
  -0.0108007  0.0489239
  -0.0412376  0.113581
  0.203417  -0.349892
  0.658733  0.163604
  0.591835  0.179361
  0.627235  0.0298618
  0.577989  0.112104
  0.297452  -0.65954
  0.301633  -0.73229
  0.364672  -0.728484
  -0.00478325  -0.288476
  -0.428124  0.398685
  -0.420165  0.230355
  0.809637  0.317632
  0.454543  -0.831324
  -0.862552  0.405472
  0.322741  0.174652
  -0.468315  0.745006
  -0.469839  -0.443243
  0.214686  0.157829
  -0.262596  -0.360398
  -0.0191917  0.292191
  -0.733429  -0.318975
  0.296129  -0.793817
  0.391216  -0.291471
  0.468828  -0.232105
  0.335406  -0.216323
  0.5296  0.194076
  0.462089  0.210816
  0.455139  0.135371
  -0.0325999  0.796429
  0.589436  -0.0420547
  -0.138859  0.400183
  -0.315736  0.0609757
  -0.245687  0.067167
  -0.473629  -0.396163
  0.634449  -0.504029
  0.119485  -0.210834
  0.743073  -0.257152
  0.664725  0.564014
  0.728864  0.516884
  -0.0690142  -0.0128711
  0.831157  0.462812
  0.193782  0.931615
  -0.236667  -0.846961
  -0.32024  -0.435095
  -0.0555615  -0.500037
  0.263392  0.691581
  -0.295676  0.909997
  -0.0713754  -0.588859
  -0.0341304  -0.653168
  -0.0980221  -0.678393
  0.0824531  -0.609768
  -0.325636  -0.713838
  0.862137  -0.415183
  0.169232  -0.93367
  0.767487  0.45073
  0.787247  0.37848
  -0.890556  0.0779876
  -0.0503797  -0.33218
  0.641574  0.0990095
  -0.878319  -0.141049
  -0.261119  -0.742368
  0.434335  -0.789443
  -0.345351  -0.780502
  -0.187361  -0.0941366
  0.498121  0.635868
  -0.925877  -0.225703
  0.608029  -0.120873
  0.613342  -0.17125
  -0.865892  0.0303232
  0.455164  0.769543
  0.237744  0.241292
  -0.605667  0.376503
  -0.0292938  0.485204
  -0.393953  -0.432775
  -0.722126  -0.204481
  0.725652  0.225336
  0.0484294  0.752526
  -0.709924  0.210574
  -0.799757  0.20583
  0.37754  -0.788911
  -0.520663  -0.0929178
  -0.781445  -0.163127
  0.278272  -0.288761
  -0.527615  0.319781
  0.585012  -0.552582
  0.294466  0.313155
  -0.0575694  -0.453714
  0.705027  0.424867
  0.103156  -0.346515
  -0.0514118  0.564827
  -0.105019  0.493539
  -0.532275  0.484852
  -0.648625  0.70207
  -0.142613  -0.344134
  -0.178997  -0.418569
  -0.0746355  0.257836
  0.389798  0.216638
  0.445946  -0.463604
  -0.167134  0.0175592
  0.30455  -0.468852
  0.316218  -0.514494
  0.524084  0.725013
  0.746986  0.184451
  0.636959  -0.715984
  -0.170847  -0.860183
  -0.105757  -0.881553
  -0.140839  -0.943979
  0.00729952  0.955357
  -0.0029484  -0.567225
  -0.676711  -0.141949
  0.29428  0.610006
  -0.353771  0.0853171
  0.274323  -0.364892
  -0.542259  -0.790258
  0.116277  0.889025
  0.0367117  0.0258873
  -0.59089  -0.263034
  -0.949976  -0.0776196
  0.105474  -0.48918
  -0.956204  0.0391327
  0.555663  0.779422
  -0.452075  0.350612
  0.402677  0.303388
  -0.22753  0.394698
  -0.887062  -0.0575286
  0.939118  0.184811
  0.0300322  0.554734
  -0.236003  0.7252
  -0.215092  0.685411
  0.373723  0.804817
  -0.712102  -0.531173
  -0.668299  -0.608165
  -0.823584  -0.492069
  0.273483  -0.240331
  0.0400369  0.599126
  0.251197  0.0522643
  -0.940362  0.157276
  -0.297935  -0.331021
  -0.39065  -0.701686
  -0.540805  -0.23163
  -0.688719  -0.261218
  0.231619  -0.593083
  -0.0225192  -0.426726
  0.612084  -0.403703
  0.135098  0.791477
  0.296595  -0.592217
  0.36232  -0.586719
  -0.919335  -0.271572
  -0.527746  0.0165469
  0.235249  0.308471
  -0.111788  0.179227
  0.551281  -0.251966
  0.215099  0.650112
  0.228254  0.60724
  -0.749271  0.478307
  -0.200848  -0.280426
  -0.578337  0.273049
  -0.622396  0.227552
  -0.629475  0.622912
  0.72853  -0.451167
  0.374817  -0.643164
  0.237923  -0.0254888
  -0.367157  0.371423
  -0.392781  0.313682
  -0.362771  0.234169
  -0.290989  0.410788
  -0.301715  0.347339
  0.336323  -0.0691256
  -0.196972  -0.605402
  0.141485  -0.110231
  0.119299  -0.167441
  -0.536291  -0.720046
  -0.469674  -0.745107
  -0.732931  0.0590873
  0.579093  -0.650302
  0.558036  -0.694649
  0.253966  -0.175112
  0.397384  -0.369795
  0.468827  -0.380934
  0.947798  -0.125418
  -0.605744  0.513339
  -0.633583  -0.113207
  -0.38959  -0.0233008
  -0.798566  0.404818
  0.347701  -0.298148
  -0.878765  0.159295
  -0.242541  -0.481841
  0.251705  -0.108868
  0.446197  -0.609582
  0.445049  -0.669134
  0.464317  -0.424187
  0.749229  0.584075
  -0.840767  0.329929
  0.196  -0.174178
  0.0503612  -0.214671
  0.0383674  -0.285698
  -0.374053  -0.364812
  -0.488166  -0.162497
  0.582301  0.479439
  0.612442  0.512763
  0.549078  -0.112035
  -0.206987  -0.781785
  0.796851  0.113965
  -0.0261058  -0.085362
  -0.0300922  -0.0301082
  0.687982  0.66929
  0.165167  -0.889931
  0.129473  -0.948709
  0.54709  -0.194365
  -0.359026  -0.157335
  0.161148  -0.526817
  -0.111737  -0.194106
  0.149057  -0.0216704
  0.169693  0.0246351
  0.113034  0.0588611
  0.60783  -0.588901
  -0.576178  0.18408
  0.0966044  -0.285425
  0.439748  0.0280188
  0.439277  0.852647
  0.569052  0.624352
  0.0260155  -0.450506
  0.508026  0.056506
  -0.414043  -0.294578
  0.560572  0.69385
  -0.517936  0.393199
  -0.0937176  -0.381691
  -0.29369  0.492856
  -0.431354  -0.567536
  0.10597  0.140459
  0.111857  0.227501
  0.0676344  0.198919
  -0.110153  0.324663
  -0.306382  -0.906201
  -0.119766  -0.638803
  0.498939  -0.676994
  0.261854  0.58185
  0.612617  -0.247856
  0.0984854  -0.430727
  0.0571873  -0.420014
  0.745454  -0.127719
  0.683907  -0.191264
  0.735  -0.196298
  -0.57683  0.0303693
  0.736786  -0.374413
  -0.273371  0.827808
  0.891667  0.353168
  -0.547106  0.63054
  -0.317236  0.757513
  -0.0271798  0.731481
  -0.790083  0.340944
  -0.0958165  0.0527889
  0.228582  -0.510134
  -0.498523  0.817498
  -0.459012  0.836082
  0.15246  0.945471
  -0.0879177  0.955705
  -0.0794733  0.873014
  0.0337121  0.902801
  -0.0494598  0.903196
  0.810884  0.185629
  0.589616  -0.457433
  0.176028  0.247445
  -0.0259092  -0.961937
  -0.254265  0.141112
  0.661835  0.0064354
  -0.486745  0.280029
  0.488843  -0.0187881
  0.729015  0.359788
  0.185876  0.805703
  0.181238  -0.758078
  -0.27082  -0.823011
  0.482924  0.734844
  0.112162  -0.0430221
  -0.482549  -0.0760836
  -0.144685  -0.67172
  -0.438406  0.267284
  0.081557  -0.900037
  0.16639  0.108055
  0.211853  0.0693687
  0.295563  0.24766
  0.811994  -0.266903
  0.332001  -0.438264
  -0.156129  -0.81015
  0.381086  -0.505728
  -0.379135  0.160809
  -0.14289  0.887498
  -0.191986  0.196229
  -0.159025  0.753539
  -0.156028  0.702191
  0.0474416  -0.0787744
  -0.549514  -0.564987
  0.857672  -0.00918666
  0.172188  0.722974
  0.343508  0.690421
  -0.651339  -0.550382
  -0.0530022  0.0743277
  0.508454  -0.0698404
  0.347503  0.731289
  -0.447197  -0.500825
  -0.391096  -0.49231
  -0.378393  -0.866334
  0.494602  -0.823618
  0.301671  0.0992182
  -0.0657366  -0.893245
  -0.386484  -0.651028
  -0.818742  -0.337141
  0.0372956  0.859855
  0.884458  0.165722
  0.588938  -0.0837742
  -0.103501  -0.0809787
  0.238844  -0.862112
  -0.252501  -0.6503
  0.688625  -0.124866
  0.228002  0.371886
  -0.386136  0.722997
  0.489903  -0.744421
  0.849086  0.306839
  -0.475354  0.452468
  -0.527434  -0.485245
  -0.596887  -0.444602
  -0.587736  -0.504238
  -0.180886  -0.357308
  -0.910605  0.296992
  0.376603  0.0939264
  -0.451987  0.203486
  -0.494191  0.206222
  0.53008  -0.804382
  0.931396  0.232266
  0.0379779  0.681198
  -0.587899  -0.182742
  0.51342  0.27733
  -0.0402873  0.603837
  0.222985  0.690877
  0.44742  -0.75134
  0.817844  0.240966
  0.25122  0.177571
  0.36581  -0.145131
  0.524989  0.805532
  -0.196902  0.137752
  -0.17732  0.069974
  -0.760079  -0.465099
  -0.80388  -0.414322
  0.560498  0.399956
  -0.145943  -0.117928
  0.00356365  0.408741
  0.0458484  -0.683354
  0.101115  -0.645982
  0.118654  -0.706959
  0.0811606  -0.725244
  -0.182671  0.587497
  0.478504  -0.190587
  -0.247609  0.0272218
  -0.253022  0.1949
  -0.287811  0.265782
  -0.318734  0.220305
  -0.0796275  0.134495
  -0.0753058  0.195867
  -0.0191619  0.195364
  0.22603  -0.633745
  0.174602  -0.695055
  0.161577  -0.639537
  0.716063  -0.0546277
  0.66048  -0.0533672
  0.421236  0.816903
  -0.860692  -0.389827
  -0.853061  -0.213324
  -0.661628  0.263385
  -0.718143  0.305188
  -0.671172  0.340329
  -0.22386  0.812687
  0.153882  0.357146
  0.284891  0.822498
  0.479651  0.398999
  0.531858  0.437215
  0.650559  0.381629
  0.617773  0.425586
  0.435708  -0.301683
  0.207083  0.868302
  -0.337545  0.836551
  -0.187172  -0.223444
  0.805149  -0.199053
  -0.359731  -0.0975131
  -0.158565  -0.594175
  -0.451884  0.0512898
  0.49778  -0.258895
  0.670822  -0.316006
  -0.0203223  -0.517923
  -0.479831  0.124868
  -0.524441  0.155739
  -0.432536  -0.195089
  -0.511035  -0.204565
  0.00933989  -0.635932
  -0.685755  0.179578
  -0.394764  -0.221558
  0.362923  -0.835882
  0.427278  -0.860163
  0.383089  0.749152
  0.0379817  -0.0148885
  -0.248712  0.255239
  0.530263  -0.329726
  0.0976632  0.681399
  0.524011  -0.43659
  0.221711  -0.827068
  -0.211128  0.444016
  -0.170694  0.447007
  -0.539222  0.233176
  0.869975  -0.236707
  -0.0884778  0.722817
  0.10283  -0.820334
  -0.314879  -0.676199
  -0.245077  -0.706847
  -0.389727  0.206062
  0.271415  0.730553
  0.0501834  0.344406
  -0.756767  0.154599
  -0.933715  -0.187382
  -0.638897  0.40338
  -0.616487  0.46486
  -0.569945  0.441259
  -0.720423  0.557928
  0.0195653  -0.488772
  0.187142  -0.0655327
  0.353732  0.363109
  0.269664  0.898546
  -0.436942  -0.770691
  -0.472285  -0.836999
  0.178877  -0.822727
  0.916402  -0.221396
  -0.620716  0.672214
  -0.181156  0.35296
  -0.25533  0.328971
  0.351404  -0.530474
  0.899224  0.0214971
  0.312056  0.795116
  -0.855592  -0.173658
  0.866693  -0.148944
  -0.444176  0.575384
  -0.641959  -0.196844
  -0.88686  0.372951
  -0.807117  -0.526983
  -0.466533  0.00524675
  -0.39454  0.0252486
  -0.696813  0.123132
  -0.655214  0.108545
  -0.463863  0.524839
  0.0836408  0.0971755
  0.0452916  0.0998686
  0.825501  -0.135544
  -0.938512  0.00470441
  0.780604  -0.567142
  -0.699521  0.50096
  -0.202422  0.00229923
  -0.243946  -0.050453
  -0.613833  -0.0156955
  -0.588474  -0.0513765
  -0.688333  -0.17992
  -0.952595  0.119201
  0.143415  -0.765813
  0.00877113  -0.140543
  0.521888  0.361487
  0.794378  -0.0497394
  0.770661  -0.180397
  0.421946  -0.638902
  -0.344785  -0.259458
  -0.375149  -0.297548
  0.2404  0.129646
  -0.091283  -0.158809
  0.112622  0.574909
  0.0774437  0.606297
  -0.335025  0.901205
  -0.489282  0.318306
  0.0249271  0.0620968
  0.121802  0.297953
  0.11376  0.374126
  0.384145  0.596917
  0.337492  0.556812
  -0.267946  0.884044
  -0.650134  -0.314649
  -0.64589  -0.39034
  -0.689305  -0.362786
  -0.658545  0.0156706
  0.00663856  0.224173
  -0.0657287  -0.959776
  0.564271  -0.311931
  0.187175  0.549762
  0.22325  0.524749
  0.122418  0.449533
  0.140846  0.52236
  -0.24574  -0.572917
  -0.133119  0.575827
  0.713321  -0.528191
  0.699654  0.0111909
  0.0986268  0.268094
  0.0799953  0.411576
  0.172934  -0.439344
  0.689568  0.592465
  -0.416712  0.0970119
  -0.342407  0.42052
  -0.00737712  0.621824
  -0.816321  -0.100618
  -0.508266  0.0716133
  0.252095  0.931639
  -0.445408  -0.319426
  -0.395712  0.881675
  -0.249202  -0.396094
  0.548785  -0.386224
  -0.641221  0.587459
  -0.686853  -0.010852
  0.917242  -0.294147
  0.109976  -0.583312
  -0.327796  0.0126499
  -0.305813  -0.0198178
  -0.654081  -0.247219
  0.394185  0.672629
  0.047891  0.457738
  -0.29351  0.704954
  0.962468  -0.0866237
  -0.613811  -0.668475
  -0.50331  -0.372099
  0.815375  -0.362462
  0.853277  -0.323766
  0.891655  -0.361396
  0.562321  -0.781821
  0.446504  0.359403
  0.436381  0.285965
  0.482734  0.316236
  -0.406763  -0.816801
  0.342975  -0.803915
  0.41256  0.546451
  -0.0616614  -0.097387
  -0.830512  0.496208
  0.547549  0.553986
  -0.497387  0.594165
  0.557133  0.321713
  0.603865  0.350342
  0.625863  0.294886
  0.456669  0.432231
  0.306571  0.754921
  0.248167  0.805391
  0.407227  0.472625
  0.368015  0.437773
  0.329609  0.402879
  0.403124  0.396313
  -0.554309  0.106371
  -0.279094  0.45824
  -0.125461  0.0997507
  -0.216889  -0.416045
  -0.149846  0.833657
  0.124924  0.755118
  0.657003  -0.105519
  -0.29279  -0.0889648
  0.698312  0.49576
  -0.404541  0.808865
  0.921899  0.288957
  -0.309704  0.586035
  0.873542  0.232887
  -0.551439  -0.327942
  -0.176214  -0.0588902
  0.0515065  0.790798
  -0.726577  -0.635082
  0.455324  -0.536166
  0.699682  0.284093
  0.762726  0.298299
  0.757755  0.243046
  -0.115377  -0.752395
  -0.0938286  -0.822585
  -0.0139959  -0.378539
  0.0316272  -0.329073
  0.469398  0.660328
  0.249034  -0.935
  0.673191  0.326445
  -0.288653  -0.544732
  0.257179  0.413884
  0.2075  0.452043
  -0.816287  0.10931
  -0.915617  -0.308627
  -0.853662  -0.270709
  -0.607928  -0.744383
  -0.63933  -0.71969
  -0.574551  -0.683647
  0.419612  0.619891
  0.825318  0.380587
  -0.58425  0.674435
  0.966645  0.0521099
  -0.954295  -0.11627
  0.294198  -0.696222
  0.893512  -0.108044
  0.335074  0.483543
  0.307068  0.527373
  0.263198  0.486364
  -0.659319  -0.0609276
  0.469309  -0.0984219
  0.000528301  -0.912741
  0.364972  -0.678949
  0.399155  -0.715896
  -0.0160046  -0.789938
  -0.0395315  -0.833598
  0.411082  -0.0181662
  0.0931226  0.736701
  0.725172  -0.0189547
  0.647067  0.598125
  0.123022  -0.377029
  -0.0512272  0.395863
  -0.555645  0.51261
  0.517258  -0.363641
  0.865351  0.0872621
  0.810325  0.0524055
  0.832593  0.120077
  0.116256  -0.0834937
  0.0828528  -0.146631
  -0.343799  0.673189
  -0.230877  -0.204906
  -0.77155  0.582008
  0.288926  0.664793
  0.296108  -0.916742
  0.298333  -0.865556
  0.596319  -0.328856
  -0.793388  0.0495745
  -0.564471  0.705861
  -0.693716  0.667763
  -0.576323  -0.539455
  -0.395784  0.498303
  -0.664415  0.0546474
  -0.85573  -0.321117
  0.0781632  0.965454
  -0.933666  0.226966
  -0.611071  0.744394
  -0.186768  0.232197
  0.0306303  -0.815514
  0.803677  0.540921
  0.644342  0.240896
  -0.235995  -0.273809
  -0.334855  -0.645194
  -0.704013  -0.606047
  -0.510537  -0.28281
  0.0434368  -0.967195
  -0.569757  0.60148
  0.0600844  0.535222
  -0.365776  0.00365396
  -0.761678  -0.352106
  -0.605784  0.0552037
  0.913394  -0.0505872
  0.741156  -0.295433
  0.773936  -0.325895
  0.366984  -0.444426
  0.407235  -0.233113
  0.210884  -0.693703
  -0.616905  -0.345423
  -0.47182  -0.781584
  -0.328202  0.161343
  0.24355  -0.477828
  0.302624  0.00253311
  -0.810185  0.526325
  -0.772379  -0.582124
  0.270968  -0.0439796
  0.603966  0.750302
  -0.665348  0.620593
  -0.517089  0.69121
  -0.229014  -0.922335
  -0.179682  -0.664834
  0.599218  -0.368827
  0.716441  -0.103096
  0.754362  0.490209
  0.826148  0.49802
  0.15481  0.636581
  -0.757502  0.232855
  -0.774674  0.285042
  -0.82808  0.257641
  -0.758014  -0.293672
  -0.29126  -0.723314
  -0.0123149  0.328798
  0.0964162  0.859874
  0.142868  0.865848
  -0.124347  0.637414
  -0.339102  0.787073
  -0.121542  -0.502771
  0.669459  -0.377838
  -0.130145  0.960772
  -0.280429  0.0608746
  0.0924082  0.487879
  0.66881  -0.701175
  0.66011  -0.480036
  0.0333984  0.718726
  -0.0233471  -0.162164
  0.580888  -0.184735
  0.141  0.133842
  -0.266362  0.932423
  -0.730067  0.0241378
  -0.391139  -0.396186
  -0.354786  -0.440867
  0.955885  0.123923
  -0.0279093  -0.196862
  -0.0379854  0.00463081
  0.308338  0.215151
  0.358848  0.658231
  -0.480142  -0.309536
  -0.0206736  0.143621
  -0.110454  0.257926
  0.88784  0.388319
  -0.45133  0.168496
  -0.46472  -0.246971
  0.285611  -0.532659
  -0.372954  0.544901
  -0.384648  0.582672
  0.718505  0.650848
  0.26214  0.379303
  0.778556  -0.254796
  0.823671  -0.512405
  -0.504924  0.239383
  0.0433234  -0.553584
  -0.00166868  -0.21977
  0.328246  0.0767384
  0.669466  0.700086
  -0.747747  -0.180724
  -0.742834  -0.233813
  -0.793469  -0.234764
  -0.76227  0.120297
  -0.822307  0.156301
  0.0524184  -0.769437
  0.0197751  -0.708886
  -0.716514  -0.454359
  0.602336  -0.723456
  -0.968137  -0.0347748
  -0.447757  -0.372933
  0.768746  0.0226599
  0.804398  -0.541944
  0.668845  -0.23548
  -0.28605  -0.789565
  -0.850104  -0.000541821
  -0.157484  -0.733359
  0.0426669  0.287002
  -0.249585  -0.879184
  -0.181965  -0.892955
  -0.0407665  -0.868862
  0.822914  -0.0120031
  0.848216  -0.0768068
  0.315425  0.139443
  -0.353  0.453666
  -0.594625  0.154878
  -0.0481046  0.333171
  0.00815432  -0.748455
  -0.0276054  0.678728
  0.358691  0.84196
  0.411839  0.876226
  0.0822153  -0.0757902
  0.932649  -0.0060931
  -0.876909  0.194019
  -0.946232  0.191436
  -0.847837  -0.464095
  -0.787468  0.17249
  0.684139  -0.266542
  -0.329764  0.487217
  -0.365851  -0.898393
  -0.608592  -0.612639
  -0.599376  -0.567499
  0.263024  -0.65796
  0.267045  -0.725559
  -0.0762073  -0.772798
  0.854598  -0.451581
  0.443716  0.504348
  0.538362  0.242048
  0.468011  0.244721
  0.496805  0.204638
  -0.501147  -0.67148
  -0.447822  -0.6256
  0.594015  0.038716
  0.57017  0.0786268
  0.604456  0.224207
  0.693417  0.152284
  0.673645  0.0863032
  0.668553  0.196552
  0.63763  0.0647385
  0.625514  0.172457
  -0.0200163  0.828424
  0.622451  0.647081
  -0.0809296  -0.308411
  0.162615  0.478907
  0.084328  0.340676
  -0.361533  -0.057912
  -0.0641811  0.480499
  -0.54851  -0.113079
  -0.286374  0.772556
  -0.874661  0.109462
  -0.0993134  -0.566753
  -0.416344  0.682307
  -0.494573  -0.611917
  0.965412  0.00703761
  0.526447  0.690836
  -0.211877  0.0776602
  0.705232  0.0449307
  -0.506319  -0.54581
  -0.219153  -0.134275
  -0.168299  -0.172326
  -0.114443  0.424383
  -0.109405  0.367618
  -0.541268  -0.598411
  0.0449071  -0.176104
  0.693959  -0.676427
  0.883928  -0.285996
  -0.173039  -0.522126
  -0.571643  -0.21421
  0.376182  0.127954
  0.240253  -0.422069
  0.921834  0.107357
  0.0786829  0.165502
  0.0437312  0.161957
  -0.134962  0.204816
  -0.163592  0.144119
  -0.229579  0.941818
  -0.500678  -0.45711
  -0.536628  -0.398877
  -0.536541  -0.452266
  0.738597  0.432147
  -0.337783  -0.840806
  0.0465546  -0.93322
  0.503273  0.0943411
  0.464875  0.0533454
  0.439833  0.105216
  -0.0893128  0.0195322
  0.251385  0.757948
  0.199883  0.742967
  -0.249472  0.756349
  0.395612  -0.416541
  0.327107  -0.404789
  -0.57349  -0.717414
  -0.459482  -0.67411
  -0.181354  0.678996
  0.551889  -0.527956
  -0.0677839  0.623684
  -0.215301  -0.0691851
  -0.533381  -0.0166267
  0.513675  0.500936
  -0.55348  0.344354
  0.136114  -0.503852
  0.822326  0.286226
  0.154867  0.818651
  -0.20457  -0.857617
  0.770368  -0.104655
  -0.498358  0.729066
  -0.470744  0.37894
  -0.652877  0.190278
  -0.427327  0.327671
  0.377964  0.524774
  0.196426  0.58343
  0.159783  0.592
  -0.226683  0.505987
  -0.246402  0.556482
  -0.207353  0.610472
  -0.448119  -0.705952
  -0.5977  0.343119
  0.650153  0.131307
  0.330866  -0.66034
  0.299128  -0.626158
  0.584727  0.144836
  0.545452  0.119735
  0.520181  0.162024
  0.328705  0.310625
  0.297102  0.43788
  -0.694131  0.240075
  -0.280179  0.651287
  0.0384083  0.234458
  0.608602  -0.525623
  0.656042  -0.529456
  0.659045  -0.572073
  0.721947  0.110308
  0.475348  0.846566
  -0.122047  -0.317631
  -0.0970031  0.289112
  -0.164282  0.282532
  -0.4181  -0.0414761
  -0.0234327  0.969414
  -0.171828  -0.451122
  0.285941  -0.164943
  0.259113  -0.208394
  -0.42912  0.606251
  0.304581  -0.228678
  0.104387  0.80427
  -0.598916  -0.41148
  0.563318  -0.0201093
  -0.733775  0.630456
  -0.0869128  0.836418
  -0.236523  -0.339536
  -0.359508  0.605558
  -0.889337  0.224773
  0.743823  0.0710926
  -0.79427  -0.360104
  -0.285192  0.129168
  -0.286203  0.194738
  -0.354851  0.286571
  -0.320678  0.295635
  0.144042  0.0461827
  0.459458  -0.325338
  -0.558524  0.785546
  -0.170516  0.953566
  -0.918652  -0.0671567
  0.21694  -0.319492
  0.166436  -0.278244
  0.163092  -0.327834
  -0.701006  0.276974
  -0.319852  -0.402044
  0.475818  -0.590547
  -0.12699  -0.224162
  -0.063968  -0.251163
  -0.0796826  -0.203057
  0.329821  -0.593807
  0.429541  0.216056
  0.454164  0.169339
  0.424329  0.149707
  0.451996  0.576452
  -0.496586  0.762007
  -0.706635  -0.233564
  -0.747518  -0.516427
  -0.725367  -0.561316
  0.36427  -0.375439
  0.383143  0.892468
  -0.204797  0.299391
  -0.546022  0.410482
  -0.718406  -0.401153
  -0.0665296  -0.361767
  -0.794509  0.4564
  0.23151  -0.559552
  0.20242  0.314011
  0.233391  0.275473
  -0.142401  0.318151
  0.935387  -0.248628
  -0.704107  0.377873
  0.190984  -0.138079
  0.258016  -0.142113
  -0.552614  0.293459
  -0.583352  0.400642
  -0.177283  0.522042
  0.285122  0.927963
  0.218753  -0.110132
  -0.249284  0.603758
  -0.319896  -0.468061
  -0.271639  -0.496867
  -0.287487  -0.435159
  -0.506868  0.463292
  -0.334291  0.35233
  0.430155  -0.434109
  -0.0497263  -0.730223
  -0.0672146  -0.66734
  -0.025506  -0.684841
  -0.451359  0.474902
  -0.28638  -0.30043
  -0.970955  -0.00180512
  0.526344  -0.136351
  -0.604799  -0.0972742
  0.654537  -0.17512
  0.482428  0.543999
  0.517121  0.569306
  -0.763834  0.507516
  -0.048067  0.276875
  -0.788186  -0.553569
  -0.621037  -0.249338
  -0.41445  0.289359
  -0.10996  0.885604
  -0.41268  0.649455
  -0.710362  -0.0761318
  0.263564  -0.79302
  0.293752  -0.826826
  -0.380568  0.0655646
  0.352409  0.188773
  0.835007  -0.388364
  0.791304  -0.391821
  0.788466  -0.433553
  -0.216726  -0.633454
  0.733828  -0.630966
  0.609398  0.103699
  0.807834  0.351512
  0.284249  0.181176
  0.241344  0.208456
  -0.213275  -0.700167
  0.798796  0.459542
  0.416462  0.700205
  0.226509  -0.762592
  0.780467  0.575046
  0.198671  0.899589
  0.172228  -0.790117
  0.610784  -0.481932
  -0.684892  -0.691067
  0.201192  -0.945052
  0.194807  0.481765
  -0.322306  0.0925952
  -0.63844  0.369013
  -0.0282704  -0.264319
  -0.861571  0.440168
  0.0436394  0.971707
  -0.518677  -0.17316
  -0.0190134  0.55308
  0.49541  0.820292
  -0.573595  -0.782798
  0.858567  0.439372
  -0.898007  -0.37433
  -0.90645  -0.341381
  -0.831149  0.214808
  0.959414  -0.156373
  -0.123621  0.814759
  -0.119949  0.782582
  -0.0901076  0.769861
  0.516576  0.0187595
  0.29447  -0.438047
  0.350122  0.908036
  -0.970604  0.069817
  0.371992  0.293795
  -0.231237  -0.760725
  -0.225086  -0.808587
  0.48158  0.788421
  0.612963  -0.215713
  -0.423547  -0.128084
  0.390033  -0.123658
  -0.842069  0.465986
  -0.562131  -0.622719
  -0.830563  0.40472
  0.561446  0.189798
  -0.42594  -0.432508
  -0.699757  -0.427126
  0.501085  -0.309315
  0.0305033  0.520142
  0.0561347  0.631902
  -0.745415  0.348253
  -0.443143  0.766781
  0.225405  0.339467
  -0.0236378  0.0869163
  0.714413  0.388562
  0.775537  0.408183
  0.00357653  0.667619
  0.354585  -0.901619
  0.142798  -0.189037
  0.762313  -0.597694
  0.313445  -0.0920753
  0.457452  0.693058
  -0.645801  -0.457678
  -0.213364  0.748433
  -0.0525997  -0.615525
  0.0110089  -0.603871
  -0.0324245  -0.578912
  -0.161659  0.378051
  -0.773572  -0.435745
  -0.574672  -0.292139
  -0.617955  -0.307542
  -0.574786  -0.354943
  -0.570506  -0.386369
  -0.206395  0.859868
  -0.511243  -0.0626798
  0.388253  0.0643854
  0.296592  0.852152
  0.141892  0.180967
  0.185625  0.133236
  0.191004  0.179224
  0.142859  0.386991
  0.23079  -0.666839
  -0.0662205  -0.139062
  -0.326224  0.613089
  -0.378628  0.341957
  -0.0308871  -0.306879
  0.958119  0.157291
  0.333439  -0.735135
  0.641322  0.498403
  0.638877  0.531242
  0.69831  0.531154
  0.410081  0.731705
  -0.584215  0.116432
  0.591623  0.701025
  0.253146  -0.531399
  0.42308  -0.536376
  -0.861967  0.353418
  0.408565  -0.317913
  0.327826  0.0410295
  -0.0374835  0.871109
  0.796633  0.0816631
  0.0590798  -0.110378
  -0.395937  0.384292
  -0.410835  0.425451
  0.000156961  0.1704
  0.790932  -0.0131536
  0.913058  0.33007
  -0.311242  -0.595794
  -0.271092  -0.624242
  -0.290918  -0.655759
  0.636429  -0.603324
  0.542367  0.75077
  0.428728  -0.696018
  0.487476  -0.706901
  -0.874961  -0.107705
  -0.163051  0.862733
  0.707877  0.253733
  0.113233  0.965984
  -0.362098  -0.230385
  0.152286  0.693083
  -0.396517  -0.732623
  -0.356604  -0.70805
  -0.336415  -0.750287
  -0.130894  0.722035
  -0.296659  0.557392
  0.548457  -0.724823
  0.592908  -0.770407
  -0.113557  -0.961112
  -0.0661384  -0.924676
  -0.123168  -0.918078
  0.169527  0.278114
  0.0993206  0.0303344
  0.0678629  0.668741
  -0.735643  0.384918
  -0.381584  -0.328552
  -0.412095  -0.372003
  0.342331  0.803516
  -0.378406  0.646764
  -0.359214  0.705017
  -0.643092  0.302824
  -0.608809  0.306358
  -0.601554  0.250821
  -0.198863  0.379919
  -0.41604  -0.640261
  -0.606376  -0.128392
  -0.0856224  -0.707281
  0.00100262  0.795893
  -0.262626  -0.0769916
  -0.662318  -0.484367
  -0.694824  -0.487363
  -0.710541  -0.340048
  0.134818  0.913999
  0.0920202  0.908495
  0.708306  -0.474745
  0.478773  -0.128368
  0.617603  -0.750944
  0.153388  0.416297
  -0.556306  -0.500692
  -0.50616  -0.513557
  0.207443  0.249959
  -0.0635536  0.226728
  -0.862572  -0.0372216
  -0.137206  0.531343
  0.265619  -0.59263
  -0.408302  0.149683
  0.119372  -0.0129284
  -0.45728  -0.471547
  0.537363  -0.621979
  0.204628  -0.576173
  0.184059  0.647338
  0.365876  -0.759811
  0.651964  -0.634995
  0.632899  -0.684513
  0.293551  -0.762576
  -0.764763  -0.0846658
  -0.752594  -0.146823
  -0.795116  -0.134448
  0.243598  0.667761
  -0.138524  -0.78416
  -0.193197  -0.753921
  0.112916  -0.1363
  -0.931958  0.272334
  0.075166  -0.360767
  -0.032853  0.516007
  0.00505262  0.731456
  -0.0297527  0.762312
  -0.121661  -0.367464
  0.279443  -0.319931
  0.317276  -0.291372
  0.340741  -0.328179
  0.508111  -0.631699
  -0.640654  -0.521176
  -0.681416  -0.543561
  -0.437214  0.811591
  -0.909495  0.156208
  -0.518583  0.616536
  -0.514689  0.562574
  -0.547038  0.56027
  0.913753  0.049609
  -0.293513  -0.361646
  -0.312179  -0.859706
  -0.381273  0.841613
  0.62024  -0.277735
  -0.0817324  0.165482
  0.745279  -0.160172
  0.000875604  0.492041
  -0.0641639  0.789285
  0.582184  -0.253426
  0.408415  0.273178
  -0.496656  -0.730405
  0.102337  -0.315707
  0.812058  0.144269
  0.649446  0.723488
  0.741242  -0.226432
  0.544331  0.507113
  0.513052  -0.0387813
  0.55926  -0.281627
  0.88658  -0.393605
  -0.174288  -0.387764
  -0.0530365  -0.423347
  -0.359206  0.136403
  -0.660236  -0.167755
  -0.763832  0.0586058
  0.0586653  -0.874113
  0.113126  -0.876692
  0.0741174  -0.83103
  -0.115797  0.932823
  0.587007  0.281463
  0.575192  0.252091
  0.757691  0.370504
  -0.79713  0.374312
  -0.767885  0.406425
  -0.179171  -0.255496
  -0.405476  -0.881407
  0.244531  -0.357853
  0.262761  -0.400907
  0.495082  -0.42597
  0.946988  -0.220307
  -0.0612203  0.973069
  -0.412833  -0.156818
  0.366761  0.0256931
  0.208325  -0.280287
  0.24156  -0.236122
  0.239351  -0.298565
  0.355656  0.62726
  -0.367099  0.900636
  0.0521498  -0.25623
  0.0881421  -0.212574
  0.113525  -0.241801
  0.551582  -0.497545
  -0.343332  -0.810876
  0.542933  -0.591825
  -0.442076  0.862202
  0.680701  -0.15618
  -0.680768  0.47702
  -0.735747  0.451111
  -0.115477  -0.403311
  0.840887  -0.25765
  0.855189  -0.209692
  0.800334  -0.229479
  -0.482472  -0.0444472
  -0.18415  -0.577956
  0.830714  0.0294626
  0.849287  0.0610976
  0.883545  0.0535413
  0.222934  0.944059
  0.296214  -0.561495
  -0.597538  0.205597
  -0.640383  0.162539
  0.497247  0.605073
  -0.44746  0.690274
  -0.471257  0.640708
  0.399941  -0.262489
  0.608242  -0.658548
  -0.604983  0.543546
  -0.636771  0.513979
  -0.6596  0.563164
  -0.527675  0.362931
  -0.118584  0.607601
  -0.169401  0.634224
  0.857734  0.182261
  0.313162  0.684114
  0.365185  -0.00445842
  -0.171119  -0.954617
  -0.164689  -0.924507
  -0.658997  -0.579514
  -0.874035  0.261169
  0.904229  -0.175226
  -0.0697431  0.42007
  0.970757  -0.0575969
  -0.329957  0.865659
  -0.379246  -0.460426
  0.20097  0.712281
  -0.429723  -0.267905
  -0.542841  0.757136
  -0.741775  0.282111
  -0.24804  -0.12482
  -0.315626  -0.784549
  -0.336763  -0.907222
  -0.451849  -0.417045
  -0.517492  -0.696651
  -0.748355  0.545525
  -0.494183  0.521563
  0.427055  -0.728487
  -0.216259  0.889302
  0.640227  0.445386
  0.68296  0.401372
  -0.226762  -0.30302
  -0.0833416  0.566583
  0.57888  -0.391667
  0.661667  -0.346191
  0.01623  -0.376056
  -0.494304  0.671802
  -0.526686  -0.816293
  -0.670982  0.510206
  0.257956  0.611618
  0.478714  -0.848999
  -0.130682  -0.472292
  -0.187154  -0.482919
  0.366725  -0.0652443
  0.337018  -0.0388618
  -0.276287  -0.15766
  -0.304812  -0.143153
  -0.317043  -0.204827
  -0.319507  0.190188
  0.391173  -0.578644
  -0.0848533  0.68162
  -0.885915  -0.407208
  0.712907  -0.257463
  -0.332932  -0.17311
  0.543455  -0.160881
  0.366  -0.216459
  0.346684  -0.265721
  0.121705  0.545934
  0.342447  0.152193
  0.245908  -0.905195
  0.216296  -0.884028
  0.579183  -0.112256
  0.214452  -0.00372586
  0.113885  -0.790942
  0.268833  -0.8596
  0.527487  -0.685523
  0.777122  0.185007
  0.770436  0.127908
  0.43888  -0.371363
  0.556506  0.00896264
  0.189541  0.420321
  0.402905  0.243657
  -0.34497  -0.297553
  -0.96043  -0.174292
  -0.416126  0.474112
  0.264555  0.31464
  0.312792  0.463453
  -0.53847  0.807533
  0.763186  -0.492547
  -0.0502877  0.454093
  0.0730229  -0.970113
  0.103279  -0.964767
  -0.184218  0.166671
  0.873696  -0.0346557
  0.190197  -0.631681
  0.158088  -0.610064
  -0.191683  0.558967
  -0.176038  -0.327538
  -0.0629796  0.661581
  -0.750767  -0.0310778
  0.237343  0.870924
  -0.295936  0.381525
  -0.243654  0.356203
  -0.262221  0.403494
  0.774737  -0.0737257
  0.0668572  0.855495
  -0.563197  -0.251558
  0.234579  -0.711382
  0.182091  -0.728527
  0.345973  -0.860396
  0.173141  -0.554101
  0.746309  -0.0518502
  0.748562  0.00110076
  -0.810491  -0.00608689
  0.475308  0.472962
  0.179493  0.957546
  0.499615  -0.48861
  0.495074  -0.526797
  0.870481  0.286519
  0.86855  0.328986
  -0.0294779  -0.353233
  0.295926  0.283064
  0.326132  0.245849
  0.21404  -0.407964
  0.20659  -0.379319
  -0.134108  -0.872245
  -0.10102  -0.851447
  -0.125732  -0.812509
  0.111689  -0.458793
  0.724189  -0.565827
  0.698719  -0.611616
  0.430593  0.753042
  -0.951455  -0.210973
  0.0168323  0.927233
  0.438254  -0.232606
  0.432706  -0.17138
  0.403297  -0.180862
  -0.677191  -0.334612
  -0.663511  -0.288038
  -0.707614  -0.284014
  -0.441497  0.545234
  -0.165122  0.90671
  0.750023  0.614657
  0.196939  -0.223463
  -0.256426  0.110815
  -0.19671  0.103612
  0.740695  0.555918
  0.772169  0.514872
  0.0813817  0.936314
  0.0630407  0.913031
  0.211651  -0.0494287
  -0.221072  -0.588734
  -0.165003  0.210677
  -0.752995  -0.0014308
  -0.234435  -0.545762
  0.52747  -0.0921856
  -0.458824  0.717283
  0.132837  -0.645465
  0.461214  -0.262163
  0.828988  -0.0988943
  0.285846  0.361108
  -0.908485  0.00285606
  0.166916  -0.860642
  0.415876  0.331896
  -0.823879  -0.0718826
  0.820888  -0.295679
  0.826088  -0.442469
  0.192335  -0.90087
  -0.518006  0.0440801
  -0.35901  -0.585467
  -0.386936  -0.600831
  -0.356504  -0.554917
  0.142009  0.0762664
  0.706972  -0.377216
  0.699328  -0.322323
  0.0898788  -0.0205881
  -0.961496  -0.144844
  0.289334  0.0295773
  0.241493  0.0241504
  0.322735  0.866744
  0.322558  0.918207
  -0.50032  0.433837
  0.00930381  0.885566
  0.441021  0.795244
  0.381567  0.188665
  -0.667656  -0.428623
  -0.578021  0.572962
  0.597689  -0.429246
  0.0675023  -0.289063
  -0.182386  -0.797451
  -0.312157  -0.048726
  -0.882511  0.289094
  -0.170175  0.477738
  -0.539608  -0.749357
  0.267018  0.241163
  0.519956  -0.465459
  -0.773788  -0.0489154
  0.234563  -0.79056
  0.168469  -0.0432802
  -0.343272  0.544806
  0.620415  0.585422
  0.941446  0.259823
  0.595052  0.637359
  0.740226  0.319146
  0.225031  -0.17169
  0.043638  -0.393438
  0.91964  -0.323209
  -0.0599771  0.728163
  0.198355  0.375599
  0.910278  0.179591
  -0.843  -0.112777
  -0.410774  0.74097
  -0.38516  0.786809
  0.399815  0.165746
  0.0281152  0.773419
  -0.0744035  -0.549582
  0.360727  -0.616677
  -0.0997179  -0.0109244
  -0.128566  -0.0188011
  0.380681  -0.474641
  0.552215  -0.222945
  0.788924  0.242802
  -0.323038  -0.316515
  -0.843559  -0.35547
  -0.388783  -0.0957198
  -0.359369  -0.128236
  0.236628  0.458861
  -0.536705  0.12944
  -0.533916  0.0855107
  -0.489464  0.0976368
  -0.4949  0.0104835
  -0.479546  0.0663114
  -0.225747  0.657497
  0.509283  0.664666
  0.539679  0.627422
  0.566817  0.665586
  0.440302  0.640484
  0.411908  0.648048
  -0.419251  -0.705612
  -0.553273  0.464925
  -0.262926  0.280297
  -0.694857  0.434603
  -0.685556  0.40604
  -0.442587  -0.837764
  0.446482  -0.0802088
  0.640543  -0.240814
  -0.451382  -0.120318
  -0.123873  0.666495
  -0.447511  -0.0185062
  0.569212  -0.577821
  -0.632838  0.439111
  0.000742603  -0.97285
  -0.391642  0.234878
  -0.553786  -0.650506
  -0.225619  0.138829
  0.0807467  -0.777097
  0.123521  -0.736789
  0.250448  0.834818
  0.510159  0.471595
  -0.331027  -0.540314
  -0.422642  0.0317206
  -0.436606  0.0756079
  0.303611  -0.352745
  0.358364  -0.558305
  0.596483  0.536874
  0.419099  -0.475404
  -0.128491  -0.532078
  -0.0921889  -0.502446
  0.487693  -0.155895
  0.507666  -0.196354
  -0.457838  0.429824
  -0.748757  0.0829785
  0.10068  -0.921481
  0.152047  0.744179
  -0.0818708  -0.274515
  0.642185  0.270315
  -0.24843  -0.678526
  -0.0212468  0.391304
  -0.509268  0.297759
  -0.425372  -0.0691334
  0.0563496  0.39524
  0.921289  -0.114752
  -0.128859  -0.568887
  -0.139871  -0.615678
  -0.0998689  -0.618267
  0.215895  -0.484635
  0.830345  0.434117
  0.753089  0.155868
  -0.18073  -0.549616
  -0.486038  -0.566829
  -0.444087  -0.529625
  -0.473223  -0.513544
  0.646563  0.315111
  -0.714632  -0.660936
  -0.662695  -0.636581
  -0.913635  0.342893
  -0.86419  0.312564
  -0.557089  0.211068
  -0.551091  0.170338
  -0.508691  0.181582
  0.0511718  -0.487592
  0.470509  -0.683247
  0.406012  -0.781203
  0.513778  -0.549083
  -0.418771  -0.499043
  0.19237  0.0486967
  0.190219  0.0877777
  -0.3967  0.527643
  0.79767  -0.171674
  0.801178  -0.119344
  0.820659  -0.0693888
  -0.185071  -0.726741
  -0.669084  0.682174
  0.480791  0.117711
  -0.282646  0.800703
  -0.308951  0.836448
  -0.707743  0.58434
  -0.760305  0.608047
  -0.15899  0.420731
  0.173297  -0.00472214
  0.562215  0.459124
  0.604292  0.45074
  0.593161  0.411608
  -0.862727  0.0621743
  -0.888417  0.0493584
  -0.840848  0.0439172
  0.450285  -0.637653
  0.626418  -0.428609
  -0.638625  0.731021
  0.752425  0.214755
  -0.275639  -0.18625
  -0.636061  -0.224909
  0.716155  -0.131386
  -0.272633  0.856117
  0.145472  -0.226508
  0.371777  0.775869
  0.0669653  0.271212
  0.0993277  0.315245
  0.0519782  0.314629
  0.585748  0.774703
  0.40346  -0.881152
  0.464412  -0.353091
  -0.55628  0.00928073
  -0.125672  -0.0983621
  -0.416186  0.580837
  0.283076  -0.0181915
  -0.931455  0.0537809
  -0.92715  0.106324
  -0.907333  -0.12936
  -0.903499  -0.160238
  -0.74438  -0.389179
  0.231178  0.0921248
  0.86806  0.368381
  -0.0471693  0.202821
  -0.159565  0.0462275
  0.541734  -0.414032
  0.539426  0.299703
  -0.0228561  0.264222
  -0.809148  0.232367
  0.736612  -0.40307
  0.387233  0.334081
  0.367675  0.235802
  0.350467  0.261811
  -0.615647  -0.0438366
  0.271843  0.553721
  -0.467758  -0.143166
  0.118493  0.638983
  -0.0134713  -0.0566797
  -0.617005  -0.181836
  -0.560878  0.251053
  0.147286  -0.700867
  0.113586  -0.679491
  0.167956  -0.666727
  -0.115115  -0.256344
  0.677655  0.266023
  0.691768  0.212039
  0.0103981  0.289709
  0.816353  0.213048
  -0.121448  0.0393123
  -0.150788  0.0880219
  -0.593506  -0.472446
  -0.615418  -0.507868
  -0.636274  0.0460618
  -0.596352  0.0060674
  0.0127435  0.344316
  -0.705078  -0.132903
  0.60785  -0.0631372
  -0.0182516  0.940118
  0.776469  -0.539403
  0.862169  -0.182341
  -0.736633  0.133777
  0.68829  -0.0531862
  0.6049  -0.0172067
  0.66111  -0.0255641
  -0.223391  0.269124
  0.846301  0.238328
  -0.110358  0.0764472
  -0.492162  0.789941
  -0.299154  -0.492878
  -0.330639  -0.493861
  0.585007  0.370851
  0.103417  0.709709
  0.761896  0.270523
  -0.939446  -0.251039
  -0.79246  0.0164763
  -0.00963515  -0.119237
  -0.214854  -0.48272
  0.127245  0.204473
  -0.196895  0.806145
  0.136823  -0.339929
  0.139324  -0.284278
  -0.00287404  0.121951
  0.751501  -0.57189
  -0.578082  0.0582044
  -0.293616  -0.838974
  -0.230707  0.777692
  -0.173303  0.778794
  -0.713147  0.18314
  0.168409  -0.178063
  0.0499977  0.832862
  -0.509018  -0.399113
  -0.486629  0.843505
  -0.202929  -0.157637
  -0.411898  -0.755606
  0.0328422  -0.621081
  -0.517334  -0.346969
  -0.641257  0.132589
  -0.628113  0.102345
  -0.267365  0.713891
  -0.304898  0.730181
  0.342569  -0.503199
  -0.189157  -0.631887
  -0.320761  0.324995
  0.190194  -0.462977
  0.298923  0.638115
  0.320169  0.620168
  -0.305627  0.244644
  -0.351343  0.394237
  -0.76373  0.259725
  -0.433105  -0.875628
  0.24312  -0.740072
  0.215223  -0.243986
  0.696227  0.632605
  -0.872608  -0.439694
  0.635138  0.404333
  0.596294  -0.614281
  0.578845  0.338727
  0.640005  0.625241
  0.055448  -0.71109
  0.930809  -0.158273
  -0.329782  -0.617275
  -0.716992  0.652596
  0.62589  0.366773
  0.62003  0.324026
  0.666108  0.353149
  0.972289  -0.02241
  -0.458716  -0.568732
  0.336355  0.336973
  0.310496  0.382012
  0.207825  -0.0843752
  -0.723092  0.48677
  0.280148  0.118957
  0.281993  0.0799818
  0.363685  -0.115292
  0.879764  0.419696
  -0.883221  -0.325916
  -0.635863  0.000452766
  -0.186261  0.751694
  -0.00285544  0.437168
  -0.0163641  0.461027
  -0.804176  -0.0415251
  -0.820466  -0.436564
  -0.836145  -0.401828
  0.00854129  -0.313152
  0.156356  -0.959705
  0.540101  0.381817
  -0.575599  -0.116052
  -0.565496  -0.166984
  -0.603453  -0.157063
  0.0746461  -0.657336
  0.02606  -0.65765
  -0.0123626  -0.936966
  -0.0813397  0.538179
  0.179257  0.874861
  -0.813063  0.18199
  -0.0165003  -0.8503
  0.0106631  -0.85562
  -0.647235  -0.0854739
  0.427018  0.00393148
  0.415577  0.0929119
  0.44422  0.0783736
  0.4053  0.0427868
  0.695155  0.342968
  0.724025  0.296423
  -0.277869  -0.0236872
  0.624688  0.00223666
  0.0783115  -0.488785
  0.507936  0.424233
  0.139138  0.234699
  0.316744  -0.811891
  -0.721612  -0.0397393
  -0.706668  0.0100279
  -0.443946  0.630161
  -0.692964  0.324025
  -0.119191  -0.129
  -0.501243  0.141594
  -0.79661  -0.206836
  -0.829242  -0.164862
  -0.821376  -0.218203
  0.167756  -0.0845115
  0.166459  -0.124281
  -0.235244  0.531742
  -0.372494  -0.79533
  -0.370564  -0.766606
  -0.847516  0.102415
  -0.849817  0.15776
  -0.806868  0.0740838
  -0.789094  0.110331
  0.127361  0.157671
  0.354993  0.577775
  0.313624  0.588945
  0.183337  0.219244
  -0.659063  0.460766
  -0.74224  0.417434
  0.201503  -0.516833
  0.166488  -0.476208
  -0.422467  -0.794758
  0.488077  0.144013
  0.716357  0.588697
  -0.972358  -0.0618356
  -0.767928  -0.246181
  -0.00155806  -0.445364
  -0.1347  -0.293752
  -0.580912  0.364768
  -0.455878  -0.181414
  -0.96957  0.140211
  0.746132  -0.471628
  0.405591  -0.101497
  0.451146  -0.12611
  -0.789355  -0.0964782
  0.306628  -0.380797
  -0.714158  0.0814552
  0.523957  -0.251007
  -0.464259  -0.862738
  -0.184658  -0.0197875
  0.307557  -0.0626997
  -0.907006  -0.0240689
  -0.225957  0.195489
  -0.250372  0.228128
  0.163622  0.536717
  0.421529  0.37661
  0.378383  0.375856
  -0.355822  0.480442
  -0.385928  -0.15693
  -0.665796  -0.711245
  -0.249798  0.167917
  -0.251935  -0.938687
  0.827141  0.407417
  0.872288  -0.342763
  0.754551  -0.438319
  -0.309495  0.141515
  0.369362  0.682992
  -0.431472  0.37035
  0.13919  -0.883141
  -0.815853  0.473281
  0.130827  -0.438439
  0.35297  -0.0904505
  -0.385451  0.74981
  0.615575  -0.34755
  0.0293025  -0.19798
  0.542041  -0.0398265
  0.18249  -0.367033
  0.480797  0.761596
  -0.888983  0.399882
  -0.317338  0.642166
  -0.446279  -0.346193
  0.632949  -0.0517015
  0.123237  0.690941
  0.283807  0.469192
  -0.141893  -0.757389
  -0.521524  0.663896
  -0.566933  0.653971
  0.749338  -0.516435
  -0.630726  -0.368315
  -0.237196  0.455544
  0.499312  0.337489
  0.465242  0.340343
  0.501906  0.379233
  0.841348  -0.492388
  0.799084  -0.45932
  -0.0655985  0.925231
  -0.112464  0.519804
  -0.454488  0.403274
  -0.278987  -0.763112
  -0.488469  0.619765
  0.286474  0.876841
  -0.0986479  -0.907354
  -0.880746  -0.214005
  -0.891063  -0.268417
  -0.854532  -0.240115
  -0.483238  -0.227664
  -0.484346  -0.27234
  -0.524181  -0.259739
  0.147797  -0.386994
  0.111413  -0.401013
  0.117289  -0.268355
  -0.189735  -0.304662
  0.104501  0.601215
  0.705076  -0.435283
  0.683516  -0.418604
  0.657832  -0.453413
  -0.132794  0.1614
  -0.145077  0.124941
  -0.101167  0.118168
  0.162182  0.664789
  -0.0526064  -0.209901
  -0.168276  0.814498
  0.0201792  -0.881257
  -0.621716  0.491449
  0.53779  0.340076
  -0.636809  0.251165
  -0.351952  0.731675
  0.0960891  0.553815
  -0.749895  -0.62222
  0.40354  -0.343976
  -0.000191846  -0.0796532
  0.872255  0.205508
  0.421676  0.415283
  -0.393585  -0.83981
  -0.0593742  -0.526942
  -0.149045  -0.00188855
  -0.354689  0.259747
  0.155712  -0.836263
  0.129015  -0.829148
  -0.227404  -0.948834
  0.508841  -0.785837
  -0.203595  -0.535617
  0.939789  0.0595344
  0.0273616  0.484843
  0.0987204  0.430595
  0.0642043  0.436893
  0.0268816  0.441637
  0.0693514  0.474862
  0.471288  -0.810398
  0.428009  -0.833546
  0.319638  -0.19181
  0.346543  -0.191831
  0.171695  -0.234615
  0.618483  0.687413
  -0.514627  0.504658
  -0.746383  0.572394
  0.0298129  0.397741
  -0.00292553  0.36565
  -0.247681  -0.249975
  -0.622492  0.568453
  -0.594023  0.612196
  -0.753811  -0.490766
  0.575438  -0.716354
  -0.00116172  -0.261458
  0.0126682  -0.0235738
  0.0426729  -0.0414036
  0.871863  -0.0892969
  -0.553558  -0.699888
  -0.125209  0.907689
  0.0134002  0.0383229
  0.629485  0.741608
  0.725676  -0.657133
  -0.694141  0.56156
  0.488849  -0.214885
  -0.798415  -0.295536
  -0.813045  -0.269958
  -0.0289079  -0.894078
  -0.0313057  0.705136
  0.703119  -0.584457
  0.389163  -0.0501125
  0.399984  -0.0755714
  0.442518  -0.0538765
  0.162178  0.792554
  0.850502  0.487651
  0.38281  -0.899531
  0.385014  -0.850484
  0.0655294  -0.746521
  -0.775188  -0.529308
  -0.299175  -0.697805
  -0.389989  0.0912311
  -0.328101  -0.342811
  -0.22996  -0.519679
  0.0938121  0.206918
  0.454488  -0.861454
  -0.541009  -0.426015
  -0.561873  -0.444061
  0.788675  -0.484079
  0.679686  0.439003
  0.703423  0.451772
  -0.153818  -0.143474
  -0.142802  -0.178878
  0.018758  0.615548
  -0.969492  0.0973869
  0.631554  -0.577425
  -0.730961  0.227592
  0.519424  0.218673
  -0.51921  0.215515
  -0.585469  -0.236965
  -0.801785  0.56082
  -0.545848  -0.0781977
  0.429576  0.526441
  0.347977  0.460318
  0.384574  0.498112
  0.682191  -0.534528
  0.936497  -0.0630294
  -0.149288  -0.708446
  -0.550204  -0.301701
  0.393447  -0.207879
  0.650874  -0.296228
  -0.0672417  0.816856
  -0.314939  0.424949
  -0.557846  0.73229
  -0.588601  0.731015
  -0.58541  0.779053
  -0.287554  -0.927986
  -0.273939  -0.888946
  -0.737323  0.172637
  -0.691774  0.148852
  -0.00560554  -0.540449
  0.65667  -0.0793051
  -0.607543  -0.638919
  0.0241017  0.117006
  -0.0419019  0.540505
  -0.672903  -0.667765
  -0.639533  -0.662306
  -0.629274  -0.695582
  0.290509  -0.105184
  0.259029  -0.0682248
  0.326189  -0.0147125
  0.108824  -0.845829
  -0.49452  -0.334248
  0.0639258  -0.0177788
  0.0411362  -0.513004
  0.095932  -0.514982
  -0.473586  -0.0198943
  0.794326  -0.309458
  -0.595469  0.448615
  -0.322799  0.561593
  -0.15611  -0.837337
  0.480918  -0.404056
  -0.304342  -0.11558
  -0.458643  0.14215
  -0.306199  0.113368
  -0.608707  -0.282683
  -0.518356  0.746683
  -0.559876  0.0792448
  -0.471125  0.185625
  -0.854086  0.379537
  -0.468906  0.584113
  0.3573  0.497097
  0.634719  -0.658095
  0.237707  -0.448048
  0.269355  -0.474031
  0.323659  -0.919497
  0.321092  0.505471
  -0.210102  0.245679
  0.46138  -0.567974
  0.409784  -0.558742
  0.416434  -0.585193
  0.517603  -0.57549
  0.417905  -0.809592
  0.398545  -0.5259
  -0.21153  0.416763
  -0.0314115  0.0310849
  -0.360315  -0.651249
  -0.241171  0.877518
  -0.846637  -0.0583609
  0.431192  0.440235
  -0.553158  -0.138775
  -0.499572  -0.137337
  -0.29353  -0.275473
  -0.318581  -0.261435
  -0.440313  -0.651099
  0.348621  0.420536
  0.385463  0.418569
  0.387409  0.45501
  -0.813768  0.327811
  -0.784052  -0.476231
  0.278957  0.507034
  0.241621  0.543105
  0.245303  0.505216
  0.574743  0.553229
  0.860972  -0.38923
  -0.649739  -0.135694
  0.143571  -0.925903
  -0.113714  -0.450655
  -0.138353  -0.415869
  -0.624142  -0.559341
  -0.634574  -0.610437
  0.38422  -0.163347
  -0.250162  0.815182
  -0.49843  -0.780786
  -0.471801  -0.807464
  -0.500021  -0.8351
  0.706966  -0.503061
  0.0340244  -0.118732
  -0.788674  0.42999
  0.168729  0.333666
  -0.22458  -0.01383
  -0.851961  -0.146903
  0.794818  -0.341361
  0.834932  -0.342035
  -0.442195  0.740249
  0.384251  -0.392704
  -0.373211  -0.206652
  0.881637  0.00183575
  0.105523  -0.556571
  -0.783285  0.228441
  -0.453408  -0.223441
  -0.406254  -0.244987
  0.46106  0.38089
  0.357537  0.540551
  -0.885237  -0.0836361
  -0.222468  0.0193797
  -0.467444  0.672319
  0.541188  -0.353366
  0.765955  -0.384657
  0.203369  0.507001
  -0.213153  -0.350538
  0.867551  -0.264013
  -0.136517  -0.0482462
  -0.596801  -0.768988
  -0.623029  -0.402302
  -0.105597  0.448757
  0.269438  -0.917794
  -0.0678033  0.110509
  -0.045986  0.13889
  -0.461039  0.499012
  -0.70711  0.0564783
  0.372262  -0.272869
  -0.15597  0.727956
  -0.313466  0.886145
  0.548322  0.0632493
  0.56931  0.0475221
  0.495076  -0.377983
  -0.666446  -0.374748
  0.874607  0.261124
  0.896656  0.283828
  0.899257  0.232611
  -0.093782  0.623593
  -0.747943  -0.573822
  -0.35293  0.111238
  -0.283226  -0.237414
  -0.0890505  0.473082
  -0.262521  -0.551706
  0.708701  -0.201417
  -0.291332  -0.206701
  -0.144274  0.476765
  0.634677  -0.120088
  0.622071  -0.144861
  0.350893  0.0896413
  -0.366488  -0.181887
  0.797783  0.515971
  -0.517135  -0.037328
  -0.555888  -0.0292178
  -0.44546  0.0199298
  0.182146  -0.962697
  0.320882  -0.488989
  -0.29049  0.53246
  -0.338242  0.519686
  0.297385  -0.891156
  -0.0254586  0.168835
  0.675968  -0.290867
  0.678415  -0.63093
  0.0738034  0.0326408
  0.646109  -0.388364
  0.0500509  0.370213
  -0.209576  -0.109201
  -0.0877175  -0.0588123
  0.0452751  0.656628
  0.831256  -0.199259
  0.241087  0.393929
  -0.196796  -0.400086
  -0.0556867  0.36883
  0.310571  -0.539848
  -0.425653  0.204576
  -0.446499  0.229265
  -0.409364  0.254432
  0.461067  -0.0360004
  0.469881  -0.000467768
  -0.742106  -0.122449
  -0.390034  -0.518849
  -0.355226  -0.501235
  0.198739  0.843671
  -0.7302  0.32772
  0.957487  -0.196708
  -0.659128  0.533826
  -0.708354  0.525033
  0.59634  -0.143819
  -0.348169  -0.359885
  -0.96275  0.171013
  -0.388023  0.437437
  -0.35367  0.161262
  -0.158909  0.577353
  -0.685121  -0.0722516
  0.276927  0.755603
  0.451969  -0.189653
  0.164779  -0.501614
  0.0563822  -0.609875
  0.0662184  -0.584923
  -0.310172  0.7822
  -0.633767  -0.744929
  -0.380647  -0.677008
  0.19203  0.0124777
  0.00515838  0.8355
  0.548667  -0.750531
  0.515908  -0.740192
  -0.280699  -0.520603
  0.594096  0.72659
  0.573292  -0.480476
  0.550806  -0.440251
  0.782404  0.31713
  -0.731157  -0.293642
  0.29686  -0.497774
  -0.0750582  -0.483254
  -0.0296259  -0.492596
  -0.324253  -0.0990333
  -0.833027  0.303608
  -0.781415  0.309495
  -0.7989  0.277525
  0.0263767  -0.158794
  0.612442  0.19429
  -0.222201  0.369841
  -0.889468  0.0201236
  -0.0662361  0.586443
  -0.0288408  0.576527
  -0.396592  0.699202
  0.415808  -0.125633
  0.334144  -0.242597
  0.222798  0.805299
  0.198499  0.768539
  0.226217  0.755099
  0.683995  0.0311107
  0.0577117  -0.342219
  -0.264089  -0.288373
  -0.231662  0.319123
  -0.160934  0.335669
  -0.198759  0.324306
  -0.336053  -0.223409
  -0.621933  -0.448937
  -0.106963  0.578031
  -0.489709  -0.41701
  -0.928228  -0.113538
  0.227011  0.186851
  -0.142745  0.0251889
  -0.16121  -0.27509
  -0.152034  -0.228412
  -0.660159  0.0795782
  -0.759702  -0.409475
  -0.798209  -0.38519
  -0.263388  -0.103362
  0.608762  -0.300313
  -0.283018  0.676523
  -0.324375  0.690681
  0.498538  -0.284164
  0.656711  0.218868
  0.353309  -0.167298
  0.540867  0.578592
  0.554546  0.601727
  -0.222828  0.631529
  0.595653  0.567382
  0.596078  0.593557
  -0.0869386  -0.449994
  -0.0730498  -0.407978
  -0.409254  0.124469
  -0.441399  0.106177
  -0.855723  -0.295871
  0.561053  -0.631978
  0.352312  -0.35316
  0.0991797  0.394926
  0.143518  0.334158
  0.209163  -0.614494
  0.0231989  -0.923751
  -0.563944  -0.0596737
  0.17429  0.571407
  -0.551867  0.0341383
  0.48544  0.0687182
  0.375193  -0.70378
  0.289463  0.69575
  -0.212995  0.835488
  0.306669  -0.150312
  -0.42181  0.878882
  0.461582  0.302422
  0.452073  0.26619
  0.488158  0.259772
  -0.775466  0.474738
  -0.855184  0.206957
  0.146197  0.768768
  -0.337499  -0.0498063
  0.149448  0.00357968
  -0.384714  -0.625911
  -0.171053  0.258054
  -0.129554  0.229473
  -0.144901  0.266119
  0.482502  0.424273
  -0.38252  -0.543652
  0.13694  0.581419
  -0.0323327  0.313609
  -0.611226  0.0835141
  0.487276  -0.615351
  0.2516  0.71432
  0.566779  0.297661
  0.0992361  0.828788
  0.0805003  0.795992
  -0.580792  0.506254
  -0.00729237  0.0240443
  -0.00295026  0.0727414
  -0.614687  0.645714
  -0.157096  -0.368097
  -0.786546  0.518063
  -0.195277  0.958338
  -0.881941  0.133948
