        0.000000        0.000000
        0.000000        0.000000
       -0.000000       -0.000000
       -0.000000        0.000000
        0.000000        0.000000
        0.000000        0.000000
        0.000000       -0.000000
       -0.000000       -0.000000
       -0.000000        0.000000
        0.000000        0.000000
        0.000000        0.000000
       -0.000000       -0.000000
        0.000000        0.000000
        0.000000        0.000000
       -0.009848       -0.005413
       -0.011259        0.005761
       -0.023002        0.007670
       -0.035293        0.005503
       -0.042980        0.003056
       -0.045603       -0.000253
       -0.042847       -0.003336
       -0.033699       -0.005620
       -0.022547       -0.006725
       -0.011262       -0.005334
       -0.002341       -0.002039
        0.000000        0.000000
        0.000000        0.000000
       -0.005924        0.010642
       -0.022605        0.019161
       -0.044139        0.022339
       -0.062925        0.018819
       -0.075660        0.011020
       -0.080516       -0.000166
       -0.075453       -0.010627
       -0.061580       -0.019334
       -0.042396       -0.023135
       -0.022380       -0.020087
       -0.006297       -0.011564
        0.000000        0.000000
        0.000000       -0.000000
       -0.008788        0.025675
       -0.032853        0.041785
       -0.062104        0.046097
       -0.086882        0.038131
       -0.104206        0.021001
       -0.110150       -0.000922
       -0.103964       -0.022476
       -0.085991       -0.039697
       -0.060522       -0.047534
       -0.033266       -0.043200
       -0.009934       -0.025877
        0.000000        0.000000
        0.000000        0.000000
       -0.012917        0.046533
       -0.042662        0.073556
       -0.078951        0.079112
       -0.109748        0.063298
       -0.129778        0.034843
       -0.136948       -0.000657
       -0.129401       -0.035322
       -0.108453       -0.064205
       -0.077194       -0.078169
       -0.042946       -0.072715
       -0.013345       -0.045956
        0.000000        0.000000
        0.000000        0.000000
       -0.015824        0.073018
       -0.051482        0.112128
       -0.096098        0.115184
       -0.130271        0.090589
       -0.151557        0.048973
       -0.158844       -0.001120
       -0.151630       -0.051340
       -0.128564       -0.093277
       -0.093054       -0.115450
       -0.053232       -0.111216
       -0.017516       -0.072815
        0.000000        0.000000
        0.000000        0.000000
       -0.018707        0.103822
       -0.060597        0.153039
       -0.109404        0.154335
       -0.143676        0.119493
       -0.162762        0.064061
       -0.170343       -0.001119
       -0.163395       -0.065853
       -0.141479       -0.122672
       -0.105573       -0.156193
       -0.062139       -0.157278
       -0.019551       -0.106951
        0.000000        0.000000
        0.000000        0.000000
       -0.022492        0.142809
       -0.067323        0.199693
       -0.113612        0.190528
       -0.140104        0.142956
       -0.152710        0.075504
       -0.157515       -0.000706
       -0.154030       -0.077482
       -0.139030       -0.147187
       -0.114085       -0.198623
       -0.070989       -0.208890
       -0.013904       -0.138599
        0.000000        0.000000
        0.000000       -0.000000
       -0.029586        0.206668
       -0.074464        0.250683
       -0.096817        0.220367
       -0.105096        0.158909
       -0.102923        0.083325
       -0.103503        0.002671
       -0.104683       -0.077842
       -0.107323       -0.155764
       -0.101255       -0.219719
       -0.067576       -0.250495
       -0.014872       -0.182795
        0.000000        0.000000
        0.000000        0.000000
       -0.049037        0.237242
       -0.069080        0.258787
       -0.035946        0.211078
       -0.007770        0.144172
        0.011911        0.073808
        0.019089        0.003387
        0.013339       -0.066448
       -0.009572       -0.138451
       -0.048215       -0.218911
       -0.053339       -0.273884
       -0.061463       -0.257828
        0.000000        0.000000
        0.000000        0.000000
       -0.016222        0.261033
        0.007622        0.222761
        0.121919        0.139440
        0.192303        0.084188
        0.224174        0.037490
        0.241182       -0.001481
        0.227142       -0.046014
        0.182532       -0.093855
        0.100943       -0.161257
        0.018385       -0.222867
       -0.054671       -0.222577
        0.000000        0.000000
        0.000000        0.000000
        0.163883        0.169019
        0.266181        0.092583
        0.450021        0.050551
        0.525292        0.026335
        0.558647        0.010666
        0.571538       -0.001082
        0.562424       -0.013758
        0.517759       -0.030666
        0.443049       -0.060442
        0.341375       -0.096816
        0.154274       -0.154873
        0.000000        0.000000
        1.000000        0.000000
        1.000000        0.000000
        1.000000        0.000000
        1.000000        0.000000
        1.000000        0.000000
        1.000000        0.000000
        1.000000        0.000000
        1.000000        0.000000
        1.000000        0.000000
        1.000000        0.000000
        1.000000        0.000000
        1.000000        0.000000
        1.000000        0.000000
