    1  313    1
    1    1  314
    1  314  316
    1  316  317
    1  317  318
    1  318  319
    1  319  310
    1  310  311
    1  311  312
    1  312  301
    1  301  302
    1  302  289
    1  289  275
    1  275  259
    1  259  260
    1  260  243
    1  243  224
    1  224  225
    1  225  186
    1  186  187
    1  187  166
    1  166  124
    1  124  106
    1  106  107
    1  107   91
    1   91   75
    1   75   60
    1   60   32
    1   32   18
    1   18    2
    1    2   17
    1   17   16
    1   16   15
    1   15   14
    1   14   13
    1   13   12
    1   12   11
    1   11   10
    1   10    9
    1    9    8
    1    8    7
    1    7    5
    1    5    4
    1    4   19
    1   19   33
    1   33   47
    1   47   61
    1   61   77
    1   77   76
    1   76  109
    1  109  108
    1  108  129
    1  129  127
    1  127  126
    1  126    3
    1    3  146
    1  146  167
    1  167  188
    1  188  207
    1  207  226
    1  226  244
    1  244  261
    1  261  276
    1  276  290
    1  290  303
    1  303  313
