    1   90    1
    1    1  361
    1  361  340
    1  340    2
    1    2  283
    1  283  261
    1  261    3
    1    3  238
    1  238  220
    1  220    4
    1    4  191
    1  191  176
    1  176    5
    1    5  165
    1  165  156
    1  156  144
    1  144  145
    1  145  138
    1  138    6
    1    6  132
    1  132  126
    1  126    7
    1    7  117
    1  117  116
    1  116  111
    1  111  110
    1  110    8
    1    8  106
    1  106  103
    1  103    9
    1    9  102
    1  102   10
    1   10  104
    1  104   11
    1   11  119
    1  119  118
    1  118   12
    1   12  123
    1  123  127
    1  127  139
    1  139  146
    1  146   13
    1   13  158
    1  158  157
    1  157   14
    1   14  167
    1  167  166
    1  166   15
    1   15  180
    1  180  198
    1  198  197
    1  197   16
    1   16  229
    1  229   17
    1   17  250
    1  250  249
    1  249   18
    1   18  295
    1  295   19
    1   19  316
    1  316   20
    1   20  351
    1  351   21
    1   21  352
    1  352  372
    1  372  373
    1  373  411
    1  411  412
    1  412   22
    1   22  413
    1  413  414
    1  414   23
    1   23  415
    1  415  393
    1  393   24
    1   24  433
    1  433   25
    1   25   26
    1   26   27
    1   27  456
    1  456   28
    1   28   29
    1   29  484
    1  484   30
    1   30   31
    1   31  504
    1  504   32
    1   32  515
    1  515  514
    1  514   33
    1   33  532
    1  532   34
    1   34  538
    1  538   35
    1   35  549
    1  549  557
    1  557   36
    1   36  579
    1  579  593
    1  593  599
    1  599  605
    1  605   37
    1   37  609
    1  609  614
    1  614   38
    1   38  618
    1  618   39
    1   39  620
    1  620  621
    1  621   40
    1   40  612
    1  612  613
    1  613  608
    1  608  604
    1  604   41
    1   41  597
    1  597   42
    1   42  598
    1  598  584
    1  584   43
    1   43  586
    1  586   44
    1   44  587
    1  587   45
    1   45  589
    1  589  590
    1  590   46
    1   46  592
    1  592   47
    1   47  578
    1  578  563
    1  563   48
    1   48  556
    1  556  548
    1  548  544
    1  544   49
    1   49  537
    1  537  531
    1  531   50
    1   50  522
    1  522  513
    1  513  508
    1  508  503
    1  503   51
    1   51  494
    1  494  480
    1  480   52
    1   52  474
    1  474  463
    1  463  452
    1  452   53
    1   53   54
    1   54  404
    1  404   55
    1   55  406
    1  406  407
    1  407  385
    1  385   56
    1   56  386
    1  386  345
    1  345   57
    1   57   58
    1   58   59
    1   59   60
    1   60  312
    1  312   61
    1   61  313
    1  313   62
    1   62  328
    1  328   63
    1   63  268
    1  268   64
    1   64  269
    1  269  270
    1  270   65
    1   65  314
    1  314  346
    1  346   66
    1   66  367
    1  367  408
    1  408   67
    1   67  431
    1  431   68
    1   68  464
    1  464  481
    1  481   69
    1   69  482
    1  482   70
    1   70  483
    1  483  475
    1  475   71
    1   71  455
    1  455  444
    1  444   72
    1   72   73
    1   73  389
    1  389   74
    1   74   75
    1   75  350
    1  350  331
    1  331   76
    1   76  330
    1  330  294
    1  294   77
    1   77  293
    1  293  248
    1  248   78
    1   78  228
    1  228  213
    1  213   79
    1   79  211
    1  211   80
    1   80  179
    1  179   81
    1   81  178
    1  178  195
    1  195  177
    1  177   82
    1   82  193
    1  193  192
    1  192   83
    1   83  222
    1  222  221
    1  221   84
    1   84  240
    1  240  239
    1  239  263
    1  263  262
    1  262  285
    1  285  284
    1  284  306
    1  306   85
    1   85  324
    1  324  341
    1  341   86
    1   86  362
    1  362  402
    1  402   87
    1   87  400
    1  400  427
    1  427  426
    1  426  425
    1  425   88
    1   88  424
    1  424  423
    1  423   89
    1   89  399
    1  399  380
    1  380   90
    2  101   91
    2   91  184
    2  184   92
    2   92  185
    2  185   93
    2   93   94
    2   94   95
    2   95  233
    2  233  257
    2  257   96
    2   96   97
    2   97  277
    2  277   98
    2   98  276
    2  276  256
    2  256   99
    2   99  232
    2  232  100
    2  100  216
    2  216  101
