   0.0000000e+00   0.0000000e+00   0.0000000e+00
   2.0000000e+00   0.0000000e+00   0.0000000e+00
   2.0000000e+00   0.0000000e+00   0.0000000e+00
   0.0000000e+00   0.0000000e+00   0.0000000e+00
   0.0000000e+00   5.8752800e-03  -2.0000000e+00
   2.0000000e+00   5.8752800e-03  -2.0000000e+00
   2.0000000e+00   5.8752800e-03  -2.0000000e+00
   0.0000000e+00   5.8752800e-03  -2.0000000e+00
   0.0000000e+00   9.5085900e-03  -4.0000000e+00
   2.0000000e+00   9.5085900e-03  -4.0000000e+00
   2.0000000e+00   9.5085900e-03  -4.0000000e+00
   0.0000000e+00   9.5085900e-03  -4.0000000e+00
   0.0000000e+00   9.5135100e-03  -6.0000000e+00
   2.0000000e+00   9.5135100e-03  -6.0000000e+00
   2.0000000e+00   9.5135100e-03  -6.0000000e+00
   0.0000000e+00   9.5135100e-03  -6.0000000e+00
   0.0000000e+00   5.8881600e-03  -8.0000000e+00
   2.0000000e+00   5.8881600e-03  -8.0000000e+00
   2.0000000e+00   5.8881600e-03  -8.0000000e+00
   0.0000000e+00   5.8881600e-03  -8.0000000e+00
   0.0000000e+00   1.5925500e-05  -1.0000000e+01
   2.0000000e+00   1.5925500e-05  -1.0000000e+01
   2.0000000e+00   1.5925500e-05  -1.0000000e+01
   0.0000000e+00   1.5925500e-05  -1.0000000e+01
   0.0000000e+00  -5.8623800e-03  -1.2000000e+01
   2.0000000e+00  -5.8623800e-03  -1.2000000e+01
   2.0000000e+00  -5.8623800e-03  -1.2000000e+01
   0.0000000e+00  -5.8623800e-03  -1.2000000e+01
   0.0000000e+00  -9.5036500e-03  -1.4000000e+01
   2.0000000e+00  -9.5036500e-03  -1.4000000e+01
   2.0000000e+00  -9.5036500e-03  -1.4000000e+01
   0.0000000e+00  -9.5036500e-03  -1.4000000e+01
   0.0000000e+00  -9.5184100e-03  -1.6000000e+01
   2.0000000e+00  -9.5184100e-03  -1.6000000e+01
   2.0000000e+00  -9.5184100e-03  -1.6000000e+01
   0.0000000e+00  -9.5184100e-03  -1.6000000e+01
   0.0000000e+00  -5.9010200e-03  -1.8000000e+01
   2.0000000e+00  -5.9010200e-03  -1.8000000e+01
   2.0000000e+00  -5.9010200e-03  -1.8000000e+01
   0.0000000e+00  -5.9010200e-03  -1.8000000e+01
   0.0000000e+00  -3.1850900e-05  -2.0000000e+01
   2.0000000e+00  -3.1850900e-05  -2.0000000e+01
   2.0000000e+00  -3.1850900e-05  -2.0000000e+01
   0.0000000e+00  -3.1850900e-05  -2.0000000e+01
