plasma_5_rua.txt                                                        Key     
            34             2             6            21             5
RUA                       25            25           105             1
(20I4)          (20I4)          (5E16.8)            (5E16.8)            
F**                        1            25
   1   4   8  12  16  19  23  28  33  38  42  46  51  56  61  65  69  74  79  84
  88  91  95  99 103 106
   1   2   6   1   2   3   7   2   3   4   8   3   4   5   9   4   5  10   1   6
   7  11   2   6   7   8  12   3   7   8   9  13   4   8   9  10  14   5   9  10
  15   6  11  12  16   7  11  12  13  17   8  12  13  14  18   9  13  14  15  19
  10  14  15  20  11  16  17  21  12  16  17  18  22  13  17  18  19  23  14  18
  19  20  24  15  19  20  25  16  21  22  17  21  22  23  18  22  23  24  19  23
  24  25  20  24  25
 -1.02500000E+01  1.00000000E+00  1.00000000E+00  2.00000000E+00 -1.02500000E+01
  1.00000000E+00  1.00000000E+00  1.00000000E+00 -1.02500000E+01  1.00000000E+00
  1.00000000E+00  1.00000000E+00 -1.02500000E+01  2.00000000E+00  1.00000000E+00
  1.00000000E+00 -1.02500000E+01  1.00000000E+00  2.00000000E+00 -1.02500000E+01
  1.00000000E+00  1.00000000E+00  2.00000000E+00  2.00000000E+00 -1.02500000E+01
  1.00000000E+00  1.00000000E+00  2.00000000E+00  1.00000000E+00 -1.02500000E+01
  1.00000000E+00  1.00000000E+00  2.00000000E+00  1.00000000E+00 -1.02500000E+01
  2.00000000E+00  1.00000000E+00  2.00000000E+00  1.00000000E+00 -1.02500000E+01
  1.00000000E+00  1.00000000E+00 -1.02500000E+01  1.00000000E+00  1.00000000E+00
  1.00000000E+00  2.00000000E+00 -1.02500000E+01  1.00000000E+00  1.00000000E+00
  1.00000000E+00  1.00000000E+00 -2.90000000E+01  1.00000000E+00  1.00000000E+00
  1.00000000E+00  1.00000000E+00 -1.02500000E+01  2.00000000E+00  1.00000000E+00
  1.00000000E+00  1.00000000E+00 -1.02500000E+01  1.00000000E+00  1.00000000E+00
 -1.02500000E+01  1.00000000E+00  2.00000000E+00  1.00000000E+00  2.00000000E+00
 -1.02500000E+01  1.00000000E+00  2.00000000E+00  1.00000000E+00  1.00000000E+00
 -1.02500000E+01  1.00000000E+00  2.00000000E+00  1.00000000E+00  1.00000000E+00
 -1.02500000E+01  2.00000000E+00  2.00000000E+00  1.00000000E+00  1.00000000E+00
 -1.02500000E+01  2.00000000E+00  1.00000000E+00 -1.02500000E+01  1.00000000E+00
  1.00000000E+00  2.00000000E+00 -1.02500000E+01  1.00000000E+00  1.00000000E+00
  1.00000000E+00 -1.02500000E+01  1.00000000E+00  1.00000000E+00  1.00000000E+00
 -1.02500000E+01  2.00000000E+00  1.00000000E+00  1.00000000E+00 -1.02500000E+01
  0.00000000E+00  0.00000000E+00  0.00000000E+00  0.00000000E+00  0.00000000E+00
  0.00000000E+00  0.00000000E+00  1.38629436E+00  0.00000000E+00  0.00000000E+00
  0.00000000E+00  1.38629436E+00 -5.54517744E+00  1.38629436E+00  0.00000000E+00
  0.00000000E+00  0.00000000E+00  1.38629436E+00  0.00000000E+00  0.00000000E+00
  0.00000000E+00  0.00000000E+00  0.00000000E+00  0.00000000E+00  0.00000000E+00
