   -4.0566219750975080e-01    8.1850266693061358e-01
    9.0090146026086149e-01   -1.2900317799111785e-01
    6.0773234293617506e-01    1.0462238778540107e-01
   -6.9661791074802448e-01    5.9738975485993318e-01
    5.2860913547361132e-01   -4.6838963793785915e-01
    6.6983941647078146e-02   -9.0720646000117955e-01
   -6.5232347902346677e-01   -6.3986128724916358e-01
    7.2852026749170795e-01   -5.4599646297224913e-01
   -1.0117664664866319e-01   -5.5291238984700408e-01
    4.3359362674359980e-01   -6.2237143908142822e-01
   -1.8001284396627781e-01   -3.1463418585871239e-01
   -5.5839823984547321e-01    7.1191539200726195e-01
   -1.0750340482036215e-02    5.4997914304258866e-01
   -6.1678072600720435e-01   -4.2142125205869507e-01
    4.2496856117447207e-01    8.1767446143875233e-01
    8.2455611378976668e-01   -4.3302925632683664e-01
    6.4595299334547929e-01    3.9050869611542355e-01
    6.8379612418902813e-01    5.9646688392063762e-01
   -8.1868153875451033e-01    4.3205071125365924e-01
   -5.4716787525781541e-01   -8.2896422727382929e-02
    1.1018866226210029e-01    9.3037956485109513e-02
    5.7880784239647198e-01   -7.5415304452616863e-02
    3.7563316286113446e-01    6.4181273210664580e-01
   -5.0893347215110707e-01    5.1626785231855365e-01
   -3.9159691951997005e-01   -8.3108949197899107e-01
   -3.7443859643089816e-01   -5.2335734927712384e-04
    3.5421893451643760e-01    2.3448668949962526e-01
   -2.4342547647203634e-02    1.9761592489853402e-01
    2.6915614624833728e-01    8.2987770856461951e-01
    7.5981581826521716e-01    1.2486371960697918e-02
   -1.8301483136420960e-01   -1.1708123596986303e-01
   -3.8128489810011429e-01    1.8354098784807779e-01
    1.7491528569210282e-01   -4.6149288187265941e-01
    8.4809885329310553e-01    3.3841264982611285e-01
   -8.8648133336541923e-02    3.7832679325102286e-01
    1.6804931054442698e-01   -1.0424107686772678e-01
    3.4372326323380886e-01   -2.9254673195266989e-01
   -8.2211117983810322e-01   -3.8981830450752464e-01
   -3.5288465798394564e-01   -1.8057516709107055e-01
    2.4640839084134086e-01   -8.8412216035842950e-01
   -2.4633708364209814e-01    8.7279096576925652e-01
   -3.8517589749135167e-01   -3.6234669606260361e-01
    1.9123508889377708e-01    5.8429007262163901e-01
    1.2524846862831837e-01    9.0828251709294650e-01
   -9.8132145481760011e-02   -9.0994045838616400e-01
   -3.5222615080357400e-01   -6.4610050533653030e-01
   -9.0407400859253373e-01    7.8673563005918240e-02
   -2.2840309919538249e-01    2.7975667446007030e-01
   -7.2624560417828321e-01    1.9051784738991939e-01
   -5.6138073872849836e-01    9.0638564195197752e-02
   -3.6048703643063962e-01    6.3636245484507659e-01
    8.8885050063801252e-01    1.8263024123549490e-01
    5.6452788037453028e-01    7.0994956336102233e-01
   -7.2790030514352888e-01   -1.9757836983000376e-02
    3.4357197733544514e-01   -4.6602626705017419e-01
    1.8143837415398703e-01    2.5867070909725570e-01
    5.2605608159285544e-01   -2.6165402587714887e-01
    6.6144927881965765e-01   -3.6926412195358388e-01
    7.1678919690215559e-02    7.3021274640190792e-01
   -5.1578895117622349e-02   -7.3765231928811392e-01
   -3.1152364876990687e-02   -1.5426531505373488e-02
   -2.7161242563019178e-01   -4.7312393265013242e-01
   -1.5248232082863999e-02   -3.9585739675037246e-01
    8.0106251568257247e-01    4.7050809559448736e-01
   -2.3422285200048903e-01   -8.7292901136527867e-01
    2.7690444861927127e-01    6.3742089281965023e-02
    7.2476624081269414e-01    2.1220961385881026e-01
    3.5950649313380134e-01   -1.1843877326842074e-01
    8.6722214170167167e-01   -2.9613991676162899e-01
   -8.9424609982599445e-03   -2.0900248803745153e-01
   -4.8328785779045935e-01   -5.2306991155938531e-01
    9.1892294977128219e-01    2.5785767182231328e-02
   -5.3239674008181992e-01   -2.6663798815391537e-01
   -7.5684318095090597e-01   -5.3070695283263991e-01
   -1.4117584137818620e-01    6.9653268337448704e-01
    1.6013344163455021e-01   -2.8410927080270548e-01
    3.1420055182875206e-01    4.2782031322509667e-01
    1.4606859759084700e-01   -7.4754484264298426e-01
   -5.3117199293889139e-01   -7.3532163778358151e-01
   -8.8950520626280138e-01    2.6274714938754878e-01
    4.8593578011807032e-01    5.0126008483053242e-01
    6.3354486661545251e-01   -6.6718665788244624e-01
   -9.0449729795410627e-01   -9.8286243373178706e-02
   -6.4772259803627041e-01    3.8951413236470400e-01
    5.2453124985135857e-01   -7.6067808376518242e-01
   -1.9021826946604298e-01    9.4371054425851295e-02
   -2.1710992162330875e-01   -7.1220295000877654e-01
   -2.2389198649387501e-01    4.8988883437067460e-01
   -5.7885492208932569e-02    8.9653044892798417e-01
    4.3775848476855050e-01    6.4997202101371415e-02
    3.6330539532900535e-01   -8.2616855003401724e-01
   -7.0780762792000396e-01   -2.2453234306430422e-01
    5.1097222987508073e-01    2.9192140724291360e-01
   -8.7777198674866630e-01   -2.5759248902786669e-01
    9.0193603479357343e-02    4.1173294232862029e-01
    7.1932213623367014e-01   -1.9143530803023828e-01
   -5.3752690254208069e-01    2.7287162638778717e-01
   -3.9256766727516856e-01    3.8842912120987066e-01
    6.7033486532665512e-02   -5.8851597817559154e-01
    2.7076988280048309e-01   -6.4867699076847929e-01
