     -8.000000       -1.000000  
      2.000000       -1.000000  
      2.000000        0.000000  
      8.000000        0.000000  
      8.000000        1.000000  
     -2.000000        1.000000  
     -2.000000        0.000000  
     -8.000000        0.000000  
     -8.000000       -0.792968  
     -8.000000       -0.576467  
     -8.000000       -0.381269  
     -8.000000       -0.186955  
     -7.832100        0.000000  
     -7.822510       -1.000000  
     -7.769320       -0.808272  
     -7.834970       -0.620496  
     -7.775130       -0.412411  
     -7.815910       -0.212378  
     -7.662810        0.000000  
     -7.630330       -1.000000  
     -7.553790       -0.800145  
     -7.644420       -0.603474  
     -7.555250       -0.403996  
     -7.625620       -0.208294  
     -7.486120        0.000000  
     -7.433900       -1.000000  
     -7.344720       -0.799896  
     -7.442790       -0.600937  
     -7.342980       -0.402652  
     -7.426000       -0.204624  
     -7.299800        0.000000  
     -7.234010       -1.000000  
     -7.138440       -0.800155  
     -7.238710       -0.601045  
     -7.135220       -0.402358  
     -7.224520       -0.203315  
     -7.107760        0.000000  
     -7.032400       -1.000000  
     -6.933610       -0.800333  
     -7.034310       -0.601160  
     -6.929990       -0.401957  
     -7.022970       -0.202406  
     -6.912200        0.000000  
     -6.830030       -1.000000  
     -6.729670       -0.800392  
     -6.830310       -0.601091  
     -6.726210       -0.401553  
     -6.821540       -0.201727  
     -6.714480        0.000000  
     -6.627430       -1.000000  
     -6.526380       -0.800386  
     -6.626860       -0.600948  
     -6.523330       -0.401206  
     -6.620220       -0.201239  
     -6.515460        0.000000  
     -6.424880       -1.000000  
     -6.323610       -0.800349  
     -6.423970       -0.600791  
     -6.321050       -0.400927  
     -6.418990       -0.200893  
     -6.315710        0.000000  
     -6.222560       -1.000000  
     -6.121300       -0.800301  
     -6.221570       -0.600643  
     -6.119230       -0.400710  
     -6.217870       -0.200648  
     -6.115550        0.000000  
     -6.020530       -1.000000  
     -5.919410       -0.800252  
     -6.019610       -0.600516  
     -5.917780       -0.400544  
     -6.016890       -0.200475  
     -5.915240        0.000000  
     -5.818850       -1.000000  
     -5.717930       -0.800209  
     -5.818070       -0.600412  
     -5.716690       -0.400419  
     -5.816080       -0.200352  
     -5.714920        0.000000  
     -5.617530       -1.000000  
     -5.516850       -0.800173  
     -5.616920       -0.600329  
     -5.515950       -0.400328  
     -5.615500       -0.200265  
     -5.514730        0.000000  
     -5.416610       -1.000000  
     -5.316170       -0.800146  
     -5.416160       -0.600267  
     -5.315550       -0.400263  
     -5.415170       -0.200204  
     -5.314730        0.000000  
     -5.216070       -1.000000  
     -5.115880       -0.800126  
     -5.215780       -0.600223  
     -5.115510       -0.400220  
     -5.215130       -0.200164  
     -5.114990        0.000000  
     -5.015920       -1.000000  
     -4.915990       -0.800115  
     -5.015790       -0.600195  
     -4.915840       -0.400194  
     -5.015420       -0.200138  
     -4.915560        0.000000  
     -4.816170       -1.000000  
     -4.716500       -0.800111  
     -4.816190       -0.600180  
     -4.716550       -0.400183  
     -4.816070       -0.200125  
     -4.716490        0.000000  
     -4.616820       -1.000000  
     -4.517400       -0.800113  
     -4.616990       -0.600178  
     -4.517660       -0.400186  
     -4.617090       -0.200121  
     -4.517800        0.000000  
     -4.417860       -1.000000  
     -4.318710       -0.800123  
     -4.418190       -0.600186  
     -4.319190       -0.400200  
     -4.418530       -0.200127  
     -4.319540        0.000000  
     -4.219300       -1.000000  
     -4.120420       -0.800138  
     -4.219800       -0.600206  
     -4.121130       -0.400225  
     -4.220380       -0.200140  
     -4.121720        0.000000  
     -4.021130       -1.000000  
     -3.922520       -0.800159  
     -4.021820       -0.600235  
     -3.923510       -0.400261  
     -4.022680       -0.200162  
     -3.924380        0.000000  
     -3.823350       -1.000000  
     -3.725040       -0.800187  
     -3.824260       -0.600273  
     -3.726320       -0.400306  
     -3.825440       -0.200193  
     -3.727540        0.000000  
     -3.625940       -1.000000  
     -3.527940       -0.800219  
     -3.627120       -0.600318  
     -3.529570       -0.400358  
     -3.628660       -0.200231  
     -3.531240        0.000000  
     -3.428900       -1.000000  
     -3.331250       -0.800256  
     -3.430410       -0.600368  
     -3.333250       -0.400413  
     -3.432340       -0.200277  
     -3.335510        0.000000  
     -3.232210       -1.000000  
     -3.134950       -0.800296  
     -3.234120       -0.600418  
     -3.137360       -0.400463  
     -3.236470       -0.200331  
     -3.140390        0.000000  
     -3.035830       -1.000000  
     -2.939050       -0.800341  
     -3.038250       -0.600464  
     -2.941870       -0.400503  
     -3.041010       -0.200395  
     -2.945960        0.000000  
     -2.839720       -1.000000  
     -2.743580       -0.800372  
     -2.842830       -0.600490  
     -2.746760       -0.400436  
     -2.845860       -0.200455  
     -2.752330        0.000000  
     -2.643830       -1.000000  
     -2.548680       -0.800045  
     -2.647920       -0.600287  
     -2.551970       -0.399929  
     -2.650810       -0.200400  
     -2.559620        0.000000  
     -2.448200       -1.000000  
     -2.354760       -0.800269  
     -2.453570       -0.599361  
     -2.357300       -0.399010  
     -2.455360       -0.200120  
     -2.368110        0.000000  
     -2.252400       -1.000000  
     -2.160590       -0.804963  
     -2.260320       -0.601947  
     -2.164470       -0.407026  
     -2.258760       -0.200099  
     -2.178620        0.000000  
     -2.054180       -1.000000  
     -1.961530       -0.811163  
     -2.066860       -0.615238  
     -1.972100       -0.433227  
     -2.064910       -0.218507  
     -1.885110       -0.130492  
     -2.000000        0.175536  
     -2.000000        0.336525  
     -2.000000        0.516358  
     -2.000000        0.673775  
     -2.000000        0.836544  
     -1.821780        1.000000  
     -1.852390       -1.000000  
     -1.756970       -0.816048  
     -1.865260       -0.628382  
     -1.750060       -0.468108  
     -1.843950       -0.297427  
     -1.704860       -0.102686  
     -1.814270        0.077494  
     -1.778940        0.263288  
     -1.825820        0.447450  
     -1.778930        0.631843  
     -1.810350        0.813918  
     -1.648300        1.000000  
     -1.647430       -1.000000  
     -1.545550       -0.821537  
     -1.649690       -0.643871  
     -1.540770       -0.463242  
     -1.637680       -0.285091  
     -1.516390       -0.094885  
     -1.625210        0.093396  
     -1.558410        0.273911  
     -1.642380        0.450569  
     -1.558110        0.631304  
     -1.621190        0.810165  
     -1.470690        1.000000  
     -1.439220       -1.000000  
     -1.336210       -0.819846  
     -1.439890       -0.641409  
     -1.333610       -0.459337  
     -1.432710       -0.279206  
     -1.320790       -0.092561  
     -1.428270        0.093911  
     -1.344170        0.274648  
     -1.440120        0.453877  
     -1.342280        0.633028  
     -1.422640        0.812053  
     -1.285460        1.000000  
     -1.231950       -1.000000  
     -1.128660       -0.819072  
     -1.231820       -0.638890  
     -1.127070       -0.457014  
     -1.227710       -0.276124  
     -1.120800       -0.091500  
     -1.226940        0.093047  
     -1.133650        0.273763  
     -1.233840        0.453960  
     -1.130840        0.633501  
     -1.219590        0.813631  
     -1.093960        1.000000  
     -1.025290       -1.000000  
     -0.922027       -0.818705  
     -1.024920       -0.637731  
     -0.921080       -0.455890  
     -1.022640       -0.274410  
     -0.918173       -0.091237  
     -1.023230        0.092036  
     -0.925207        0.272810  
     -1.026830        0.453502  
     -0.922196        0.633782  
     -1.015480        0.814734  
     -0.898157        1.000000  
     -0.819048       -1.000000  
     -0.715903       -0.818516  
     -0.818685       -0.637168  
     -0.715344       -0.455419  
     -0.817488       -0.273731  
     -0.714122       -0.091389  
     -0.818387        0.091153  
     -0.717981        0.272083  
     -0.820061        0.453121  
     -0.715241        0.634025  
     -0.811302        0.815546  
     -0.699523        1.000000  
     -0.613121       -1.000000  
     -0.510065       -0.818428  
     -0.612790       -0.636924  
     -0.509707       -0.455266  
     -0.612204       -0.273557  
     -0.509315       -0.091665  
     -0.613074        0.090453  
     -0.511516        0.271567  
     -0.613760        0.452879  
     -0.509294        0.634230  
     -0.607228        0.816120  
     -0.499039        1.000000  
     -0.407419       -1.000000  
     -0.304388       -0.818383  
     -0.407063       -0.636833  
     -0.304087       -0.455253  
     -0.406802       -0.273594  
     -0.304108       -0.091949  
     -0.407591        0.089932  
     -0.305528        0.271209  
     -0.407890        0.452731  
     -0.303942        0.634393  
     -0.403225        0.816516  
     -0.297338        1.000000  
     -0.201889       -1.000000  
     -0.098794       -0.818352  
     -0.201409       -0.636804  
     -0.098430       -0.455294  
     -0.201295       -0.273711  
     -0.098671       -0.092209  
     -0.202060        0.089543  
     -0.099840        0.270949  
     -0.202352        0.452640  
     -0.098933        0.634513  
     -0.199227        0.816786  
     -0.094818        1.000000  
      0.003494       -1.000000  
      0.106769       -0.818318  
      0.004232       -0.636796  
      0.107314       -0.455356  
      0.004311       -0.273854  
      0.106927       -0.092451  
      0.003483        0.089233  
      0.105662        0.270735  
      0.002954        0.452569  
      0.105893        0.634590  
      0.004819        0.816966  
      0.108272        1.000000  
      0.208726       -1.000000  
      0.312356       -0.818271  
      0.209899       -0.636789  
      0.313200       -0.455423  
      0.210021       -0.274009  
      0.312684       -0.092689  
      0.209035        0.088957  
      0.311051        0.270538  
      0.208114        0.452498  
      0.310639        0.634631  
      0.208950        0.817081  
      0.311777        1.000000  
      0.413771       -1.000000  
      0.518031       -0.818201  
      0.415616       -0.636772  
      0.519310       -0.455489  
      0.415836       -0.274171  
      0.518642       -0.092927  
      0.414608        0.088685  
      0.516368        0.270350  
      0.413190        0.452424  
      0.515380        0.634655  
      0.413193        0.817152  
      0.515604        1.000000  
      0.618544       -1.000000  
      0.723908       -0.818108  
      0.621380       -0.636738  
      0.725764       -0.455548  
      0.621740       -0.274335  
      0.724889       -0.093151  
      0.620203        0.088411  
      0.721621        0.270200  
      0.618229        0.452369  
      0.720184        0.634702  
      0.617579        0.817204  
      0.719707        1.000000  
      0.822879       -1.000000  
      0.930199       -0.818009  
      0.827123       -0.636693  
      0.932765       -0.455611  
      0.827647       -0.274487  
      0.931592       -0.093320  
      0.825787        0.088152  
      0.926778        0.270161  
      0.823274        0.452398  
      0.925137        0.634843  
      0.822162        0.817266  
      0.924073        1.000000  
      1.026490       -1.000000  
      1.137350       -0.817973  
      1.032630       -0.636679  
      1.140690       -0.455727  
      1.033300       -0.274625  
      1.139060       -0.093386  
      1.031250        0.087954  
      1.131740        0.270389  
      1.028360        0.452631  
      1.130370        0.635195  
      1.027040        0.817382  
      1.128720        1.000000  
      1.228860       -1.000000  
      1.346260       -0.818166  
      1.237350       -0.636797  
      1.350260       -0.455988  
      1.238040       -0.274767  
      1.347900       -0.093254  
      1.236300        0.087831  
      1.336280        0.270989  
      1.233570        0.453300  
      1.336140        0.635998  
      1.232380        0.817600  
      1.333670        1.000000  
      1.429010       -1.000000  
      1.558540       -0.819210  
      1.439860       -0.637229  
      1.562730       -0.456251  
      1.440300       -0.274844  
      1.559410       -0.092670  
      1.440300        0.087712  
      1.540090        0.271840  
      1.438900        0.454397  
      1.542570        0.637020  
      1.438540        0.818247  
      1.539050        1.000000  
      1.625070       -1.000000  
      1.776120       -0.820770  
      1.636140       -0.638317  
      1.779050       -0.456953  
      1.636280       -0.274353  
      1.775700       -0.091176  
      1.642030        0.087308  
      1.742840        0.273507  
      1.644450        0.455642  
      1.751090        0.631149  
      1.645820        0.816440  
      1.743400        1.000000  
      1.812530       -1.000000  
      2.000000       -0.856555  
      1.817160       -0.639280  
      2.000000       -0.564333  
      1.816540       -0.274341  
      2.000000       -0.283610  
      1.838290        0.089135  
      1.950730        0.240673  
      1.853750        0.441279  
      1.954940        0.620376  
      1.850980        0.812832  
      1.945560        1.000000  
      2.000000       -0.719646  
      2.000000       -0.426779  
      2.000000       -0.136913  
      2.128020        0.194535  
      2.052190        0.417372  
      2.150950        0.605561  
      2.051810        0.807042  
      2.144480        1.000000  
      2.207800        0.000000  
      2.325000        0.196179  
      2.238690        0.394510  
      2.341350        0.596053  
      2.246990        0.800840  
      2.340320        1.000000  
      2.412130        0.000000  
      2.522690        0.197531  
      2.432980        0.396351  
      2.534970        0.597866  
      2.439350        0.798283  
      2.535080        1.000000  
      2.614140        0.000000  
      2.720570        0.198380  
      2.628180        0.397692  
      2.729610        0.598625  
      2.633430        0.799346  
      2.730580        1.000000  
      2.814720        0.000000  
      2.918630        0.198852  
      2.824240        0.398363  
      2.925250        0.598883  
      2.828580        0.799418  
      2.926490        1.000000  
      3.014510        0.000000  
      3.116860        0.199161  
      3.021020        0.398745  
      3.121630        0.599116  
      3.024460        0.799501  
      3.122880        1.000000  
      3.213880        0.000000  
      3.315240        0.199393  
      3.218340        0.399057  
      3.318650        0.599315  
      3.220990        0.799590  
      3.319750        1.000000  
      3.413040        0.000000  
      3.513790        0.199558  
      3.416100        0.399298  
      3.516200        0.599474  
      3.418090        0.799671  
      3.517100        1.000000  
      3.612160        0.000000  
      3.712540        0.199675  
      3.614250        0.399475  
      3.714220        0.599595  
      3.615710        0.799739  
      3.714900        1.000000  
      3.811340        0.000000  
      3.911520        0.199757  
      3.812760        0.399603  
      3.912640        0.599683  
      3.813780        0.799792  
      3.913120        1.000000  
      4.010650        0.000000  
      4.110730        0.199813  
      4.011590        0.399694  
      4.111440        0.599745  
      4.012260        0.799831  
      4.111730        1.000000  
      4.210160        0.000000  
      4.310200        0.199848  
      4.210730        0.399754  
      4.310580        0.599785  
      4.211110        0.799858  
      4.310690        1.000000  
      4.409870        0.000000  
      4.509930        0.199868  
      4.410180        0.399790  
      4.510040        0.599804  
      4.410300        0.799873  
      4.509970        1.000000  
      4.609830        0.000000  
      4.709930        0.199874  
      4.609920        0.399805  
      4.709800        0.599805  
      4.609800        0.799876  
      4.709530        1.000000  
      4.810050        0.000000  
      4.910200        0.199869  
      4.809940        0.399801  
      4.909830        0.599787  
      4.809590        0.799868  
      4.909350        1.000000  
      5.010540        0.000000  
      5.110760        0.199853  
      5.010240        0.399779  
      5.110140        0.599750  
      5.009620        0.799848  
      5.109400        1.000000  
      5.211320        0.000000  
      5.311610        0.199825  
      5.210830        0.399739  
      5.310690        0.599691  
      5.209890        0.799812  
      5.309610        1.000000  
      5.412390        0.000000  
      5.512760        0.199786  
      5.411690        0.399678  
      5.511500        0.599606  
      5.410360        0.799759  
      5.509960        1.000000  
      5.613770        0.000000  
      5.714230        0.199735  
      5.612850        0.399594  
      5.712540        0.599487  
      5.610990        0.799683  
      5.710370        1.000000  
      5.815460        0.000000  
      5.916030        0.199670  
      5.814300        0.399482  
      5.913830        0.599327  
      5.811770        0.799575  
      5.910750        1.000000  
      6.017480        0.000000  
      6.118200        0.199593  
      6.016070        0.399338  
      6.115380        0.599113  
      6.012640        0.799424  
      6.111000        1.000000  
      6.219820        0.000000  
      6.320770        0.199505  
      6.218200        0.399156  
      6.317220        0.598830  
      6.213560        0.799214  
      6.310940        1.000000  
      6.422460        0.000000  
      6.523830        0.199410  
      6.420720        0.398932  
      6.519450        0.598460  
      6.414500        0.798919  
      6.510320        1.000000  
      6.625370        0.000000  
      6.727490        0.199317  
      6.623700        0.398663  
      6.722210        0.597982  
      6.615380        0.798504  
      6.708780        1.000000  
      6.828430        0.000000  
      6.931970        0.199236  
      6.827190        0.398348  
      6.925800        0.597381  
      6.816170        0.797919  
      6.905740        1.000000  
      7.031410        0.000000  
      7.137730        0.199184  
      7.031180        0.397995  
      7.130790        0.596661  
      7.016780        0.797095  
      7.100350        1.000000  
      7.233810        0.000000  
      7.345650        0.199099  
      7.235420        0.397645  
      7.338300        0.596015  
      7.217020        0.795957  
      7.291280        1.000000  
      7.434590        0.000000  
      7.557540        0.199415  
      7.438830        0.397430  
      7.550420        0.596187  
      7.416360        0.794684  
      7.476700        1.000000  
      7.631110        0.000000  
      7.775940        0.201442  
      7.637900        0.399548  
      7.772030        0.601122  
      7.613240        0.792642  
      7.654000        1.000000  
      7.816740        0.000000  
      8.000000        0.321219  
      7.820640        0.402453  
      8.000000        0.666606  
      7.803880        0.799447  
      7.825200        1.000000  
      8.000000        0.161481  
      8.000000        0.504445  
      8.000000        0.833681  
