    1.000000e+00    0.000000e+00    0.000000e+00
    7.602446e-01    6.496369e-01    7.071068e-01
    1.559437e-01    9.877659e-01    1.414214e+00
   -5.231339e-01    8.522505e-01    2.121320e+00
   -9.513631e-01    3.080717e-01    2.828427e+00
   -9.234035e-01   -3.838308e-01    3.535534e+00
   -4.526619e-01   -8.916823e-01    4.242641e+00
    2.351360e-01   -9.719625e-01    4.949747e+00
    8.101836e-01   -5.861762e-01    5.656854e+00
    9.967394e-01    8.068791e-02    6.363961e+00
    7.053479e-01    7.088613e-01    7.071068e+00
    7.573445e-02    9.971280e-01    7.778175e+00
   -5.901945e-01    8.072611e-01    8.485281e+00
   -9.731188e-01    2.303037e-01    9.192388e+00
   -8.894221e-01   -4.570867e-01    9.899495e+00
   -3.792379e-01   -9.252992e-01    1.060660e+01
    3.127949e-01   -9.498207e-01    1.131371e+01
    8.548393e-01   -5.188929e-01    1.202082e+01
    9.869789e-01    1.608496e-01    1.272792e+01
    6.458515e-01    7.634630e-01    1.343503e+01
