   -1.526022e+00    1.044771e-01    4.614739e-01   -1.948743e+00    3.000000e+00
    2.552940e+00   -1.336504e-01    7.385822e-01   -1.242027e+00    1.000000e+00
   -1.390084e+00    1.434978e-01   -1.846655e-01    2.568733e+00    5.000000e+00
    2.463351e-01    3.389101e+00    2.275935e+00   -3.184693e+00    1.000000e+00
   -2.766425e+00   -1.016091e+00   -4.030557e-01    6.954415e-01    4.000000e+00
    9.697806e-01   -1.495564e+00   -1.494330e+00   -6.716485e-01    5.000000e+00
   -3.859101e-01    8.741042e-02    1.319758e+00    6.293984e-01    5.000000e+00
   -2.086650e+00    9.933493e-01    1.173818e+00    8.968957e-01    1.000000e+00
    1.962165e+00    1.198502e+00   -1.173350e+00   -3.453615e-01    2.000000e+00
   -3.981491e+00    1.429646e+00    7.565331e-02   -1.043871e+00    2.000000e+00
   -1.388737e+00   -2.062230e+00   -4.290225e-01    2.462430e-01    5.000000e+00
   -6.316007e-01   -8.996625e-01    6.244282e-01   -3.855744e-01    3.000000e+00
   -1.867122e+00    1.690144e+00    3.435860e-01    1.671792e+00    5.000000e+00
   -1.056645e-01   -1.878100e+00    1.167752e+00   -4.411175e-02    1.000000e+00
   -1.304925e+00    5.403899e-01   -3.285525e+00    1.604571e+00    2.000000e+00
   -8.700831e-01   -1.197850e+00    2.008649e+00   -1.546894e+00    1.000000e+00
    2.853002e-02   -9.095683e-01    2.451792e+00    1.866125e-02    1.000000e+00
   -2.062854e+00   -2.131572e+00    2.390792e+00    2.709838e+00    5.000000e+00
    2.476016e+00   -2.095070e+00    3.436830e-01   -4.237932e-01    3.000000e+00
    3.769449e-01   -1.014180e+00   -8.644824e-01   -8.157217e-01    3.000000e+00
    2.392253e+00    3.642232e+00    2.532827e-01   -5.308222e-01    1.000000e+00
    7.558877e-01   -1.124502e+00    2.591286e+00    1.396532e+00    5.000000e+00
   -2.050206e+00   -1.168435e+00    2.010942e+00    1.294929e+00    4.000000e+00
    5.122267e-01   -2.018216e+00    2.510221e-01    9.748267e-01    2.000000e+00
   -1.116108e+00   -1.694513e+00    3.878234e-01   -1.775826e+00    3.000000e+00
   -2.223679e-01    3.321975e-01    2.852654e+00    1.750996e-01    3.000000e+00
   -1.756880e-01    2.474628e+00    1.195526e+00    2.556114e-01    1.000000e+00
    9.526925e-01   -1.220263e-01    1.244757e+00    3.152872e-01    2.000000e+00
    1.669488e+00   -1.765241e+00    2.318854e+00    5.776334e-01    1.000000e+00
   -2.349943e+00    6.337856e-01    1.905672e+00    9.003703e-01    1.000000e+00
    2.073955e+00    2.768170e+00   -1.547188e+00   -3.754736e+00    2.000000e+00
    2.718977e+00    5.086516e-01    7.134500e-01   -7.511600e-01    3.000000e+00
   -1.745566e+00    2.407676e-01   -2.282496e+00   -1.436281e+00    1.000000e+00
   -6.834462e-01    8.416500e-01    2.405349e-01   -2.480838e+00    5.000000e+00
    1.989499e+00   -3.017930e-01    2.603892e+00   -2.265135e+00    5.000000e+00
   -1.346704e+00   -1.322459e+00    5.118172e-01   -1.654116e+00    3.000000e+00
   -1.633453e+00   -3.871056e+00   -6.439760e-01    2.976452e-01    3.000000e+00
   -3.999211e-01    4.162924e-01   -2.942297e-01    1.571492e-01    2.000000e+00
   -1.146030e+00   -1.468377e+00    4.499255e-01   -1.019089e+00    5.000000e+00
    2.530377e-01   -8.357826e-01   -3.401676e-01    1.067964e+00    2.000000e+00
   -7.266824e-01    1.106221e-01   -4.826309e-01   -2.285654e-01    1.000000e+00
   -6.762060e-01   -3.394283e+00   -3.362197e-01    2.884382e+00    4.000000e+00
    9.213388e-01    8.501490e-02   -1.155087e+00    2.843831e-01    2.000000e+00
   -7.156463e-01   -1.542845e-01   -2.167731e-02    1.873128e+00    2.000000e+00
   -4.093730e+00    8.154847e-01   -9.125744e-01    1.383791e+00    3.000000e+00
   -3.151297e+00   -4.631626e-01   -1.743746e-02   -7.806277e-01    1.000000e+00
    3.604740e-01   -2.501639e+00   -1.890173e+00   -1.397886e+00    1.000000e+00
    2.261147e-01   -1.280270e+00    2.077304e+00   -1.320809e-01    5.000000e+00
   -3.298846e+00   -1.071696e+00   -1.384573e+00   -1.901935e-01    5.000000e+00
   -4.581032e-01   -5.504603e-01   -4.787061e-01   -2.112906e-01    3.000000e+00
   -1.601855e+00    8.589410e-01   -2.201896e+00   -1.155299e+00    1.000000e+00
   -3.402813e-01    1.073572e+00   -2.304207e-01    2.639034e+00    2.000000e+00
    2.455309e+00    1.671798e+00    3.591603e-02   -1.386193e+00    2.000000e+00
   -1.082991e+00   -2.576586e+00   -9.457367e-01   -1.098129e+00    5.000000e+00
    3.450357e+00    1.081699e+00   -6.496835e-03   -5.721549e-01    1.000000e+00
    8.122698e-01    1.102201e+00    3.427516e+00    4.075993e-01    1.000000e+00
    2.046319e+00    9.649505e-01    7.678948e-01    1.474463e+00    1.000000e+00
    1.881977e+00   -3.944504e-02   -6.059493e-01    1.039772e+00    4.000000e+00
    1.466654e+00    1.813271e+00   -9.673419e-01    2.123675e+00    4.000000e+00
   -3.814330e-01   -6.404449e-01    7.469118e-01    2.155113e+00    4.000000e+00
   -1.010903e+00   -2.478757e+00    6.017120e-01    7.651549e-01    3.000000e+00
    2.276774e-02    2.385030e+00    1.583155e-01    1.147996e+00    3.000000e+00
   -1.350132e+00   -1.315855e+00    9.448201e-01   -2.311199e+00    2.000000e+00
   -2.165624e+00   -1.065878e+00   -2.462881e+00    1.564449e+00    4.000000e+00
    2.427798e-01   -2.154749e+00   -1.513993e+00   -1.669079e+00    1.000000e+00
   -2.224914e-01   -3.927057e+00   -1.207116e+00   -1.518664e+00    4.000000e+00
    1.202534e+00    8.371279e-01    1.234507e-01   -2.696431e-01    1.000000e+00
   -4.275525e+00    7.256718e-01   -1.494822e+00   -5.290107e-01    2.000000e+00
   -6.272002e-01   -1.940604e+00    8.078906e-01    1.060402e+00    4.000000e+00
   -6.640518e-01    1.301278e+00    2.386256e+00   -1.070861e+00    4.000000e+00
    6.403148e-01   -1.865311e+00    1.077919e+00    6.815795e-01    1.000000e+00
   -1.171415e+00   -1.237741e+00   -1.544737e+00    1.110285e+00    5.000000e+00
   -5.021991e-01   -3.461632e-01   -2.098983e+00    1.175611e+00    4.000000e+00
    4.144447e+00    3.487961e-01   -1.568334e+00    2.809485e-01    3.000000e+00
   -2.379410e+00    1.256607e-01   -1.995667e+00    1.027883e+00    3.000000e+00
