    1.000000e+00    0.000000e+00    5.000000e-01    0.000000e+00    0.000000e+00
    7.602446e-01    6.496369e-01    7.797185e-02    4.938830e-01    7.071068e-01
    1.559437e-01    9.877659e-01   -4.756816e-01    1.540359e-01    1.414214e+00
   -5.231339e-01    8.522505e-01   -2.263309e-01   -4.458411e-01    2.121320e+00
   -9.513631e-01    3.080717e-01    4.050918e-01   -2.930881e-01    2.828427e+00
   -9.234035e-01   -3.838308e-01    3.526740e-01    3.544306e-01    3.535534e+00
   -4.526619e-01   -8.916823e-01   -2.950972e-01    4.036305e-01    4.242641e+00
    2.351360e-01   -9.719625e-01   -4.447111e-01   -2.285434e-01    4.949747e+00
    8.101836e-01   -5.861762e-01    1.563975e-01   -4.749103e-01    5.656854e+00
    9.967394e-01    8.068791e-02    4.934895e-01    8.042482e-02    6.363961e+00
    7.053479e-01    7.088613e-01   -2.484331e-03    4.999938e-01    7.071068e+00
    7.573445e-02    9.971280e-01   -4.942643e-01    7.551695e-02    7.778175e+00
   -5.901945e-01    8.072611e-01   -1.516705e-01   -4.764410e-01    8.485281e+00
   -9.731188e-01    2.303037e-01    4.469602e-01   -2.241129e-01    9.192388e+00
   -8.894221e-01   -4.570867e-01    2.910717e-01    4.065431e-01    9.899495e+00
   -3.792379e-01   -9.252992e-01   -3.561786e-01    3.509086e-01    1.060660e+01
    3.127949e-01   -9.498207e-01   -4.021593e-01   -2.970991e-01    1.131371e+01
    8.548393e-01   -5.188929e-01    2.307502e-01   -4.435700e-01    1.202082e+01
    9.869789e-01    1.608496e-01    4.741274e-01    1.587552e-01    1.272792e+01
    6.458515e-01    7.634630e-01   -8.287581e-02    4.930838e-01    1.343503e+01
   -4.968662e-03    9.999877e-01   -4.999753e-01   -4.968601e-03    1.414214e+01
   -6.534063e-01    7.570074e-01   -7.306018e-02   -4.946334e-01    1.484924e+01
   -9.885286e-01    1.510339e-01    4.771888e-01   -1.493013e-01    1.555635e+01
   -8.496407e-01   -5.273620e-01    2.218893e-01    4.480682e-01    1.626346e+01
   -3.033409e-01   -9.528821e-01   -4.079843e-01    2.890481e-01    1.697056e+01
    3.884141e-01   -9.214849e-01   -3.491345e-01   -3.579177e-01    1.767767e+01
    8.939204e-01   -4.482258e-01    2.990936e-01   -4.006782e-01    1.838478e+01
    9.707822e-01    2.399624e-01    4.424180e-01    2.329513e-01    1.909188e+01
    5.821434e-01    8.130861e-01   -1.611090e-01    4.733327e-01    1.979899e+01
