           103           108           121
           131           148           128
           114           131           128
           122           131           114
            68            80            89
            64            44            52
            57            44            64
            57            64            73
           178           195           188
           188           195           208
           205           216           221
           188           189           175
           189           173           175
            12            18            25
            51            36            54
            46            36            29
            46            49            62
            62            54            46
            46            54            36
            25            18            22
            22            36            25
            29            36            22
            10            11             1
            21            11            10
            24            11            21
            21            34            24
            39            28            25
            39            36            51
            25            36            39
            67            88            86
            75            88            67
            86            81            69
            69            67            86
            56            67            69
            86            88           102
           102            88           103
            97            81            86
            86           102            97
           122           114            97
            97           102           122
           232           241           243
           219           233           229
           229           241           232
           232           219           229
           209           208           195
           237           247           249
           187           206           197
           217           207           220
           217           233           219
           219           206           217
           220           207           210
           210           207           193
           193           201           210
           176           180           190
           190           193           176
           190           201           193
            82            94            79
           135           118           125
           129           118           135
           176           193           174
           174           172           158
            62            49            66
            66            70            82
            82            79            66
            66            79            62
           170           155           145
            89           105            96
            48            58            61
            58            74            61
            61            74            75
            53            39            51
            53            68            58
            77            74            58
            58            68            77
            77            68            89
            89            96            77
            89            80           100
           100           105            89
           116           105           100
           117           116           132
           117           105           116
           108            96           117
           117            96           105
            57            50            38
            38            44            57
            30            44            38
           115            99           104
           157           173           168
            60            50            57
            57            73            60
            60            73            71
           104            99            87
            71            73            87
           221           216           228
           216           234           228
           231           242           239
           195           178           181
           216           208           224
           224           234           216
           224           239           234
           231           239           224
           203           208           216
           216           205           203
           203           205           189
           203           189           188
           188           208           203
           168           179           166
           165           178           188
           188           175           165
            25            28            17
            17            12            25
             8            12            17
            37            46            29
            49            46            37
             1            11             3
            26            33            16
            14            31            26
            26            16            14
             5             3            14
            14             3            11
            11            24            14
            24            31            14
             2            10             1
             4            10             2
            40            34            21
            21            27            40
            48            34            40
            40            58            48
            35            19            32
            35            44            30
            52            44            35
            32            19            20
             9            16            20
            20            33            32
            20            16            33
            56            69            63
            63            69            81
            63            64            52
            43            67            56
            26            31            43
            43            33            26
            76            63            81
            64            63            76
            78            73            64
            64            76            78
            78            76            93
           119           102           103
           119           103           121
           119           134           122
           122           102           119
           121           136           119
           136           134           119
            95            97           114
            81            97            95
            95            76            81
            93            76            95
           241           229           238
           238           229           233
           226           213           225
           225           237           226
           245           247           236
           247           237           236
           236           237           225
           236           223           232
           225           223           236
           236           243           245
           232           243           236
           215           223           225
           204           223           215
           225           213           215
           212           223           204
           212           219           232
           232           223           212
           212           206           219
           212           197           206
           200           206           187
           193           207           200
           207           217           200
           200           217           206
           204           185           194
           194           212           204
           197           212           194
           227           217           220
           233           217           227
           125           118           110
            82            70            83
            98           110           101
           101           110           118
           101            94            82
           101            83            98
            82            83           101
           113           106            94
           113           101           118
            94           101           113
           113           118           129
            72            54            62
            62            79            72
            94           106            92
            92            79            94
            92            72            79
            92           106           109
           109           100            92
           139           135           125
           152           135           139
           147           135           152
           129           135           147
           147           142           129
           138           142           158
           129           142           124
           124           113           129
           106           113           124
           142           138           124
           109           106           124
            70            66            59
            59            66            49
           133           145           155
           133           136           121
           133           151           136
           155           151           133
           121           108           133
           108           117           133
           132           145           133
           133           117           132
            75            74            90
           108           103            90
            90            96           108
            74            77            90
            90            77            96
            90            88            75
           103            88            90
            75            67            55
            55            61            75
            67            43            55
            48            61            55
            28            39            42
            39            53            42
            42            27            28
            42            40            27
            42            53            58
            58            40            42
           111           115           126
            99           115           111
           120           115           104
           104           107           120
           144           157           137
            71            87            84
            84            87            99
           150           151           169
           150           134           136
           136           151           150
           183           184           198
           169           184           183
           196           209           195
           195           181           196
           181           183           196
           196           183           198
           164           150           169
           169           183           164
           164           183           181
           153           140           149
           149           157           168
           137           157           149
           149           166           153
           168           166           149
           211           205           221
           211           202           205
           189           205           192
           205           202           192
           192           173           189
             8            17             6
             7            16             9
             5            14             7
             7            14            16
            23            35            30
            19            35            23
             9            20            13
            13            20            19
            56            63            47
            32            33            47
            47            43            56
            33            43            47
            91            87            73
            73            78            91
           104            87            91
            91           107           104
            91            78            93
            93           107            91
           112           107            93
            93            95           112
           112           114           128
           112            95           114
           230           226           240
           240           226           237
           240           248           246
           240           246           230
           249           248           240
           240           237           249
           213           226           214
           198           213           214
           214           226           230
           230           222           214
           214           196           198
           214           222           209
           209           196           214
           235           222           230
           235           244           242
           235           242           231
           246           244           235
           230           246           235
           209           222           218
           208           209           218
           218           235           231
           222           235           218
           231           224           218
           218           224           208
           186           174           193
           193           200           186
           172           174           186
           187           172           186
           186           200           187
           198           184           199
           199           213           198
           199           215           213
           199           184           185
           199           185           204
           204           215           199
           185           184           171
           171           155           170
           170           185           171
           171           184           169
           169           151           171
           171           151           155
            51            54            65
            54            72            65
            65            53            51
            80            68            65
            68            53            65
            72            92            85
            80            65            85
            85            65            72
            85           100            80
            85            92           100
           152           167           162
           162           147           152
           162           167           180
           162           180           176
           170           145           156
           156           145           132
           132           143           156
           138           143           123
           132           116           123
           123           143           132
           123           100           109
           116           100           123
           109           124           123
           123           124           138
           163           156           143
            41            43            31
            41            55            43
            41            24            34
            41            31            24
            41            34            48
            48            55            41
           128           148           141
           173           157           159
           157           144           159
           159           175           173
           144           141           159
           159           165           175
           148           165           159
           159           141           148
           161           165           148
           178           165           161
           161           181           178
           161           164           181
           130           149           140
           130           140           126
           126           115           130
           137           149           130
           130           120           137
           115           120           130
           202           191           182
           182           192           202
           182           191           179
           182           179           168
           168           173           182
           173           192           182
             4             6            15
            15            10             4
            15             6            17
            21            10            15
            15            27            21
            28            27            15
            15            17            28
            45            63            52
            45            47            63
            32            47            45
            52            35            45
            45            35            32
           107           112           127
           127           120           107
           127           141           144
           137           120           127
           127           144           137
           127           112           128
           128           141           127
           147           162           160
           160           174           158
           176           174           160
           160           162           176
           158           142           160
           142           147           160
           154           143           138
           154           163           143
           154           138           158
           158           172           154
           172           163           154
           177           172           187
           177           163           172
           187           197           177
           197           194           177
           177           185           170
           177           194           185
           170           156           177
           156           163           177
           148           131           146
           146           161           148
           146           131           122
           122           134           146
           134           150           146
           150           164           146
           164           161           146
