>> gauss_seidel_poisson_1d
22-Nov-2011 13:09:15

GAUSS_SEIDEL_POISSON_1D:
  Use Gauss-Seidel iteration for the 1D Poisson equation.
  Enter K >= 0, the grid index, so that NK = 2^K + 1:  5

    Step    Residual      Change

       1       4.227    0.004128
       2       3.986    0.003892
       3       3.818    0.003728
       4       3.684    0.003598
       5       3.572    0.003489
       6       3.474    0.003393
       7       3.387    0.003308
       8       3.308     0.00323
       9       3.235    0.003159
      10       3.168    0.003094
      11       3.105    0.003033
      12       3.047    0.002975
      13       2.991    0.002921
      14       2.939     0.00287
      15        2.89    0.002822
      16       2.843    0.002776
      17       2.798    0.002732
      18       2.754     0.00269
      19       2.713     0.00265
      20       2.673    0.002611
      21       2.635    0.002574
      22       2.598    0.002538
      23       2.563    0.002503
      24       2.528    0.002469
      25       2.495    0.002437
      26       2.463    0.002405
      27       2.432    0.002375
      28       2.401    0.002345
      29       2.372    0.002316
      30       2.343    0.002288
      31       2.315    0.002261
      32       2.287    0.002234
      33       2.261    0.002208
      34       2.235    0.002182
      35       2.209    0.002157
      36       2.184    0.002133
      37        2.16    0.002109
      38       2.136    0.002086
      39       2.113    0.002063
      40        2.09    0.002041
      41       2.067    0.002019
      42       2.045    0.001997
      43       2.023    0.001976
      44       2.002    0.001955
      45       1.981    0.001935
      46       1.961    0.001915
      47       1.941    0.001895
      48       1.921    0.001876
      49       1.901    0.001857
      50       1.882    0.001838
      51       1.863    0.001819
      52       1.844    0.001801
      53       1.826    0.001783
      54       1.808    0.001765
      55        1.79    0.001748
      56       1.772    0.001731
      57       1.755    0.001714
      58       1.737    0.001697
      59        1.72     0.00168
      60       1.704    0.001664
      61       1.687    0.001648
      62       1.671    0.001632
      63       1.654    0.001616
      64       1.638      0.0016
      65       1.623    0.001585
      66       1.607     0.00157
      67       1.592    0.001555
      68       1.576     0.00154
      69       1.561    0.001525
      70       1.546     0.00151
      71       1.531    0.001496
      72       1.517    0.001482
      73       1.502    0.001467
      74       1.488    0.001453
      75       1.474     0.00144
      76        1.46    0.001426
      77       1.446    0.001412
      78       1.432    0.001399
      79       1.419    0.001386
      80       1.405    0.001373
      81       1.392     0.00136
      82       1.379    0.001347
      83       1.366    0.001334
      84       1.353    0.001321
      85        1.34    0.001309
      86       1.327    0.001296
      87       1.315    0.001284
      88       1.302    0.001272
      89        1.29     0.00126
      90       1.278    0.001248
      91       1.265    0.001236
      92       1.253    0.001224
      93       1.242    0.001213
      94        1.23    0.001201
      95       1.218     0.00119
      96       1.207    0.001179
      97       1.195    0.001167
      98       1.184    0.001156
      99       1.173    0.001145
     100       1.161    0.001135
     101        1.15    0.001124
     102        1.14    0.001113
     103       1.129    0.001103
     104       1.118    0.001092
     105       1.107    0.001082
     106       1.097    0.001072
     107       1.087    0.001061
     108       1.076    0.001051
     109       1.066    0.001041
     110       1.056    0.001031
     111       1.046    0.001022
     112       1.036    0.001012
     113       1.026    0.001002
     114       1.016   0.0009928
     115       1.007   0.0009833
     116      0.9971    0.000974
     117      0.9876   0.0009647
     118      0.9782   0.0009556
     119      0.9689   0.0009465
     120      0.9597   0.0009375
     121      0.9505   0.0009285
     122      0.9415   0.0009197
     123      0.9325   0.0009109
     124      0.9236   0.0009023
     125      0.9148   0.0008937
     126      0.9061   0.0008852
     127      0.8975   0.0008767
     128      0.8889   0.0008684
     129      0.8805   0.0008601
     130      0.8721   0.0008519
     131      0.8638   0.0008438
     132      0.8555   0.0008357
     133      0.8474   0.0008278
     134      0.8393   0.0008199
     135      0.8313    0.000812
     136      0.8233   0.0008043
     137      0.8155   0.0007966
     138      0.8077    0.000789
     139         0.8   0.0007815
     140      0.7923    0.000774
     141      0.7848   0.0007666
     142      0.7773   0.0007593
     143      0.7698    0.000752
     144      0.7625   0.0007449
     145      0.7552   0.0007377
     146       0.748   0.0007307
     147      0.7408   0.0007237
     148      0.7337   0.0007168
     149      0.7267   0.0007099
     150      0.7198   0.0007031
     151      0.7129   0.0006964
     152      0.7061   0.0006898
     153      0.6993   0.0006832
     154      0.6926   0.0006766
     155       0.686   0.0006701
     156      0.6794   0.0006637
     157      0.6729   0.0006574
     158      0.6665   0.0006511
     159      0.6601   0.0006449
     160      0.6538   0.0006387
     161      0.6475   0.0006326
     162      0.6413   0.0006265
     163      0.6352   0.0006205
     164      0.6291   0.0006146
     165      0.6231   0.0006087
     166      0.6171   0.0006029
     167      0.6112   0.0005971
     168      0.6053   0.0005914
     169      0.5995   0.0005857
     170      0.5938   0.0005801
     171      0.5881   0.0005745
     172      0.5825    0.000569
     173      0.5769   0.0005636
     174      0.5714   0.0005582
     175      0.5659   0.0005528
     176      0.5605   0.0005475
     177      0.5551   0.0005423
     178      0.5498   0.0005371
     179      0.5445   0.0005319
     180      0.5393   0.0005268
     181      0.5341   0.0005218
     182       0.529   0.0005168
     183      0.5239   0.0005118
     184      0.5189   0.0005069
     185      0.5139    0.000502
     186       0.509   0.0004972
     187      0.5041   0.0004925
     188      0.4993   0.0004877
     189      0.4945   0.0004831
     190      0.4897   0.0004784
     191       0.485   0.0004738
     192      0.4804   0.0004693
     193      0.4758   0.0004648
     194      0.4712   0.0004603
     195      0.4667   0.0004559
     196      0.4622   0.0004515
     197      0.4578   0.0004472
     198      0.4534   0.0004429
     199       0.449   0.0004387
     200      0.4447   0.0004345
     201      0.4405   0.0004303
     202      0.4362   0.0004262
     203       0.432   0.0004221
     204      0.4279    0.000418
     205      0.4238    0.000414
     206      0.4197     0.00041
     207      0.4157   0.0004061
     208      0.4117   0.0004022
     209      0.4078   0.0003983
     210      0.4038   0.0003945
     211         0.4   0.0003907
     212      0.3961    0.000387
     213      0.3923   0.0003833
     214      0.3886   0.0003796
     215      0.3848   0.0003759
     216      0.3811   0.0003723
     217      0.3775   0.0003687
     218      0.3738   0.0003652
     219      0.3703   0.0003617
     220      0.3667   0.0003582
     221      0.3632   0.0003548
     222      0.3597   0.0003514
     223      0.3562    0.000348
     224      0.3528   0.0003447
     225      0.3494   0.0003414
     226      0.3461   0.0003381
     227      0.3428   0.0003348
     228      0.3395   0.0003316
     229      0.3362   0.0003284
     230       0.333   0.0003253
     231      0.3298   0.0003222
     232      0.3266   0.0003191
     233      0.3235    0.000316
     234      0.3204    0.000313
     235      0.3173     0.00031
     236      0.3142    0.000307
     237      0.3112    0.000304
     238      0.3082   0.0003011
     239      0.3053   0.0002982
     240      0.3023   0.0002954
     241      0.2994   0.0002925
     242      0.2966   0.0002897
     243      0.2937   0.0002869
     244      0.2909   0.0002842
     245      0.2881   0.0002814
     246      0.2853   0.0002787
     247      0.2826   0.0002761
     248      0.2799   0.0002734
     249      0.2772   0.0002708
     250      0.2745   0.0002682
     251      0.2719   0.0002656
     252      0.2693   0.0002631
     253      0.2667   0.0002605
     254      0.2641    0.000258
     255      0.2616   0.0002556
     256      0.2591   0.0002531
     257      0.2566   0.0002507
     258      0.2541   0.0002483
     259      0.2517   0.0002459
     260      0.2493   0.0002435
     261      0.2469   0.0002412
     262      0.2445   0.0002389
     263      0.2422   0.0002366
     264      0.2398   0.0002343
     265      0.2375    0.000232
     266      0.2352   0.0002298
     267       0.233   0.0002276
     268      0.2307   0.0002254
     269      0.2285   0.0002233
     270      0.2263   0.0002211
     271      0.2242    0.000219
     272       0.222   0.0002169
     273      0.2199   0.0002148
     274      0.2178   0.0002127
     275      0.2157   0.0002107
     276      0.2136   0.0002087
     277      0.2115   0.0002067
     278      0.2095   0.0002047
     279      0.2075   0.0002027
     280      0.2055   0.0002008
     281      0.2035   0.0001988
     282      0.2016   0.0001969
     283      0.1996    0.000195
     284      0.1977   0.0001932
     285      0.1958   0.0001913
     286      0.1939   0.0001895
     287      0.1921   0.0001876
     288      0.1902   0.0001858
     289      0.1884   0.0001841
     290      0.1866   0.0001823
     291      0.1848   0.0001805
     292       0.183   0.0001788
     293      0.1813   0.0001771
     294      0.1795   0.0001754
     295      0.1778   0.0001737
     296      0.1761    0.000172
     297      0.1744   0.0001704
     298      0.1727   0.0001687
     299      0.1711   0.0001671
     300      0.1694   0.0001655
     301      0.1678   0.0001639
     302      0.1662   0.0001624
     303      0.1646   0.0001608
     304       0.163   0.0001592
     305      0.1614   0.0001577
     306      0.1599   0.0001562
     307      0.1584   0.0001547
     308      0.1568   0.0001532
     309      0.1553   0.0001517
     310      0.1538   0.0001503
     311      0.1524   0.0001488
     312      0.1509   0.0001474
     313      0.1494    0.000146
     314       0.148   0.0001446
     315      0.1466   0.0001432
     316      0.1452   0.0001418
     317      0.1438   0.0001405
     318      0.1424   0.0001391
     319       0.141   0.0001378
     320      0.1397   0.0001365
     321      0.1383   0.0001351
     322       0.137   0.0001338
     323      0.1357   0.0001326
     324      0.1344   0.0001313
     325      0.1331     0.00013
     326      0.1318   0.0001288
     327      0.1306   0.0001275
     328      0.1293   0.0001263
     329      0.1281   0.0001251
     330      0.1268   0.0001239
     331      0.1256   0.0001227
     332      0.1244   0.0001215
     333      0.1232   0.0001204
     334       0.122   0.0001192
     335      0.1209   0.0001181
     336      0.1197   0.0001169
     337      0.1185   0.0001158
     338      0.1174   0.0001147
     339      0.1163   0.0001136
     340      0.1152   0.0001125
     341      0.1141   0.0001114
     342       0.113   0.0001103
     343      0.1119   0.0001093
     344      0.1108   0.0001082
     345      0.1097   0.0001072
     346      0.1087   0.0001062
     347      0.1076   0.0001051
     348      0.1066   0.0001041
     349      0.1056   0.0001031
     350      0.1046   0.0001021
     351      0.1036   0.0001012
     352      0.1026   0.0001002
     353      0.1016   9.923e-05
     354      0.1006   9.828e-05
     355     0.09963   9.733e-05
     356     0.09868    9.64e-05
     357     0.09773   9.547e-05
     358     0.09679   9.455e-05
     359     0.09586   9.364e-05
     360     0.09494   9.275e-05
     361     0.09403   9.185e-05
     362     0.09312   9.097e-05
     363     0.09223    9.01e-05
     364     0.09134   8.923e-05
     365     0.09046   8.837e-05
     366      0.0896   8.753e-05
     367     0.08873   8.668e-05
     368     0.08788   8.585e-05
     369     0.08704   8.503e-05
     370      0.0862   8.421e-05
     371     0.08537    8.34e-05
     372     0.08455    8.26e-05
     373     0.08374   8.181e-05
     374     0.08294   8.102e-05
     375     0.08214   8.024e-05
     376     0.08135   7.947e-05
     377     0.08057   7.871e-05
     378     0.07979   7.795e-05
     379     0.07903    7.72e-05
     380     0.07827   7.646e-05
     381     0.07752   7.573e-05
     382     0.07677     7.5e-05
     383     0.07603   7.428e-05
     384      0.0753   7.356e-05
     385     0.07458   7.286e-05
     386     0.07386   7.216e-05
     387     0.07315   7.146e-05
     388     0.07245   7.078e-05
     389     0.07176    7.01e-05
     390     0.07107   6.942e-05
     391     0.07038   6.876e-05
     392     0.06971    6.81e-05
     393     0.06904   6.744e-05
     394     0.06837    6.68e-05
     395     0.06772   6.615e-05
     396     0.06707   6.552e-05
     397     0.06642   6.489e-05
     398     0.06578   6.426e-05
     399     0.06515   6.365e-05
     400     0.06453   6.304e-05
     401     0.06391   6.243e-05
     402     0.06329   6.183e-05
     403     0.06268   6.124e-05
     404     0.06208   6.065e-05
     405     0.06149   6.007e-05
     406      0.0609   5.949e-05
     407     0.06031   5.892e-05
     408     0.05973   5.835e-05
     409     0.05916   5.779e-05
     410     0.05859   5.724e-05
     411     0.05803   5.669e-05
     412     0.05747   5.614e-05
     413     0.05692    5.56e-05
     414     0.05637   5.507e-05
     415     0.05583   5.454e-05
     416     0.05529   5.401e-05
     417     0.05476    5.35e-05
     418     0.05423   5.298e-05
     419     0.05371   5.247e-05
     420      0.0532   5.197e-05
     421     0.05269   5.147e-05
     422     0.05218   5.097e-05
     423     0.05168   5.048e-05
     424     0.05118       5e-05
     425     0.05069   4.952e-05
     426      0.0502   4.904e-05
     427     0.04972   4.857e-05
     428     0.04924   4.811e-05
     429     0.04877   4.764e-05
     430      0.0483   4.719e-05
     431     0.04784   4.673e-05
     432     0.04738   4.628e-05
     433     0.04692   4.584e-05
     434     0.04647    4.54e-05
     435     0.04603   4.496e-05
     436     0.04558   4.453e-05
     437     0.04515    4.41e-05
     438     0.04471   4.368e-05
     439     0.04428   4.326e-05
     440     0.04386   4.284e-05
     441     0.04344   4.243e-05
     442     0.04302   4.202e-05
     443      0.0426   4.162e-05
     444      0.0422   4.122e-05
     445     0.04179   4.082e-05
     446     0.04139   4.043e-05
     447     0.04099   4.004e-05
     448      0.0406   3.966e-05
     449     0.04021   3.928e-05
     450     0.03982    3.89e-05
     451     0.03944   3.853e-05
     452     0.03906   3.816e-05
     453     0.03868   3.779e-05
     454     0.03831   3.743e-05
     455     0.03794   3.707e-05
     456     0.03758   3.671e-05
     457     0.03722   3.636e-05
     458     0.03686   3.601e-05
     459     0.03651   3.566e-05
     460     0.03616   3.532e-05
     461     0.03581   3.498e-05
     462     0.03546   3.465e-05
     463     0.03512   3.431e-05
     464     0.03479   3.398e-05
     465     0.03445   3.366e-05
     466     0.03412   3.333e-05
     467     0.03379   3.301e-05
     468     0.03347    3.27e-05
     469     0.03315   3.238e-05
     470     0.03283   3.207e-05
     471     0.03251   3.176e-05
     472      0.0322   3.146e-05
     473     0.03189   3.116e-05
     474     0.03159   3.086e-05
     475     0.03128   3.056e-05
     476     0.03098   3.027e-05
     477     0.03068   2.998e-05
     478     0.03039   2.969e-05
     479      0.0301    2.94e-05
     480     0.02981   2.912e-05
     481     0.02952   2.884e-05
     482     0.02924   2.856e-05
     483     0.02896   2.829e-05
     484     0.02868   2.802e-05
     485      0.0284   2.775e-05
     486     0.02813   2.748e-05
     487     0.02786   2.722e-05
     488     0.02759   2.696e-05
     489     0.02733    2.67e-05
     490     0.02706   2.644e-05
     491      0.0268   2.619e-05
     492     0.02655   2.593e-05
     493     0.02629   2.568e-05
     494     0.02604   2.544e-05
     495     0.02579   2.519e-05
     496     0.02554   2.495e-05
     497      0.0253   2.471e-05
     498     0.02505   2.447e-05
     499     0.02481   2.424e-05
     500     0.02457   2.401e-05
     501     0.02434   2.378e-05
     502      0.0241   2.355e-05
     503     0.02387   2.332e-05
     504     0.02364    2.31e-05
     505     0.02342   2.288e-05
     506     0.02319   2.266e-05
     507     0.02297   2.244e-05
     508     0.02275   2.222e-05
     509     0.02253   2.201e-05
     510     0.02231    2.18e-05
     511      0.0221   2.159e-05
     512     0.02189   2.138e-05
     513     0.02168   2.118e-05
     514     0.02147   2.097e-05
     515     0.02126   2.077e-05
     516     0.02106   2.057e-05
     517     0.02085   2.037e-05
     518     0.02065   2.018e-05
     519     0.02046   1.998e-05
     520     0.02026   1.979e-05
     521     0.02006    1.96e-05
     522     0.01987   1.941e-05
     523     0.01968   1.923e-05
     524     0.01949   1.904e-05
     525      0.0193   1.886e-05
     526     0.01912   1.868e-05
     527     0.01894    1.85e-05
     528     0.01875   1.832e-05
     529     0.01857   1.814e-05
     530      0.0184   1.797e-05
     531     0.01822    1.78e-05
     532     0.01804   1.763e-05
     533     0.01787   1.746e-05
     534      0.0177   1.729e-05
     535     0.01753   1.712e-05
     536     0.01736   1.696e-05
     537     0.01719    1.68e-05
     538     0.01703   1.663e-05
     539     0.01686   1.647e-05
     540      0.0167   1.632e-05
     541     0.01654   1.616e-05
     542     0.01638     1.6e-05
     543     0.01623   1.585e-05
     544     0.01607    1.57e-05
     545     0.01592   1.555e-05
     546     0.01576    1.54e-05
     547     0.01561   1.525e-05
     548     0.01546    1.51e-05
     549     0.01531   1.496e-05
     550     0.01517   1.481e-05
     551     0.01502   1.467e-05
     552     0.01488   1.453e-05
     553     0.01473   1.439e-05
     554     0.01459   1.425e-05
     555     0.01445   1.412e-05
     556     0.01431   1.398e-05
     557     0.01417   1.385e-05
     558     0.01404   1.371e-05
     559      0.0139   1.358e-05
     560     0.01377   1.345e-05
     561     0.01364   1.332e-05
     562     0.01351   1.319e-05
     563     0.01338   1.307e-05
     564     0.01325   1.294e-05
     565     0.01312   1.282e-05
     566     0.01299   1.269e-05
     567     0.01287   1.257e-05
     568     0.01275   1.245e-05
     569     0.01262   1.233e-05
     570      0.0125   1.221e-05
     571     0.01238    1.21e-05
     572     0.01226   1.198e-05
     573     0.01215   1.187e-05
     574     0.01203   1.175e-05
     575     0.01191   1.164e-05
     576      0.0118   1.153e-05
     577     0.01169   1.142e-05
     578     0.01157   1.131e-05
     579     0.01146    1.12e-05
     580     0.01135   1.109e-05
     581     0.01124   1.098e-05
     582     0.01113   1.088e-05
     583     0.01103   1.077e-05
     584     0.01092   1.067e-05
     585     0.01082   1.057e-05
     586     0.01071   1.047e-05
     587     0.01061   1.037e-05
     588     0.01051   1.027e-05
     589     0.01041   1.017e-05
     590     0.01031   1.007e-05
     591     0.01021   9.972e-06
     592     0.01011   9.877e-06
     593     0.01001   9.782e-06
     594    0.009917   9.688e-06
     595    0.009822   9.595e-06
     596    0.009727   9.503e-06
     597    0.009634   9.411e-06
     598    0.009541   9.321e-06
     599     0.00945   9.231e-06
     600    0.009359   9.143e-06
     601    0.009269   9.055e-06
     602     0.00918   8.968e-06
     603    0.009092   8.882e-06
     604    0.009004   8.796e-06
     605    0.008918   8.712e-06
     606    0.008832   8.628e-06
     607    0.008747   8.545e-06
     608    0.008663   8.463e-06
     609     0.00858   8.382e-06
     610    0.008498   8.301e-06
     611    0.008416   8.222e-06
     612    0.008335   8.143e-06
     613    0.008255   8.064e-06
     614    0.008176   7.987e-06
     615    0.008097    7.91e-06
     616    0.008019   7.834e-06
     617    0.007942   7.759e-06
     618    0.007866   7.684e-06
     619     0.00779    7.61e-06
     620    0.007716   7.537e-06
     621    0.007641   7.465e-06
     622    0.007568   7.393e-06
     623    0.007495   7.322e-06
     624    0.007423   7.252e-06
     625    0.007352   7.182e-06
     626    0.007281   7.113e-06
     627    0.007211   7.045e-06
     628    0.007142   6.977e-06
     629    0.007074    6.91e-06
     630    0.007006   6.844e-06
     631    0.006938   6.778e-06
     632    0.006872   6.713e-06
     633    0.006806   6.648e-06
     634     0.00674   6.584e-06
     635    0.006675   6.521e-06
     636    0.006611   6.459e-06
     637    0.006548   6.397e-06
     638    0.006485   6.335e-06
     639    0.006423   6.274e-06
     640    0.006361   6.214e-06
     641      0.0063   6.154e-06
     642    0.006239   6.095e-06
     643    0.006179   6.037e-06
     644     0.00612   5.979e-06
     645    0.006061   5.921e-06
     646    0.006003   5.864e-06
     647    0.005945   5.808e-06
     648    0.005888   5.752e-06
     649    0.005832   5.697e-06
     650    0.005776   5.642e-06
     651     0.00572   5.588e-06
     652    0.005665   5.534e-06
     653    0.005611   5.481e-06
     654    0.005557   5.428e-06
     655    0.005503   5.376e-06
     656     0.00545   5.325e-06
     657    0.005398   5.273e-06
     658    0.005346   5.223e-06
     659    0.005295   5.173e-06
     660    0.005244   5.123e-06
     661    0.005194   5.074e-06
     662    0.005144   5.025e-06
     663    0.005094   4.977e-06
     664    0.005045   4.929e-06
     665    0.004997   4.881e-06
     666    0.004949   4.835e-06
     667    0.004901   4.788e-06
     668    0.004854   4.742e-06
     669    0.004808   4.697e-06
     670    0.004761   4.651e-06
     671    0.004716   4.607e-06
     672     0.00467   4.563e-06
     673    0.004626   4.519e-06
     674    0.004581   4.475e-06
     675    0.004537   4.432e-06
     676    0.004493    4.39e-06
     677     0.00445   4.348e-06
     678    0.004408   4.306e-06
     679    0.004365   4.264e-06
     680    0.004323   4.223e-06
     681    0.004282   4.183e-06
     682    0.004241   4.143e-06
     683      0.0042   4.103e-06
     684     0.00416   4.063e-06
     685     0.00412   4.024e-06
     686     0.00408   3.986e-06
     687    0.004041   3.947e-06
     688    0.004002    3.91e-06
     689    0.003963   3.872e-06
     690    0.003925   3.835e-06
     691    0.003888   3.798e-06
     692     0.00385   3.761e-06
     693    0.003813   3.725e-06
     694    0.003777   3.689e-06
     695     0.00374   3.654e-06
     696    0.003705   3.619e-06
     697    0.003669   3.584e-06
     698    0.003634    3.55e-06
     699    0.003599   3.516e-06
     700    0.003564   3.482e-06
     701     0.00353   3.448e-06
     702    0.003496   3.415e-06
     703    0.003462   3.382e-06
     704    0.003429    3.35e-06
     705    0.003396   3.318e-06
     706    0.003364   3.286e-06
     707    0.003331   3.254e-06
     708    0.003299   3.223e-06
     709    0.003268   3.192e-06
     710    0.003236   3.161e-06
     711    0.003205   3.131e-06
     712    0.003174   3.101e-06
     713    0.003144   3.071e-06
     714    0.003114   3.042e-06
     715    0.003084   3.012e-06
     716    0.003054   2.984e-06
     717    0.003025   2.955e-06
     718    0.002996   2.926e-06
     719    0.002967   2.898e-06
     720    0.002938   2.871e-06
     721     0.00291   2.843e-06
     722    0.002882   2.816e-06
     723    0.002855   2.789e-06
     724    0.002827   2.762e-06
     725      0.0028   2.735e-06
     726    0.002773   2.709e-06
     727    0.002746   2.683e-06
     728     0.00272   2.657e-06
     729    0.002694   2.632e-06
     730    0.002668   2.606e-06
     731    0.002642   2.581e-06
     732    0.002617   2.557e-06
     733    0.002592   2.532e-06
     734    0.002567   2.508e-06
     735    0.002542   2.484e-06
     736    0.002518    2.46e-06
     737    0.002494   2.436e-06
     738     0.00247   2.413e-06
     739    0.002446   2.389e-06
     740    0.002422   2.367e-06
     741    0.002399   2.344e-06
     742    0.002376   2.321e-06
     743    0.002353   2.299e-06
     744    0.002331   2.277e-06
     745    0.002308   2.255e-06
     746    0.002286   2.233e-06
     747    0.002264   2.212e-06
     748    0.002242   2.191e-06
     749    0.002221    2.17e-06
     750      0.0022   2.149e-06
     751    0.002178   2.128e-06
     752    0.002157   2.108e-06
     753    0.002137   2.087e-06
     754    0.002116   2.067e-06
     755    0.002096   2.047e-06
     756    0.002076   2.028e-06
     757    0.002056   2.008e-06
     758    0.002036   1.989e-06
     759    0.002016    1.97e-06
     760    0.001997   1.951e-06
     761    0.001978   1.932e-06
     762    0.001959   1.914e-06
     763     0.00194   1.895e-06
     764    0.001921   1.877e-06
     765    0.001903   1.859e-06
     766    0.001885   1.841e-06
     767    0.001867   1.824e-06
     768    0.001849   1.806e-06
     769    0.001831   1.789e-06
     770    0.001813   1.771e-06
     771    0.001796   1.754e-06
     772    0.001779   1.738e-06
     773    0.001762   1.721e-06
     774    0.001745   1.704e-06
     775    0.001728   1.688e-06
     776    0.001711   1.672e-06
     777    0.001695   1.656e-06
     778    0.001679    1.64e-06
     779    0.001662   1.624e-06
     780    0.001646   1.608e-06
     781    0.001631   1.593e-06
     782    0.001615   1.578e-06
     783    0.001599   1.563e-06
     784    0.001584   1.548e-06
     785    0.001569   1.533e-06
     786    0.001554   1.518e-06
     787    0.001539   1.503e-06
     788    0.001524   1.489e-06
     789    0.001509   1.475e-06
     790    0.001495    1.46e-06
     791    0.001481   1.446e-06
     792    0.001466   1.432e-06
     793    0.001452   1.419e-06
     794    0.001438   1.405e-06
     795    0.001425   1.392e-06
     796    0.001411   1.378e-06
     797    0.001397   1.365e-06
     798    0.001384   1.352e-06
     799    0.001371   1.339e-06
     800    0.001357   1.326e-06
     801    0.001344   1.313e-06
     802    0.001331   1.301e-06
     803    0.001319   1.288e-06
     804    0.001306   1.276e-06
     805    0.001293   1.264e-06
     806    0.001281   1.251e-06
     807    0.001269   1.239e-06
     808    0.001256   1.227e-06
     809    0.001244   1.216e-06
     810    0.001232   1.204e-06
     811    0.001221   1.192e-06
     812    0.001209   1.181e-06
     813    0.001197    1.17e-06
     814    0.001186   1.158e-06
     815    0.001174   1.147e-06
     816    0.001163   1.136e-06
     817    0.001152   1.125e-06
     818    0.001141   1.115e-06
     819     0.00113   1.104e-06
     820    0.001119   1.093e-06
     821    0.001108   1.083e-06
     822    0.001098   1.072e-06
     823    0.001087   1.062e-06
     824    0.001077   1.052e-06
     825    0.001066   1.042e-06
     826    0.001056   1.032e-06
     827    0.001046   1.022e-06
     828    0.001036   1.012e-06
     829    0.001026   1.002e-06
     830    0.001016   9.926e-07
     831    0.001006   9.831e-07
     832   0.0009966   9.736e-07
     833   0.0009871   9.643e-07
     834   0.0009776    9.55e-07
     835   0.0009682   9.458e-07
     836   0.0009589   9.367e-07
     837   0.0009497   9.277e-07
     838   0.0009406   9.188e-07
     839   0.0009315     9.1e-07
     840   0.0009226   9.013e-07
     841   0.0009137   8.926e-07
     842   0.0009049    8.84e-07
     843   0.0008962   8.755e-07
     844   0.0008876   8.671e-07
     845   0.0008791   8.588e-07
     846   0.0008706   8.505e-07
     847   0.0008623   8.424e-07
     848    0.000854   8.343e-07
     849   0.0008458   8.263e-07
     850   0.0008377   8.183e-07
     851   0.0008296   8.105e-07
     852   0.0008216   8.027e-07
     853   0.0008138    7.95e-07
     854   0.0008059   7.873e-07
     855   0.0007982   7.798e-07
     856   0.0007905   7.723e-07
     857   0.0007829   7.648e-07
     858   0.0007754   7.575e-07
     859    0.000768   7.502e-07
     860   0.0007606    7.43e-07
     861   0.0007533   7.359e-07
     862    0.000746   7.288e-07
     863   0.0007389   7.218e-07
     864   0.0007318   7.149e-07
     865   0.0007247    7.08e-07
     866   0.0007178   7.012e-07
     867   0.0007109   6.945e-07
     868   0.0007041   6.878e-07
     869   0.0006973   6.812e-07
     870   0.0006906   6.746e-07
     871    0.000684   6.682e-07
     872   0.0006774   6.617e-07
     873   0.0006709   6.554e-07
     874   0.0006644   6.491e-07
     875    0.000658   6.428e-07
     876   0.0006517   6.367e-07
     877   0.0006455   6.306e-07
     878   0.0006393   6.245e-07
     879   0.0006331   6.185e-07
     880    0.000627   6.126e-07
     881    0.000621   6.067e-07
     882    0.000615   6.008e-07
     883   0.0006091   5.951e-07
     884   0.0006033   5.893e-07
     885   0.0005975   5.837e-07
     886   0.0005917   5.781e-07
     887   0.0005861   5.725e-07
     888   0.0005804    5.67e-07
     889   0.0005749   5.616e-07
     890   0.0005693   5.562e-07
     891   0.0005639   5.508e-07
     892   0.0005584   5.455e-07
     893   0.0005531   5.403e-07
     894   0.0005478   5.351e-07
     895   0.0005425     5.3e-07
     896   0.0005373   5.249e-07
     897   0.0005321   5.198e-07
     898    0.000527   5.148e-07
     899    0.000522   5.099e-07
     900   0.0005169    5.05e-07
     901    0.000512   5.001e-07
     902   0.0005071   4.953e-07
     903   0.0005022   4.906e-07
     904   0.0004974   4.859e-07
     905   0.0004926   4.812e-07
     906   0.0004878   4.766e-07
     907   0.0004832    4.72e-07
     908   0.0004785   4.675e-07
     909   0.0004739    4.63e-07
     910   0.0004694   4.585e-07
     911   0.0004649   4.541e-07
     912   0.0004604   4.498e-07
     913    0.000456   4.454e-07
     914   0.0004516   4.412e-07
     915   0.0004473   4.369e-07
     916    0.000443   4.327e-07
     917   0.0004387   4.286e-07
     918   0.0004345   4.244e-07
     919   0.0004303   4.204e-07
     920   0.0004262   4.163e-07
     921   0.0004221   4.123e-07
     922    0.000418   4.084e-07
     923    0.000414   4.044e-07
     924     0.00041   4.006e-07
     925   0.0004061   3.967e-07
     926   0.0004022   3.929e-07
     927   0.0003983   3.891e-07
     928   0.0003945   3.854e-07
     929   0.0003907   3.817e-07
     930    0.000387    3.78e-07
     931   0.0003832   3.744e-07
     932   0.0003796   3.708e-07
     933   0.0003759   3.672e-07
     934   0.0003723   3.637e-07
     935   0.0003687   3.602e-07
     936   0.0003652   3.567e-07
     937   0.0003617   3.533e-07
     938   0.0003582   3.499e-07
     939   0.0003548   3.466e-07
     940   0.0003513   3.432e-07
     941    0.000348   3.399e-07
     942   0.0003446   3.367e-07
     943   0.0003413   3.334e-07
     944    0.000338   3.302e-07
     945   0.0003348   3.271e-07
     946   0.0003316   3.239e-07
     947   0.0003284   3.208e-07
     948   0.0003252   3.177e-07
     949   0.0003221   3.147e-07
     950    0.000319   3.116e-07
     951    0.000316   3.087e-07
     952   0.0003129   3.057e-07
     953   0.0003099   3.027e-07
     954   0.0003069   2.998e-07
     955    0.000304    2.97e-07
     956   0.0003011   2.941e-07
     957   0.0002982   2.913e-07
     958   0.0002953   2.885e-07
     959   0.0002925   2.857e-07
     960   0.0002897    2.83e-07
     961   0.0002869   2.802e-07
     962   0.0002841   2.776e-07
     963   0.0002814   2.749e-07
     964   0.0002787   2.722e-07
     965    0.000276   2.696e-07
     966   0.0002734    2.67e-07
     967   0.0002707   2.645e-07
     968   0.0002681   2.619e-07
     969   0.0002656   2.594e-07
     970    0.000263   2.569e-07
     971   0.0002605   2.545e-07
     972    0.000258    2.52e-07
     973   0.0002555   2.496e-07
     974    0.000253   2.472e-07
     975   0.0002506   2.448e-07
     976   0.0002482   2.425e-07
     977   0.0002458   2.401e-07
     978   0.0002435   2.378e-07
     979   0.0002411   2.355e-07
     980   0.0002388   2.333e-07
     981   0.0002365    2.31e-07
     982   0.0002342   2.288e-07
     983    0.000232   2.266e-07
     984   0.0002298   2.244e-07
     985   0.0002275   2.223e-07
     986   0.0002254   2.202e-07
     987   0.0002232    2.18e-07
     988   0.0002211   2.159e-07
     989   0.0002189   2.139e-07
     990   0.0002168   2.118e-07
     991   0.0002147   2.098e-07
     992   0.0002127   2.078e-07
     993   0.0002106   2.058e-07
     994   0.0002086   2.038e-07
     995   0.0002066   2.018e-07
     996   0.0002046   1.999e-07
     997   0.0002027    1.98e-07
     998   0.0002007   1.961e-07
     999   0.0001988   1.942e-07
    1000   0.0001969   1.923e-07
    1001    0.000195   1.905e-07
    1002   0.0001931   1.886e-07
    1003   0.0001913   1.868e-07
    1004   0.0001894    1.85e-07
    1005   0.0001876   1.833e-07
    1006   0.0001858   1.815e-07
    1007    0.000184   1.798e-07
    1008   0.0001822    1.78e-07
    1009   0.0001805   1.763e-07
    1010   0.0001788   1.746e-07
    1011    0.000177   1.729e-07
    1012   0.0001753   1.713e-07
    1013   0.0001737   1.696e-07
    1014    0.000172    1.68e-07
    1015   0.0001703   1.664e-07
    1016   0.0001687   1.648e-07
    1017   0.0001671   1.632e-07
    1018   0.0001655   1.616e-07
    1019   0.0001639   1.601e-07
    1020   0.0001623   1.586e-07
    1021   0.0001607    1.57e-07
    1022   0.0001592   1.555e-07
    1023   0.0001577    1.54e-07
    1024   0.0001562   1.525e-07
    1025   0.0001547   1.511e-07
    1026   0.0001532   1.496e-07
    1027   0.0001517   1.482e-07
    1028   0.0001502   1.468e-07
    1029   0.0001488   1.454e-07
    1030   0.0001474    1.44e-07
    1031    0.000146   1.426e-07
    1032   0.0001446   1.412e-07
    1033   0.0001432   1.399e-07
    1034   0.0001418   1.385e-07
    1035   0.0001404   1.372e-07
    1036   0.0001391   1.359e-07
    1037   0.0001377   1.346e-07
    1038   0.0001364   1.333e-07
    1039   0.0001351    1.32e-07
    1040   0.0001338   1.307e-07
    1041   0.0001325   1.295e-07
    1042   0.0001312   1.282e-07
    1043     0.00013    1.27e-07
    1044   0.0001287   1.258e-07
    1045   0.0001275   1.246e-07
    1046   0.0001263   1.234e-07
    1047   0.0001251   1.222e-07
    1048   0.0001239    1.21e-07
    1049   0.0001227   1.198e-07
    1050   0.0001215   1.187e-07
    1051   0.0001203   1.175e-07
    1052   0.0001192   1.164e-07
    1053    0.000118   1.153e-07
    1054   0.0001169   1.142e-07
    1055   0.0001158   1.131e-07
    1056   0.0001147    1.12e-07
    1057   0.0001136   1.109e-07
    1058   0.0001125   1.099e-07
    1059   0.0001114   1.088e-07
    1060   0.0001103   1.078e-07
    1061   0.0001093   1.067e-07
    1062   0.0001082   1.057e-07
    1063   0.0001072   1.047e-07
    1064   0.0001061   1.037e-07
    1065   0.0001051   1.027e-07
    1066   0.0001041   1.017e-07
    1067   0.0001031   1.007e-07
    1068   0.0001021   9.976e-08
    1069   0.0001011    9.88e-08
    1070   0.0001002   9.785e-08
    1071    9.92e-05   9.691e-08
    1072   9.825e-05   9.598e-08
    1073    9.73e-05   9.505e-08
    1074   9.637e-05   9.414e-08
    1075   9.544e-05   9.324e-08
    1076   9.452e-05   9.234e-08
    1077   9.362e-05   9.145e-08
    1078   9.272e-05   9.058e-08
    1079   9.183e-05   8.971e-08
    1080   9.094e-05   8.884e-08
    1081   9.007e-05   8.799e-08
    1082    8.92e-05   8.714e-08
    1083   8.835e-05   8.631e-08
    1084    8.75e-05   8.548e-08
    1085   8.666e-05   8.466e-08
    1086   8.583e-05   8.384e-08
    1087     8.5e-05   8.304e-08
    1088   8.418e-05   8.224e-08
    1089   8.338e-05   8.145e-08
    1090   8.257e-05   8.067e-08
    1091   8.178e-05   7.989e-08
    1092     8.1e-05   7.912e-08
    1093   8.022e-05   7.836e-08
    1094   7.945e-05   7.761e-08
    1095   7.868e-05   7.687e-08
    1096   7.793e-05   7.613e-08
    1097   7.718e-05    7.54e-08
    1098   7.644e-05   7.467e-08
    1099    7.57e-05   7.395e-08
    1100   7.498e-05   7.324e-08
    1101   7.426e-05   7.254e-08
    1102   7.354e-05   7.184e-08
    1103   7.284e-05   7.115e-08
    1104   7.214e-05   7.047e-08
    1105   7.144e-05   6.979e-08
    1106   7.076e-05   6.912e-08
    1107   7.008e-05   6.846e-08
    1108    6.94e-05    6.78e-08
    1109   6.874e-05   6.715e-08
    1110   6.808e-05    6.65e-08
    1111   6.742e-05   6.586e-08
    1112   6.677e-05   6.523e-08
    1113   6.613e-05   6.461e-08
    1114    6.55e-05   6.398e-08
    1115   6.487e-05   6.337e-08
    1116   6.425e-05   6.276e-08
    1117   6.363e-05   6.216e-08
    1118   6.302e-05   6.156e-08
    1119   6.241e-05   6.097e-08
    1120   6.181e-05   6.038e-08
    1121   6.122e-05    5.98e-08
    1122   6.063e-05   5.923e-08
    1123   6.005e-05   5.866e-08
    1124   5.947e-05    5.81e-08
    1125    5.89e-05   5.754e-08
    1126   5.833e-05   5.699e-08
    1127   5.777e-05   5.644e-08
    1128   5.722e-05    5.59e-08
    1129   5.667e-05   5.536e-08
    1130   5.612e-05   5.483e-08
    1131   5.558e-05    5.43e-08
    1132   5.505e-05   5.378e-08
    1133   5.452e-05   5.326e-08
    1134     5.4e-05   5.275e-08
    1135   5.348e-05   5.224e-08
    1136   5.296e-05   5.174e-08
    1137   5.246e-05   5.124e-08
    1138   5.195e-05   5.075e-08
    1139   5.145e-05   5.026e-08
    1140   5.096e-05   4.978e-08
    1141   5.047e-05    4.93e-08
    1142   4.998e-05   4.883e-08
    1143    4.95e-05   4.836e-08
    1144   4.903e-05    4.79e-08
    1145   4.856e-05   4.744e-08
    1146   4.809e-05   4.698e-08
    1147   4.763e-05   4.653e-08
    1148   4.717e-05   4.608e-08
    1149   4.672e-05   4.564e-08
    1150   4.627e-05    4.52e-08
    1151   4.582e-05   4.477e-08
    1152   4.538e-05   4.434e-08
    1153   4.495e-05   4.391e-08
    1154   4.452e-05   4.349e-08
    1155   4.409e-05   4.307e-08
    1156   4.367e-05   4.266e-08
    1157   4.325e-05   4.225e-08
    1158   4.283e-05   4.184e-08
    1159   4.242e-05   4.144e-08
    1160   4.201e-05   4.104e-08
    1161   4.161e-05   4.065e-08
    1162   4.121e-05   4.026e-08
    1163   4.081e-05   3.987e-08
    1164   4.042e-05   3.949e-08
    1165   4.003e-05   3.911e-08
    1166   3.965e-05   3.873e-08
    1167   3.927e-05   3.836e-08
    1168   3.889e-05   3.799e-08
    1169   3.852e-05   3.763e-08
    1170   3.815e-05   3.726e-08
    1171   3.778e-05   3.691e-08
    1172   3.742e-05   3.655e-08
    1173   3.706e-05    3.62e-08
    1174    3.67e-05   3.585e-08
    1175   3.635e-05   3.551e-08
    1176     3.6e-05   3.517e-08
    1177   3.565e-05   3.483e-08
    1178   3.531e-05   3.449e-08
    1179   3.497e-05   3.416e-08
    1180   3.463e-05   3.383e-08
    1181    3.43e-05   3.351e-08
    1182   3.397e-05   3.319e-08
    1183   3.365e-05   3.287e-08
    1184   3.332e-05   3.255e-08
    1185     3.3e-05   3.224e-08
    1186   3.269e-05   3.193e-08
    1187   3.237e-05   3.162e-08
    1188   3.206e-05   3.132e-08
    1189   3.175e-05   3.102e-08
    1190   3.145e-05   3.072e-08
    1191   3.115e-05   3.043e-08
    1192   3.085e-05   3.013e-08
    1193   3.055e-05   2.984e-08
    1194   3.026e-05   2.956e-08
    1195   2.997e-05   2.927e-08
    1196   2.968e-05   2.899e-08
    1197   2.939e-05   2.871e-08
    1198   2.911e-05   2.844e-08
    1199   2.883e-05   2.816e-08
    1200   2.855e-05   2.789e-08
    1201   2.828e-05   2.763e-08
    1202   2.801e-05   2.736e-08
    1203   2.774e-05    2.71e-08
    1204   2.747e-05   2.684e-08
    1205   2.721e-05   2.658e-08
    1206   2.695e-05   2.632e-08
    1207   2.669e-05   2.607e-08
    1208   2.643e-05   2.582e-08
    1209   2.618e-05   2.557e-08
    1210   2.593e-05   2.533e-08
    1211   2.568e-05   2.508e-08
    1212   2.543e-05   2.484e-08
    1213   2.519e-05    2.46e-08
    1214   2.494e-05   2.437e-08
    1215    2.47e-05   2.413e-08
    1216   2.447e-05    2.39e-08
    1217   2.423e-05   2.367e-08
    1218     2.4e-05   2.344e-08
    1219   2.377e-05   2.322e-08
    1220   2.354e-05     2.3e-08
    1221   2.331e-05   2.278e-08
    1222   2.309e-05   2.256e-08
    1223   2.287e-05   2.234e-08
    1224   2.265e-05   2.213e-08
    1225   2.243e-05   2.191e-08
    1226   2.222e-05    2.17e-08
    1227     2.2e-05   2.149e-08
    1228   2.179e-05   2.129e-08
    1229   2.158e-05   2.108e-08
    1230   2.137e-05   2.088e-08
    1231   2.117e-05   2.068e-08
    1232   2.097e-05   2.048e-08
    1233   2.076e-05   2.028e-08
    1234   2.056e-05   2.009e-08
    1235   2.037e-05    1.99e-08
    1236   2.017e-05   1.971e-08
    1237   1.998e-05   1.952e-08
    1238   1.979e-05   1.933e-08
    1239    1.96e-05   1.914e-08
    1240   1.941e-05   1.896e-08
    1241   1.922e-05   1.878e-08
    1242   1.904e-05    1.86e-08
    1243   1.885e-05   1.842e-08
    1244   1.867e-05   1.824e-08
    1245   1.849e-05   1.807e-08
    1246   1.831e-05   1.789e-08
    1247   1.814e-05   1.772e-08
    1248   1.796e-05   1.755e-08
    1249   1.779e-05   1.738e-08
    1250   1.762e-05   1.721e-08
    1251   1.745e-05   1.705e-08
    1252   1.728e-05   1.688e-08
    1253   1.712e-05   1.672e-08
    1254   1.695e-05   1.656e-08
    1255   1.679e-05    1.64e-08
    1256   1.663e-05   1.625e-08
    1257   1.647e-05   1.609e-08
    1258   1.631e-05   1.593e-08
    1259   1.615e-05   1.578e-08
    1260     1.6e-05   1.563e-08
    1261   1.585e-05   1.548e-08
    1262   1.569e-05   1.533e-08
    1263   1.554e-05   1.518e-08
    1264   1.539e-05   1.504e-08
    1265   1.525e-05   1.489e-08
    1266    1.51e-05   1.475e-08
    1267   1.495e-05   1.461e-08
    1268   1.481e-05   1.447e-08
    1269   1.467e-05   1.433e-08
    1270   1.453e-05   1.419e-08
    1271   1.439e-05   1.406e-08
    1272   1.425e-05   1.392e-08
    1273   1.411e-05   1.379e-08
    1274   1.398e-05   1.365e-08
    1275   1.384e-05   1.352e-08
    1276   1.371e-05   1.339e-08
    1277   1.358e-05   1.326e-08
    1278   1.345e-05   1.314e-08
    1279   1.332e-05   1.301e-08
    1280   1.319e-05   1.289e-08
    1281   1.306e-05   1.276e-08
    1282   1.294e-05   1.264e-08
    1283   1.281e-05   1.252e-08
    1284   1.269e-05    1.24e-08
    1285   1.257e-05   1.228e-08
    1286   1.245e-05   1.216e-08
    1287   1.233e-05   1.204e-08
    1288   1.221e-05   1.193e-08
    1289   1.209e-05   1.181e-08
    1290   1.198e-05    1.17e-08
    1291   1.186e-05   1.159e-08
    1292   1.175e-05   1.148e-08
    1293   1.163e-05   1.137e-08
    1294   1.152e-05   1.126e-08
    1295   1.141e-05   1.115e-08
    1296    1.13e-05   1.104e-08
    1297   1.119e-05   1.094e-08
    1298   1.109e-05   1.083e-08
    1299   1.098e-05   1.073e-08
    1300   1.087e-05   1.062e-08
    1301   1.077e-05   1.052e-08
    1302   1.067e-05   1.042e-08
    1303   1.056e-05   1.032e-08
    1304   1.046e-05   1.022e-08
    1305   1.036e-05   1.012e-08
    1306   1.026e-05   1.003e-08
    1307   1.016e-05   9.929e-09
    1308   1.007e-05   9.834e-09
    1309   9.969e-06   9.739e-09
    1310   9.874e-06   9.646e-09
    1311   9.779e-06   9.553e-09
    1312   9.685e-06   9.461e-09
    1313   9.592e-06    9.37e-09
    1314     9.5e-06    9.28e-09
    1315   9.408e-06   9.191e-09
    1316   9.318e-06   9.103e-09
    1317   9.228e-06   9.015e-09
    1318    9.14e-06   8.929e-09
    1319   9.052e-06   8.843e-09
    1320   8.965e-06   8.758e-09
    1321   8.879e-06   8.674e-09
    1322   8.794e-06    8.59e-09
    1323   8.709e-06   8.508e-09
    1324   8.625e-06   8.426e-09
    1325   8.543e-06   8.345e-09
    1326    8.46e-06   8.265e-09
    1327   8.379e-06   8.186e-09
    1328   8.299e-06   8.107e-09
    1329   8.219e-06   8.029e-09
    1330    8.14e-06   7.952e-09
    1331   8.062e-06   7.876e-09
    1332   7.984e-06     7.8e-09
    1333   7.908e-06   7.725e-09
    1334   7.832e-06   7.651e-09
    1335   7.756e-06   7.577e-09
    1336   7.682e-06   7.504e-09
    1337   7.608e-06   7.432e-09
    1338   7.535e-06   7.361e-09
    1339   7.463e-06    7.29e-09
    1340   7.391e-06    7.22e-09
    1341    7.32e-06   7.151e-09
    1342    7.25e-06   7.082e-09
    1343    7.18e-06   7.014e-09
    1344   7.111e-06   6.947e-09
    1345   7.043e-06    6.88e-09
    1346   6.975e-06   6.814e-09
    1347   6.908e-06   6.748e-09
    1348   6.842e-06   6.684e-09
    1349   6.776e-06   6.619e-09
    1350   6.711e-06   6.556e-09
    1351   6.646e-06   6.493e-09
    1352   6.582e-06    6.43e-09
    1353   6.519e-06   6.369e-09
    1354   6.457e-06   6.307e-09
    1355   6.395e-06   6.247e-09
    1356   6.333e-06   6.187e-09
    1357   6.272e-06   6.127e-09
    1358   6.212e-06   6.069e-09
    1359   6.152e-06    6.01e-09
    1360   6.093e-06   5.952e-09
    1361   6.035e-06   5.895e-09
    1362   5.977e-06   5.839e-09
    1363   5.919e-06   5.783e-09
    1364   5.862e-06   5.727e-09
    1365   5.806e-06   5.672e-09
    1366    5.75e-06   5.617e-09
    1367   5.695e-06   5.564e-09
    1368    5.64e-06    5.51e-09
    1369   5.586e-06   5.457e-09
    1370   5.532e-06   5.405e-09
    1371   5.479e-06   5.353e-09
    1372   5.427e-06   5.301e-09
    1373   5.375e-06    5.25e-09
    1374   5.323e-06     5.2e-09
    1375   5.272e-06    5.15e-09
    1376   5.221e-06   5.101e-09
    1377   5.171e-06   5.052e-09
    1378   5.121e-06   5.003e-09
    1379   5.072e-06   4.955e-09
    1380   5.023e-06   4.907e-09
    1381   4.975e-06    4.86e-09
    1382   4.927e-06   4.813e-09
    1383    4.88e-06   4.767e-09
    1384   4.833e-06   4.721e-09
    1385   4.787e-06   4.676e-09
    1386   4.741e-06   4.631e-09
    1387   4.695e-06   4.587e-09
    1388    4.65e-06   4.543e-09
    1389   4.605e-06   4.499e-09
    1390   4.561e-06   4.456e-09
    1391   4.517e-06   4.413e-09
    1392   4.474e-06   4.371e-09
    1393   4.431e-06   4.329e-09
    1394   4.388e-06   4.287e-09
    1395   4.346e-06   4.246e-09
    1396   4.304e-06   4.205e-09
    1397   4.263e-06   4.165e-09
    1398   4.222e-06   4.125e-09
    1399   4.182e-06   4.085e-09
    1400   4.141e-06   4.046e-09
    1401   4.102e-06   4.007e-09
    1402   4.062e-06   3.968e-09
    1403   4.023e-06    3.93e-09
    1404   3.984e-06   3.892e-09
    1405   3.946e-06   3.855e-09
    1406   3.908e-06   3.818e-09
    1407   3.871e-06   3.781e-09
    1408   3.834e-06   3.745e-09
    1409   3.797e-06   3.709e-09
    1410    3.76e-06   3.673e-09
    1411   3.724e-06   3.638e-09
    1412   3.688e-06   3.603e-09
    1413   3.653e-06   3.569e-09
    1414   3.618e-06   3.534e-09
    1415   3.583e-06     3.5e-09
    1416   3.549e-06   3.467e-09
    1417   3.515e-06   3.433e-09
    1418   3.481e-06     3.4e-09
    1419   3.447e-06   3.368e-09
    1420   3.414e-06   3.335e-09
    1421   3.381e-06   3.303e-09
    1422   3.349e-06   3.272e-09
    1423   3.317e-06    3.24e-09
    1424   3.285e-06   3.209e-09
    1425   3.253e-06   3.178e-09
    1426   3.222e-06   3.148e-09
    1427   3.191e-06   3.117e-09
    1428    3.16e-06   3.087e-09
    1429    3.13e-06   3.058e-09
    1430     3.1e-06   3.028e-09
    1431    3.07e-06   2.999e-09
    1432   3.041e-06   2.971e-09
    1433   3.012e-06   2.942e-09
    1434   2.983e-06   2.914e-09
    1435   2.954e-06   2.886e-09
    1436   2.926e-06   2.858e-09
    1437   2.897e-06   2.831e-09
    1438    2.87e-06   2.803e-09
    1439   2.842e-06   2.776e-09
    1440   2.815e-06    2.75e-09
    1441   2.788e-06   2.723e-09
    1442   2.761e-06   2.697e-09
    1443   2.734e-06   2.671e-09
    1444   2.708e-06   2.646e-09
    1445   2.682e-06    2.62e-09
    1446   2.656e-06   2.595e-09
    1447   2.631e-06    2.57e-09
    1448   2.606e-06   2.545e-09
    1449   2.581e-06   2.521e-09
    1450   2.556e-06   2.497e-09
    1451   2.531e-06   2.473e-09
    1452   2.507e-06   2.449e-09
    1453   2.483e-06   2.425e-09
    1454   2.459e-06   2.402e-09
    1455   2.435e-06   2.379e-09
    1456   2.412e-06   2.356e-09
    1457   2.389e-06   2.334e-09
    1458   2.366e-06   2.311e-09
    1459   2.343e-06   2.289e-09
    1460   2.321e-06   2.267e-09
    1461   2.298e-06   2.245e-09
    1462   2.276e-06   2.224e-09
    1463   2.254e-06   2.202e-09
    1464   2.233e-06   2.181e-09
    1465   2.211e-06    2.16e-09
    1466    2.19e-06   2.139e-09
    1467   2.169e-06   2.119e-09
    1468   2.148e-06   2.098e-09
    1469   2.127e-06   2.078e-09
    1470   2.107e-06   2.058e-09
    1471   2.087e-06   2.039e-09
    1472   2.067e-06   2.019e-09
    1473   2.047e-06       2e-09
    1474   2.027e-06    1.98e-09
    1475   2.008e-06   1.961e-09
    1476   1.988e-06   1.942e-09
    1477   1.969e-06   1.924e-09
    1478    1.95e-06   1.905e-09
    1479   1.932e-06   1.887e-09
    1480   1.913e-06   1.869e-09
    1481   1.895e-06   1.851e-09
    1482   1.877e-06   1.833e-09
    1483   1.858e-06   1.816e-09
    1484   1.841e-06   1.798e-09
    1485   1.823e-06   1.781e-09
    1486   1.805e-06   1.764e-09
    1487   1.788e-06   1.747e-09
    1488   1.771e-06    1.73e-09
    1489   1.754e-06   1.713e-09
    1490   1.737e-06   1.697e-09
    1491    1.72e-06   1.681e-09
    1492   1.704e-06   1.664e-09
    1493   1.687e-06   1.648e-09
    1494   1.671e-06   1.633e-09
    1495   1.655e-06   1.617e-09
    1496   1.639e-06   1.601e-09
    1497   1.624e-06   1.586e-09
    1498   1.608e-06   1.571e-09
    1499   1.592e-06   1.556e-09
    1500   1.577e-06   1.541e-09
    1501   1.562e-06   1.526e-09
    1502   1.547e-06   1.511e-09
    1503   1.532e-06   1.497e-09
    1504   1.517e-06   1.482e-09
    1505   1.503e-06   1.468e-09
    1506   1.488e-06   1.454e-09
    1507   1.474e-06    1.44e-09
    1508    1.46e-06   1.426e-09
    1509   1.446e-06   1.413e-09
    1510   1.432e-06   1.399e-09
    1511   1.418e-06   1.386e-09
    1512   1.405e-06   1.372e-09
    1513   1.391e-06   1.359e-09
    1514   1.378e-06   1.346e-09
    1515   1.365e-06   1.333e-09
    1516   1.351e-06    1.32e-09
    1517   1.338e-06   1.308e-09
    1518   1.326e-06   1.295e-09
    1519   1.313e-06   1.283e-09
    1520     1.3e-06    1.27e-09
    1521   1.288e-06   1.258e-09
    1522   1.275e-06   1.246e-09
    1523   1.263e-06   1.234e-09
    1524   1.251e-06   1.222e-09
    1525   1.239e-06    1.21e-09
    1526   1.227e-06   1.199e-09
    1527   1.215e-06   1.187e-09
    1528   1.204e-06   1.176e-09
    1529   1.192e-06   1.165e-09
    1530   1.181e-06   1.153e-09
    1531   1.169e-06   1.142e-09
    1532   1.158e-06   1.131e-09
    1533   1.147e-06    1.12e-09
    1534   1.136e-06    1.11e-09
    1535   1.125e-06   1.099e-09
    1536   1.114e-06   1.088e-09
    1537   1.103e-06   1.078e-09
    1538   1.093e-06   1.068e-09
    1539   1.082e-06   1.057e-09
    1540   1.072e-06   1.047e-09
    1541   1.062e-06   1.037e-09
    1542   1.051e-06   1.027e-09
    1543   1.041e-06   1.017e-09
    1544   1.031e-06   1.008e-09
    1545   1.021e-06   9.979e-10
    1546   1.012e-06   9.883e-10
    1547   1.002e-06   9.788e-10
    1548   9.923e-07   9.694e-10

  Using grid index K = 5
  System size NK was 33
  Tolerance for linear residual 1e-06
  RMS of linear residual 9.92291e-07
  Number of GS iterations taken was 1548
  RMS GS error in solution of linear system = 9.99293e-08
  RMS discretization error in Poisson solution = 0.00015129

     I        X        U_Exact    U_Direct    U_Jacobi

     1      0.0000          -0  -1.402e-15           0
     2      0.0312    -0.03123    -0.03121    -0.03121
     3      0.0625    -0.06237    -0.06233    -0.06233
     4      0.0938    -0.09331    -0.09325    -0.09325
     5      0.1250     -0.1239     -0.1239     -0.1239
     6      0.1562     -0.1541      -0.154      -0.154
     7      0.1875     -0.1838     -0.1837     -0.1837
     8      0.2188     -0.2127     -0.2126     -0.2126
     9      0.2500     -0.2408     -0.2406     -0.2406
    10      0.2812     -0.2678     -0.2677     -0.2677
    11      0.3125     -0.2937     -0.2935     -0.2935
    12      0.3438     -0.3181      -0.318      -0.318
    13      0.3750      -0.341     -0.3408     -0.3408
    14      0.4062     -0.3621     -0.3619     -0.3619
    15      0.4375     -0.3812      -0.381      -0.381
    16      0.4688     -0.3979     -0.3977     -0.3977
    17      0.5000     -0.4122      -0.412      -0.412
    18      0.5312     -0.4236     -0.4234     -0.4234
    19      0.5625     -0.4319     -0.4317     -0.4317
    20      0.5938     -0.4368     -0.4366     -0.4366
    21      0.6250     -0.4379     -0.4377     -0.4377
    22      0.6562     -0.4348     -0.4346     -0.4346
    23      0.6875     -0.4273     -0.4271     -0.4271
    24      0.7188     -0.4148     -0.4146     -0.4146
    25      0.7500     -0.3969     -0.3968     -0.3968
    26      0.7812     -0.3733     -0.3731     -0.3731
    27      0.8125     -0.3433     -0.3432     -0.3432
    28      0.8438     -0.3065     -0.3064     -0.3064
    29      0.8750     -0.2624     -0.2623     -0.2623
    30      0.9062     -0.2103     -0.2102     -0.2102
    31      0.9375     -0.1496     -0.1496     -0.1496
    32      0.9688    -0.07976    -0.07973    -0.07973
    33      1.0000           0           0           0

GAUSS_SEIDEL_POISSON_1D:
  Normal end of execution.

22-Nov-2011 13:09:17
>> 
