1  1
1  2
1  3
1  12
1  13
1  18
1  19
1  20
2  1
2  2
2  3
2  12
2  13
2  18
2  19
2  20
3  1
3  2
3  3
3  4
3  5
3  12
3  13
3  14
3  18
3  19
3  20
3  21
3  22
4  3
4  4
4  5
4  13
4  14
4  20
4  21
4  22
5  3
5  4
5  5
5  6
5  7
5  13
5  14
5  15
5  20
5  21
5  22
5  23
5  24
6  5
6  6
6  7
6  14
6  15
6  22
6  23
6  24
7  5
7  6
7  7
7  8
7  9
7  14
7  15
7  16
7  22
7  23
7  24
7  25
7  26
8  7
8  8
8  9
8  15
8  16
8  24
8  25
8  26
9  7
9  8
9  9
9  10
9  11
9  15
9  16
9  17
9  24
9  25
9  26
9  27
9  28
10  9
10  10
10  11
10  16
10  17
10  26
10  27
10  28
11  9
11  10
11  11
11  16
11  17
11  26
11  27
11  28
12  1
12  2
12  3
12  12
12  13
12  18
12  19
12  20
13  1
13  2
13  3
13  4
13  5
13  12
13  13
13  14
13  18
13  19
13  20
13  21
13  22
14  3
14  4
14  5
14  6
14  7
14  13
14  14
14  15
14  20
14  21
14  22
14  23
14  24
15  5
15  6
15  7
15  8
15  9
15  14
15  15
15  16
15  22
15  23
15  24
15  25
15  26
16  7
16  8
16  9
16  10
16  11
16  15
16  16
16  17
16  24
16  25
16  26
16  27
16  28
17  9
17  10
17  11
17  16
17  17
17  26
17  27
17  28
18  1
18  2
18  3
18  12
18  13
18  18
18  19
18  20
18  29
18  30
18  35
18  36
18  37
19  1
19  2
19  3
19  12
19  13
19  18
19  19
19  20
19  29
19  30
19  35
19  36
19  37
20  1
20  2
20  3
20  4
20  5
20  12
20  13
20  14
20  18
20  19
20  20
20  21
20  22
20  29
20  30
20  31
20  35
20  36
20  37
20  38
20  39
21  3
21  4
21  5
21  13
21  14
21  20
21  21
21  22
21  30
21  31
21  37
21  38
21  39
22  3
22  4
22  5
22  6
22  7
22  13
22  14
22  15
22  20
22  21
22  22
22  23
22  24
22  30
22  31
22  32
22  37
22  38
22  39
22  40
22  41
23  5
23  6
23  7
23  14
23  15
23  22
23  23
23  24
23  31
23  32
23  39
23  40
23  41
24  5
24  6
24  7
24  8
24  9
24  14
24  15
24  16
24  22
24  23
24  24
24  25
24  26
24  31
24  32
24  33
24  39
24  40
24  41
24  42
24  43
25  7
25  8
25  9
25  15
25  16
25  24
25  25
25  26
25  32
25  33
25  41
25  42
25  43
26  7
26  8
26  9
26  10
26  11
26  15
26  16
26  17
26  24
26  25
26  26
26  27
26  28
26  32
26  33
26  34
26  41
26  42
26  43
26  44
26  45
27  9
27  10
27  11
27  16
27  17
27  26
27  27
27  28
27  33
27  34
27  43
27  44
27  45
28  9
28  10
28  11
28  16
28  17
28  26
28  27
28  28
28  33
28  34
28  43
28  44
28  45
29  18
29  19
29  20
29  29
29  30
29  35
29  36
29  37
30  18
30  19
30  20
30  21
30  22
30  29
30  30
30  31
30  35
30  36
30  37
30  38
30  39
31  20
31  21
31  22
31  23
31  24
31  30
31  31
31  32
31  37
31  38
31  39
31  40
31  41
32  22
32  23
32  24
32  25
32  26
32  31
32  32
32  33
32  39
32  40
32  41
32  42
32  43
33  24
33  25
33  26
33  27
33  28
33  32
33  33
33  34
33  41
33  42
33  43
33  44
33  45
34  26
34  27
34  28
34  33
34  34
34  43
34  44
34  45
35  18
35  19
35  20
35  29
35  30
35  35
35  36
35  37
35  46
35  47
35  52
35  53
35  54
36  18
36  19
36  20
36  29
36  30
36  35
36  36
36  37
36  46
36  47
36  52
36  53
36  54
37  18
37  19
37  20
37  21
37  22
37  29
37  30
37  31
37  35
37  36
37  37
37  38
37  39
37  46
37  47
37  48
37  52
37  53
37  54
37  55
37  56
38  20
38  21
38  22
38  30
38  31
38  37
38  38
38  39
38  47
38  48
38  54
38  55
38  56
39  20
39  21
39  22
39  23
39  24
39  30
39  31
39  32
39  37
39  38
39  39
39  40
39  41
39  47
39  48
39  49
39  54
39  55
39  56
39  57
39  58
40  22
40  23
40  24
40  31
40  32
40  39
40  40
40  41
40  48
40  49
40  56
40  57
40  58
41  22
41  23
41  24
41  25
41  26
41  31
41  32
41  33
41  39
41  40
41  41
41  42
41  43
41  48
41  49
41  50
41  56
41  57
41  58
41  59
41  60
42  24
42  25
42  26
42  32
42  33
42  41
42  42
42  43
42  49
42  50
42  58
42  59
42  60
43  24
43  25
43  26
43  27
43  28
43  32
43  33
43  34
43  41
43  42
43  43
43  44
43  45
43  49
43  50
43  51
43  58
43  59
43  60
43  61
43  62
44  26
44  27
44  28
44  33
44  34
44  43
44  44
44  45
44  50
44  51
44  60
44  61
44  62
45  26
45  27
45  28
45  33
45  34
45  43
45  44
45  45
45  50
45  51
45  60
45  61
45  62
46  35
46  36
46  37
46  46
46  47
46  52
46  53
46  54
47  35
47  36
47  37
47  38
47  39
47  46
47  47
47  48
47  52
47  53
47  54
47  55
47  56
48  37
48  38
48  39
48  40
48  41
48  47
48  48
48  49
48  54
48  55
48  56
48  57
48  58
49  39
49  40
49  41
49  42
49  43
49  48
49  49
49  50
49  56
49  57
49  58
49  59
49  60
50  41
50  42
50  43
50  44
50  45
50  49
50  50
50  51
50  58
50  59
50  60
50  61
50  62
51  43
51  44
51  45
51  50
51  51
51  60
51  61
51  62
52  35
52  36
52  37
52  46
52  47
52  52
52  53
52  54
52  63
52  64
52  69
52  70
52  71
53  35
53  36
53  37
53  46
53  47
53  52
53  53
53  54
53  63
53  64
53  69
53  70
53  71
54  35
54  36
54  37
54  38
54  39
54  46
54  47
54  48
54  52
54  53
54  54
54  55
54  56
54  63
54  64
54  65
54  69
54  70
54  71
54  72
54  73
55  37
55  38
55  39
55  47
55  48
55  54
55  55
55  56
55  64
55  65
55  71
55  72
55  73
56  37
56  38
56  39
56  40
56  41
56  47
56  48
56  49
56  54
56  55
56  56
56  57
56  58
56  64
56  65
56  66
56  71
56  72
56  73
56  74
56  75
57  39
57  40
57  41
57  48
57  49
57  56
57  57
57  58
57  65
57  66
57  73
57  74
57  75
58  39
58  40
58  41
58  42
58  43
58  48
58  49
58  50
58  56
58  57
58  58
58  59
58  60
58  65
58  66
58  67
58  73
58  74
58  75
58  76
58  77
59  41
59  42
59  43
59  49
59  50
59  58
59  59
59  60
59  66
59  67
59  75
59  76
59  77
60  41
60  42
60  43
60  44
60  45
60  49
60  50
60  51
60  58
60  59
60  60
60  61
60  62
60  66
60  67
60  68
60  75
60  76
60  77
60  78
60  79
61  43
61  44
61  45
61  50
61  51
61  60
61  61
61  62
61  67
61  68
61  77
61  78
61  79
62  43
62  44
62  45
62  50
62  51
62  60
62  61
62  62
62  67
62  68
62  77
62  78
62  79
63  52
63  53
63  54
63  63
63  64
63  69
63  70
63  71
64  52
64  53
64  54
64  55
64  56
64  63
64  64
64  65
64  69
64  70
64  71
64  72
64  73
65  54
65  55
65  56
65  57
65  58
65  64
65  65
65  66
65  71
65  72
65  73
65  74
65  75
66  56
66  57
66  58
66  59
66  60
66  65
66  66
66  67
66  73
66  74
66  75
66  76
66  77
67  58
67  59
67  60
67  61
67  62
67  66
67  67
67  68
67  75
67  76
67  77
67  78
67  79
68  60
68  61
68  62
68  67
68  68
68  77
68  78
68  79
69  52
69  53
69  54
69  63
69  64
69  69
69  70
69  71
69  80
69  81
69  86
69  87
69  88
70  52
70  53
70  54
70  63
70  64
70  69
70  70
70  71
70  80
70  81
70  86
70  87
70  88
71  52
71  53
71  54
71  55
71  56
71  63
71  64
71  65
71  69
71  70
71  71
71  72
71  73
71  80
71  81
71  82
71  86
71  87
71  88
71  89
71  90
72  54
72  55
72  56
72  64
72  65
72  71
72  72
72  73
72  81
72  82
72  88
72  89
72  90
73  54
73  55
73  56
73  57
73  58
73  64
73  65
73  66
73  71
73  72
73  73
73  74
73  75
73  81
73  82
73  83
73  88
73  89
73  90
73  91
73  92
74  56
74  57
74  58
74  65
74  66
74  73
74  74
74  75
74  82
74  83
74  90
74  91
74  92
75  56
75  57
75  58
75  59
75  60
75  65
75  66
75  67
75  73
75  74
75  75
75  76
75  77
75  82
75  83
75  84
75  90
75  91
75  92
75  93
75  94
76  58
76  59
76  60
76  66
76  67
76  75
76  76
76  77
76  83
76  84
76  92
76  93
76  94
77  58
77  59
77  60
77  61
77  62
77  66
77  67
77  68
77  75
77  76
77  77
77  78
77  79
77  83
77  84
77  85
77  92
77  93
77  94
77  95
77  96
78  60
78  61
78  62
78  67
78  68
78  77
78  78
78  79
78  84
78  85
78  94
78  95
78  96
79  60
79  61
79  62
79  67
79  68
79  77
79  78
79  79
79  84
79  85
79  94
79  95
79  96
80  69
80  70
80  71
80  80
80  81
80  86
80  87
80  88
81  69
81  70
81  71
81  72
81  73
81  80
81  81
81  82
81  86
81  87
81  88
81  89
81  90
82  71
82  72
82  73
82  74
82  75
82  81
82  82
82  83
82  88
82  89
82  90
82  91
82  92
83  73
83  74
83  75
83  76
83  77
83  82
83  83
83  84
83  90
83  91
83  92
83  93
83  94
84  75
84  76
84  77
84  78
84  79
84  83
84  84
84  85
84  92
84  93
84  94
84  95
84  96
85  77
85  78
85  79
85  84
85  85
85  94
85  95
85  96
86  69
86  70
86  71
86  80
86  81
86  86
86  87
86  88
87  69
87  70
87  71
87  80
87  81
87  86
87  87
87  88
88  69
88  70
88  71
88  72
88  73
88  80
88  81
88  82
88  86
88  87
88  88
88  89
88  90
89  71
89  72
89  73
89  81
89  82
89  88
89  89
89  90
90  71
90  72
90  73
90  74
90  75
90  81
90  82
90  83
90  88
90  89
90  90
90  91
90  92
91  73
91  74
91  75
91  82
91  83
91  90
91  91
91  92
92  73
92  74
92  75
92  76
92  77
92  82
92  83
92  84
92  90
92  91
92  92
92  93
92  94
93  75
93  76
93  77
93  83
93  84
93  92
93  93
93  94
94  75
94  76
94  77
94  78
94  79
94  83
94  84
94  85
94  92
94  93
94  94
94  95
94  96
95  77
95  78
95  79
95  84
95  85
95  94
95  95
95  96
96  77
96  78
96  79
96  84
96  85
96  94
96  95
96  96
