    0.000000000000000E+00    0.000000000000000E+00
    0.218750000000000E+00    0.000000000000000E+00
    0.375000000000000E+00    0.000000000000000E+00
    0.468750000000000E+00    0.000000000000000E+00
    0.500000000000000E+00    0.000000000000000E+00
    0.468750000000000E+00    0.000000000000000E+00
    0.375000000000000E+00    0.000000000000000E+00
    0.218750000000000E+00    0.000000000000000E+00
    0.000000000000000E+00    0.000000000000000E+00
    0.000000000000000E+00    0.000000000000000E+00
    0.000000000000000E+00    0.000000000000000E+00
    0.000000000000000E+00    0.000000000000000E+00
    0.000000000000000E+00    0.000000000000000E+00
    0.000000000000000E+00    0.000000000000000E+00
    0.000000000000000E+00    0.000000000000000E+00
    0.000000000000000E+00    0.000000000000000E+00
    0.000000000000000E+00    0.000000000000000E+00
    0.000000000000000E+00    0.000000000000000E+00
    0.000000000000000E+00    0.000000000000000E+00
    0.000000000000000E+00    0.000000000000000E+00
    0.000000000000000E+00    0.000000000000000E+00
    0.000000000000000E+00    0.000000000000000E+00
    0.000000000000000E+00    0.000000000000000E+00
    0.000000000000000E+00    0.000000000000000E+00
    0.000000000000000E+00    0.000000000000000E+00
    0.000000000000000E+00    0.000000000000000E+00
    0.000000000000000E+00    0.000000000000000E+00
    0.000000000000000E+00    0.000000000000000E+00
    0.000000000000000E+00    0.000000000000000E+00
    0.000000000000000E+00    0.000000000000000E+00
    0.000000000000000E+00    0.000000000000000E+00
    0.000000000000000E+00    0.000000000000000E+00
    0.000000000000000E+00    0.000000000000000E+00
    0.000000000000000E+00    0.000000000000000E+00
    0.000000000000000E+00    0.000000000000000E+00
    0.000000000000000E+00    0.000000000000000E+00
    0.000000000000000E+00    0.000000000000000E+00
    0.000000000000000E+00    0.000000000000000E+00
    0.000000000000000E+00    0.000000000000000E+00
    0.000000000000000E+00    0.000000000000000E+00
    0.000000000000000E+00    0.000000000000000E+00
    0.000000000000000E+00    0.000000000000000E+00
    0.222534494597656E+00   -0.668244847744274E-02
    0.366054112592311E+00    0.781270195689644E-02
    0.453082417832992E+00    0.318058350871108E-01
    0.480793884539930E+00    0.530868358776759E-01
    0.434560205144163E+00    0.109536708113045E+00
    0.345391521228221E+00    0.124100418917316E+00
    0.208571262796080E+00    0.161135945992414E+00
    0.631972736131336E-01    0.175775607215265E+00
    0.140181577336766E-02    0.104836973585220E+00
   -0.238735572079226E-04    0.787079443627946E-01
    0.118629899756759E-02    0.877429422369264E-01
    0.454254619480412E-02    0.798652074027792E-01
    0.410039171024136E-02    0.730235751994879E-01
    0.279912903062310E-02    0.679746356921502E-01
    0.231788590881254E-02    0.623973109087108E-01
    0.221933203918377E-02    0.581104951929558E-01
    0.204616444961538E-02    0.541468566687330E-01
    0.192578539295625E-02    0.506762503154162E-01
    0.177966455881075E-02    0.471358665880678E-01
    0.165781012401409E-02    0.441792979691827E-01
    0.156327352297668E-02    0.410923131835045E-01
    0.148595656650698E-02    0.384625209233555E-01
    0.142631349290668E-02    0.356905731806393E-01
    0.137063232041870E-02    0.332767742619296E-01
    0.133353431331390E-02    0.307158371911974E-01
    0.129346905446120E-02    0.284398486245776E-01
    0.127204724593352E-02    0.260254313084228E-01
    0.124300354076306E-02    0.238346349867982E-01
    0.123187516287284E-02    0.215216074924151E-01
    0.120992326421412E-02    0.193818122479856E-01
    0.120526972585414E-02    0.171406998427355E-01
    0.118757966560359E-02    0.150315038467792E-01
    0.118471759947823E-02    0.128463990767680E-01
    0.116939442716013E-02    0.107532965421292E-01
    0.117679111778046E-02    0.860480051939100E-02
    0.116470639565147E-02    0.653704312970086E-02
    0.113698979347904E-02    0.443760147088543E-02
    0.101336430910667E-02    0.237176835627161E-02
    0.632181156989405E-03    0.632181156989406E-03
    0.000000000000000E+00    0.000000000000000E+00
    0.000000000000000E+00    0.000000000000000E+00
    0.213835251922890E+00    0.623862452858654E-03
    0.345998996665119E+00    0.199376910079775E-01
    0.414762444899401E+00    0.547519087956419E-01
    0.435551670338385E+00    0.101169422064862E+00
    0.408275151877415E+00    0.165363886845586E+00
    0.320128152891686E+00    0.203332864760062E+00
    0.219061063425997E+00    0.232121339685688E+00
    0.107063341758265E+00    0.227228193427243E+00
    0.357490094639504E-01    0.177347598709292E+00
    0.157698777658949E-01    0.140614803833951E+00
    0.133964006517895E-01    0.135600232649407E+00
    0.135237713112161E-01    0.120598226595193E+00
    0.122381556506505E-01    0.106718592524836E+00
    0.988611266056155E-02    0.972299935001980E-01
    0.847386910967152E-02    0.898552097913417E-01
    0.752902050279480E-02    0.831803910415181E-01
    0.688198468072262E-02    0.773181767986208E-01
    0.627630966034107E-02    0.720080263895024E-01
    0.583054263255990E-02    0.669731688373092E-01
    0.539140456490814E-02    0.625463233818754E-01
    0.510177212057519E-02    0.582225245326594E-01
    0.480548699061320E-02    0.543572762455313E-01
    0.462598651539360E-02    0.504740685113923E-01
    0.441779996833874E-02    0.469670611299915E-01
    0.431054917973606E-02    0.433828716992065E-01
    0.416125630111864E-02    0.401047551577552E-01
    0.410309985238407E-02    0.367258383643091E-01
    0.399280360696895E-02    0.335910915216002E-01
    0.396671706448761E-02    0.303546443612513E-01
    0.388075226394428E-02    0.273084564057257E-01
    0.387422463373088E-02    0.241759636132888E-01
    0.380268421672602E-02    0.211857692030724E-01
    0.380736141407797E-02    0.181348252598835E-01
    0.374288277711612E-02    0.151793817094891E-01
    0.375755439822622E-02    0.121982888851816E-01
    0.371372538188624E-02    0.927366130996036E-02
    0.368928011937225E-02    0.634182662907886E-02
    0.338318697090735E-02    0.340278028868267E-02
    0.238128910148577E-02    0.102981426565422E-02
    0.000000000000000E+00    0.000000000000000E+00
    0.000000000000000E+00    0.000000000000000E+00
    0.207344953839802E+00    0.915304445782317E-02
    0.318125395118897E+00    0.309132355777073E-01
    0.362129896625573E+00    0.700182615663340E-01
    0.375370096560321E+00    0.114910397525909E+00
    0.342122000149694E+00    0.179125396843610E+00
    0.279656034527783E+00    0.219386892121743E+00
    0.199061788918612E+00    0.231459904234222E+00
    0.121002647578543E+00    0.234086838835784E+00
    0.705112770309857E-01    0.191651254405719E+00
    0.452682927506198E-01    0.158109723524338E+00
    0.343443847693494E-01    0.147202908392458E+00
    0.270970825573475E-01    0.132299002598387E+00
    0.217700138402387E-01    0.115623570263373E+00
    0.183981920270117E-01    0.104736529247855E+00
    0.158962225726572E-01    0.969571960244160E-01
    0.143978828590806E-01    0.893995969292851E-01
    0.129201313244646E-01    0.828796475687004E-01
    0.117657182122630E-01    0.770942969645735E-01
    0.107938448055829E-01    0.716854983342277E-01
    0.100541301687252E-01    0.668675423079561E-01
    0.942606200254465E-02    0.622610289177100E-01
    0.893733163517966E-02    0.580640039035447E-01
    0.852431930693765E-02    0.539386374844532E-01
    0.819601777112634E-02    0.501390911692809E-01
    0.792599294741102E-02    0.463362868725509E-01
    0.770747401488418E-02    0.427908846506788E-01
    0.753247119129320E-02    0.392035776882070E-01
    0.738574876462694E-02    0.358214970979734E-01
    0.727172139169629E-02    0.323808034146457E-01
    0.716963474689559E-02    0.291052440418176E-01
    0.709228334922035E-02    0.257704906418922E-01
    0.701595693898232E-02    0.225693937312940E-01
    0.695988179066854E-02    0.193179619416132E-01
    0.689813632539105E-02    0.161697367844484E-01
    0.685531376171708E-02    0.129919552755096E-01
    0.680760941690634E-02    0.989735910915139E-02
    0.673199578179763E-02    0.677368829201186E-02
    0.631176783133119E-02    0.372072966411672E-02
    0.446901432269074E-02    0.115454422261750E-02
    0.000000000000000E+00    0.000000000000000E+00
    0.000000000000000E+00    0.000000000000000E+00
    0.194393236216938E+00    0.109961966062881E-01
    0.288569187814179E+00    0.359851209718265E-01
    0.322257232624881E+00    0.728565129645948E-01
    0.324059117890840E+00    0.115148495632864E+00
    0.298688416219405E+00    0.161754269335631E+00
    0.250382237440774E+00    0.195498157668481E+00
    0.189792383117529E+00    0.207038012446395E+00
    0.135381844569738E+00    0.206639548063193E+00
    0.901842419289661E-01    0.185510140600024E+00
    0.677336709763873E-01    0.163857930953486E+00
    0.527110048025301E-01    0.148436483846900E+00
    0.411554940573239E-01    0.132908624225172E+00
    0.333721700982103E-01    0.116989360062604E+00
    0.279512395310679E-01    0.106601329385643E+00
    0.240365366983215E-01    0.987609397336573E-01
    0.213816064001976E-01    0.913312024608980E-01
    0.191702195376047E-01    0.842287376770922E-01
    0.173799826822034E-01    0.784245405662577E-01
    0.159366999635210E-01    0.728318274751562E-01
    0.147983687536551E-01    0.680489513708927E-01
    0.138714228532778E-01    0.632722185653082E-01
    0.131291389300167E-01    0.590917720255672E-01
    0.125234032226211E-01    0.548215089056756E-01
    0.120324002348926E-01    0.510244576040537E-01
    0.116367607205437E-01    0.470981395612610E-01
    0.113126892171255E-01    0.435425588104355E-01
    0.110551530993156E-01    0.398439383103107E-01
    0.108386250403614E-01    0.364401494186469E-01
    0.106683093798124E-01    0.328983964188482E-01
    0.105174838462966E-01    0.295923194639943E-01
    0.103984797193847E-01    0.261665189207442E-01
    0.102846449678067E-01    0.229296772529008E-01
    0.101932759401424E-01    0.195985700156111E-01
    0.100987833354062E-01    0.164125788596697E-01
    0.100302853053910E-01    0.131659720130058E-01
    0.998582698996160E-02    0.100319732947569E-01
    0.986366444805308E-02    0.685366981487082E-02
    0.927083641241398E-02    0.374953088633505E-02
    0.659795633133002E-02    0.118478902205153E-02
    0.000000000000000E+00    0.000000000000000E+00
    0.000000000000000E+00    0.000000000000000E+00
    0.170947465190097E+00    0.108959726889181E-01
    0.255079501223185E+00    0.348009729217066E-01
    0.280122468314565E+00    0.673418465311453E-01
    0.281723122170907E+00    0.101413371619458E+00
    0.263268035130719E+00    0.137593311736066E+00
    0.231034759005426E+00    0.164222735792299E+00
    0.191041444061443E+00    0.176189222201047E+00
    0.149630239153382E+00    0.178681130745506E+00
    0.115416156399467E+00    0.168810964496034E+00
    0.880151235107624E-01    0.155547925285700E+00
    0.688121451650151E-01    0.142109939556422E+00
    0.538247615915219E-01    0.129755629828580E+00
    0.441141152345070E-01    0.116224996031658E+00
    0.376854662641890E-01    0.106007182935112E+00
    0.325337420351077E-01    0.987614610008807E-01
    0.285826672387360E-01    0.914364379200034E-01
    0.254466226083212E-01    0.845724643237410E-01
    0.230161313670464E-01    0.786674025870483E-01
    0.210805297382053E-01    0.733309981235427E-01
    0.195819676696212E-01    0.683839328711104E-01
    0.183381211312148E-01    0.637796785174967E-01
    0.173529418437847E-01    0.594489565573157E-01
    0.165414058088343E-01    0.553163563799059E-01
    0.158978223625844E-01    0.513753226924616E-01
    0.153688503361788E-01    0.475565366512083E-01
    0.149479488312376E-01    0.438651962110855E-01
    0.146016821514447E-01    0.402473960768570E-01
    0.143226180642761E-01    0.367176815826045E-01
    0.140901736134088E-01    0.332335802278032E-01
    0.138966090887461E-01    0.298130477878673E-01
    0.137296115769364E-01    0.264248876425445E-01
    0.135828779499937E-01    0.230874408568805E-01
    0.134499331414499E-01    0.197775757534952E-01
    0.133277947160691E-01    0.165077496107860E-01
    0.132168887617924E-01    0.132701416320228E-01
    0.131201116424696E-01    0.100785455277615E-01
    0.129532853997754E-01    0.690506668214930E-02
    0.121828460170563E-01    0.379385843401430E-02
    0.869389666026303E-02    0.119669763657940E-02
    0.000000000000000E+00    0.000000000000000E+00
    0.000000000000000E+00    0.000000000000000E+00
    0.153948341585620E+00    0.922696191120519E-02
    0.226533092409501E+00    0.313600339784267E-01
    0.247638595140160E+00    0.603136526895055E-01
    0.248942960018631E+00    0.893035574828333E-01
    0.235388331257428E+00    0.117544356042321E+00
    0.212530406839026E+00    0.138508838306382E+00
    0.183063186070236E+00    0.150789657485711E+00
    0.152676662101399E+00    0.155005631703306E+00
    0.123989114548469E+00    0.151219804507442E+00
    0.996033838619109E-01    0.143958945463702E+00
    0.804755662807695E-01    0.133584326988791E+00
    0.649454656918899E-01    0.123960927709505E+00
    0.537080431310451E-01    0.114014537807507E+00
    0.461313728600219E-01    0.105290275102933E+00
    0.400663212129569E-01    0.981347357615392E-01
    0.353097058165385E-01    0.911221585159568E-01
    0.315108893408481E-01    0.845415783537639E-01
    0.285389993210989E-01    0.788063917990954E-01
    0.261526680997845E-01    0.736481372671381E-01
    0.242959313996009E-01    0.687720324537104E-01
    0.227675842719045E-01    0.642122603111781E-01
    0.215544750800919E-01    0.598948022000923E-01
    0.205576916015197E-01    0.557916764203062E-01
    0.197675853733008E-01    0.518413661000766E-01
    0.191197391848049E-01    0.480297198613956E-01
    0.186047944820405E-01    0.443125670276611E-01
    0.181818969845608E-01    0.406853817957451E-01
    0.178408400774006E-01    0.371182908191532E-01
    0.175565496047007E-01    0.336124463415662E-01
    0.173183033116930E-01    0.301467120319035E-01
    0.171117786122931E-01    0.267276284011649E-01
    0.169276711819038E-01    0.233408995365733E-01
    0.167590792101814E-01    0.199945256556187E-01
    0.165992143882055E-01    0.166761351222219E-01
    0.164609254697705E-01    0.134010129546317E-01
    0.163734142420296E-01    0.101627352661096E-01
    0.161480755703945E-01    0.695383012891319E-02
    0.152058876012505E-01    0.378306352075261E-02
    0.108710062553009E-01    0.119076779950429E-02
    0.000000000000000E+00    0.000000000000000E+00
    0.000000000000000E+00    0.000000000000000E+00
    0.137044078986803E+00    0.790271565022578E-02
    0.202655117663307E+00    0.269558136733413E-01
    0.221215591585873E+00    0.522187248788907E-01
    0.223130894459928E+00    0.763677336981888E-01
    0.213484601982480E+00    0.100230628011176E+00
    0.196605622081077E+00    0.118264218835521E+00
    0.174352724100373E+00    0.130417161782464E+00
    0.149764497457688E+00    0.136531354901581E+00
    0.126395434274480E+00    0.135909920376942E+00
    0.104883063432383E+00    0.132414518776694E+00
    0.877679817446108E-01    0.125280409698111E+00
    0.735861545455082E-01    0.118041770770107E+00
    0.627044348566820E-01    0.110521302851005E+00
    0.541246370402947E-01    0.103213610374904E+00
    0.472406446036104E-01    0.965738951508793E-01
    0.416450264255869E-01    0.903053662559842E-01
    0.373279737430043E-01    0.841597369834664E-01
    0.339265983998958E-01    0.787204373459232E-01
    0.311777582878730E-01    0.737443717145745E-01
    0.289729989044043E-01    0.690296044979252E-01
    0.271825889405521E-01    0.645450565072102E-01
    0.257424806402015E-01    0.603126600130445E-01
    0.245785354537272E-01    0.562426627174539E-01
    0.236453185056051E-01    0.523283800265827E-01
    0.228905080725024E-01    0.485187265577443E-01
    0.222838064487160E-01    0.448078980090746E-01
    0.217924700107246E-01    0.411622806368201E-01
    0.213921826089516E-01    0.375795559126243E-01
    0.210617191069306E-01    0.340402876476804E-01
    0.207817279617322E-01    0.305424228776477E-01
    0.205389053609950E-01    0.270792316528777E-01
    0.203195963290284E-01    0.236489458176944E-01
    0.201166746461091E-01    0.202526321416352E-01
    0.199233179684914E-01    0.168848021073362E-01
    0.197409166545361E-01    0.135603357295168E-01
    0.195723033448123E-01    0.102789062781426E-01
    0.192952239684231E-01    0.703200742008372E-02
    0.181416984321362E-01    0.385340287900286E-02
    0.130001267951060E-01    0.120718838921136E-02
    0.000000000000000E+00    0.000000000000000E+00
    0.000000000000000E+00    0.000000000000000E+00
    0.123643301954019E+00    0.716925725191270E-02
    0.181376965702266E+00    0.235805185872556E-01
    0.198594362249175E+00    0.451031981612702E-01
    0.201085634750748E+00    0.658963984862242E-01
    0.194648075163115E+00    0.855652119868695E-01
    0.182000852027546E+00    0.101370466092204E+00
    0.165344150628274E+00    0.112796946629243E+00
    0.146152568431641E+00    0.119712878288009E+00
    0.126842883311959E+00    0.121664222244343E+00
    0.108855065976931E+00    0.120734466303790E+00
    0.931071434855534E-01    0.116869031850168E+00
    0.801422631134521E-01    0.111896084274075E+00
    0.692786241298220E-01    0.106251451243283E+00
    0.605549852341734E-01    0.100312550669951E+00
    0.533821222724598E-01    0.943624888269230E-01
    0.474511684927359E-01    0.887787016107563E-01
    0.427132763345986E-01    0.833440291798312E-01
    0.389715370787623E-01    0.783147890904249E-01
    0.359160663697858E-01    0.735946595734025E-01
    0.334578558328118E-01    0.690812049748028E-01
    0.314506602332186E-01    0.647426536662432E-01
    0.298364367656208E-01    0.606194162269177E-01
    0.285269951451767E-01    0.566323492802431E-01
    0.274795923414119E-01    0.527721759702591E-01
    0.266334560272387E-01    0.489942947655883E-01
    0.259549173449590E-01    0.452997634476057E-01
    0.254074888941423E-01    0.416545022113651E-01
    0.249611852870595E-01    0.380613442221126E-01
    0.245946706873115E-01    0.344985765834928E-01
    0.242810262239820E-01    0.309701274304228E-01
    0.240099566794071E-01    0.274658625770716E-01
    0.237591115554359E-01    0.239908440795292E-01
    0.235261758032151E-01    0.205422826514713E-01
    0.232940280402339E-01    0.171225261844759E-01
    0.230856493083368E-01    0.137419696726782E-01
    0.229337642260092E-01    0.104051844267501E-01
    0.225895619328457E-01    0.710463750779405E-02
    0.212596032301063E-01    0.385840856426386E-02
    0.152181243073193E-01    0.121446242521064E-02
    0.000000000000000E+00    0.000000000000000E+00
    0.000000000000000E+00    0.000000000000000E+00
    0.110959998858398E+00    0.613214667479504E-02
    0.163004678462790E+00    0.201766451281732E-01
    0.178256662131514E+00    0.385569870411592E-01
    0.181192424999586E+00    0.563570712159517E-01
    0.177171406293279E+00    0.734598892776571E-01
    0.168405274503463E+00    0.875323747772946E-01
    0.156061723890623E+00    0.985871750551938E-01
    0.141320648824251E+00    0.105891990528015E+00
    0.126065000366267E+00    0.109430754260610E+00
    0.110924716305284E+00    0.110266367312356E+00
    0.973061599324775E-01    0.108529403429030E+00
    0.850639068312607E-01    0.105472791957729E+00
    0.747159902694830E-01    0.101285160110169E+00
    0.658225664415464E-01    0.967566329229184E-01
    0.586067840534593E-01    0.917273083046234E-01
    0.525754075560961E-01    0.869443060591318E-01
    0.477117493066174E-01    0.821585855712861E-01
    0.437144910237716E-01    0.776000888638369E-01
    0.404474388865495E-01    0.731907970368154E-01
    0.377587912147336E-01    0.689620919617501E-01
    0.355918105560827E-01    0.648163347119028E-01
    0.338287703057034E-01    0.608513464275086E-01
    0.324111594929282E-01    0.569707418682198E-01
    0.312648279565594E-01    0.531948693860549E-01
    0.303494269185849E-01    0.494675220250248E-01
    0.296109650165809E-01    0.458077309599254E-01
    0.290223700152272E-01    0.421746275983869E-01
    0.285411997455801E-01    0.385794081699825E-01
    0.281485763873243E-01    0.349996670065424E-01
    0.278116029984610E-01    0.314414620760733E-01
    0.275179957934969E-01    0.278983875145314E-01
    0.272442781647746E-01    0.243736505304678E-01
    0.269838815762797E-01    0.208719200248351E-01
    0.267235905062340E-01    0.173906800222619E-01
    0.264661613215079E-01    0.139519407352514E-01
    0.262125700106474E-01    0.105577793734406E-01
    0.258031616776740E-01    0.720849932058854E-02
    0.242307973222370E-01    0.394006516623201E-02
    0.173767728912511E-01    0.123424802952799E-02
    0.000000000000000E+00    0.000000000000000E+00
    0.000000000000000E+00    0.000000000000000E+00
    0.101177360125406E+00    0.529016791019320E-02
    0.147447525729726E+00    0.173970013470718E-01
    0.161498318689707E+00    0.330729789211394E-01
    0.164914632729786E+00    0.485615362521376E-01
    0.162415315512170E+00    0.633746126292369E-01
    0.156233655151743E+00    0.760713007286512E-01
    0.147055908055139E+00    0.864442280628204E-01
    0.135725319603118E+00    0.938729536573207E-01
    0.123358648258263E+00    0.983756517847857E-01
    0.110872219010542E+00    0.100475057062981E+00
    0.989939784748819E-01    0.100313539632457E+00
    0.880806417041647E-01    0.987792273129985E-01
    0.784692271739997E-01    0.959509880428880E-01
    0.700471722601897E-01    0.926210644449397E-01
    0.629616592059105E-01    0.887035473655249E-01
    0.570130803126652E-01    0.847308436820732E-01
    0.520590595097633E-01    0.806456390497850E-01
    0.479752599204052E-01    0.765930923822217E-01
    0.445892567943620E-01    0.725587197402741E-01
    0.417958916508544E-01    0.686353413285970E-01
    0.395161428571873E-01    0.647518843316663E-01
    0.376664608554355E-01    0.609748596799908E-01
    0.361715111299004E-01    0.572424621053752E-01
    0.349683429574863E-01    0.535729164161670E-01
    0.340082741411951E-01    0.499239202165901E-01
    0.332382852966861E-01    0.463144551925131E-01
    0.326283663288539E-01    0.427104369495995E-01
    0.321311606528916E-01    0.391238591473258E-01
    0.317293802466644E-01    0.355346874024491E-01
    0.313809184656848E-01    0.319528669585227E-01
    0.310788458906814E-01    0.283713377605161E-01
    0.307879637943504E-01    0.247992842009982E-01
    0.305090111222347E-01    0.212391378687993E-01
    0.302145076926414E-01    0.176964599727785E-01
    0.299355020611433E-01    0.141897605113722E-01
    0.297081221620828E-01    0.107272881923705E-01
    0.292211664766529E-01    0.731073933426183E-02
    0.274658373896224E-01    0.396112119428921E-02
    0.196588454117418E-01    0.124460265566726E-02
    0.000000000000000E+00    0.000000000000000E+00
    0.000000000000000E+00    0.000000000000000E+00
    0.916467815907415E-01    0.450224700050947E-02
    0.133838393411499E+00    0.149357495119992E-01
    0.146704891071595E+00    0.284351878951399E-01
    0.150331236003563E+00    0.418493234523906E-01
    0.149353929776456E+00    0.550289295817992E-01
    0.145242786349078E+00    0.664223057443635E-01
    0.138419487276785E+00    0.762770254374454E-01
    0.129597463092250E+00    0.836513593060709E-01
    0.119691707546771E+00    0.887361591323798E-01
    0.109239320697099E+00    0.917351331933967E-01
    0.991467642117098E-01    0.927230462380005E-01
    0.894952268544568E-01    0.923952340085376E-01
    0.809007604484291E-01    0.907397049292727E-01
    0.731415423922711E-01    0.884660186122157E-01
    0.665145670402540E-01    0.855109292927287E-01
    0.607499603665016E-01    0.823299581103885E-01
    0.559091291011500E-01    0.788818514695328E-01
    0.517839938939933E-01    0.753850243634878E-01
    0.483848831535097E-01    0.717625877597537E-01
    0.455384208307588E-01    0.681991811350442E-01
    0.432288417874282E-01    0.645920966564260E-01
    0.413278864383278E-01    0.610422165632439E-01
    0.398046919873802E-01    0.574764366659451E-01
    0.385683286797468E-01    0.539437653225169E-01
    0.375960560524598E-01    0.503894528992411E-01
    0.368152318249896E-01    0.468494225686714E-01
    0.362066808607385E-01    0.432854446482350E-01
    0.357122317387684E-01    0.397165355543671E-01
    0.353168583516186E-01    0.361246395854229E-01
    0.349742018034092E-01    0.325199038041629E-01
    0.346733756024937E-01    0.289024175112372E-01
    0.343801147258213E-01    0.252768590024903E-01
    0.340879536974582E-01    0.216574234677228E-01
    0.337758946397992E-01    0.180415937510639E-01
    0.334469134843823E-01    0.144645785047443E-01
    0.330987394056226E-01    0.109287023518748E-01
    0.325314781522465E-01    0.744920803943914E-02
    0.304993593529530E-01    0.406044259263325E-02
    0.218692492592369E-01    0.126967896531375E-02
    0.000000000000000E+00    0.000000000000000E+00
    0.000000000000000E+00    0.000000000000000E+00
    0.843400983853723E-01    0.394263211094755E-02
    0.122413095568845E+00    0.129960948817640E-01
    0.134148196597026E+00    0.247399727602843E-01
    0.138006772430451E+00    0.365128092872742E-01
    0.137749664921321E+00    0.480774991861930E-01
    0.135032471498032E+00    0.584335201093819E-01
    0.130154387522114E+00    0.674892415559131E-01
    0.123368395088268E+00    0.747182387592773E-01
    0.115499841746409E+00    0.800529370769345E-01
    0.106938999531397E+00    0.836754356620979E-01
    0.983859037163452E-01    0.855575023335967E-01
    0.900600025042456E-01    0.861872810284642E-01
    0.823698562377751E-01    0.855819389453430E-01
    0.753652064816221E-01    0.842333527698875E-01
    0.691742794279964E-01    0.821714501925375E-01
    0.637537821277774E-01    0.797308197165222E-01
    0.590961319728748E-01    0.769203123958616E-01
    0.551035768004086E-01    0.739598053817784E-01
    0.517605951042711E-01    0.708057109600332E-01
    0.489601703692707E-01    0.676142556947581E-01
    0.466628034215980E-01    0.643281222151886E-01
    0.447790412852884E-01    0.610256475796020E-01
    0.432665265766004E-01    0.576612639221960E-01
    0.420473136462293E-01    0.542835802853797E-01
    0.410947022645372E-01    0.508506912631905E-01
    0.403375047309044E-01    0.473960414578879E-01
    0.397579692707531E-01    0.438884024621043E-01
    0.392903953553432E-01    0.403492961645334E-01
    0.389260653048750E-01    0.367616924325506E-01
    0.386049514974319E-01    0.331418898917840E-01
    0.383264686937853E-01    0.294875815553029E-01
    0.380388963680807E-01    0.258123592262834E-01
    0.377479349723674E-01    0.221261832971359E-01
    0.374117870092708E-01    0.184380703628018E-01
    0.370706750657521E-01    0.147778873153050E-01
    0.367603365629932E-01    0.111577023815321E-01
    0.361079209387012E-01    0.759187593672230E-02
    0.338829001866852E-01    0.410424790707115E-02
    0.242335344861609E-01    0.128780853895263E-02
    0.000000000000000E+00    0.000000000000000E+00
    0.000000000000000E+00    0.000000000000000E+00
    0.772062002242658E-01    0.342803853536471E-02
    0.112154423376579E+00    0.113560324795270E-01
    0.122948449076109E+00    0.215983524141183E-01
    0.126641077925673E+00    0.319362560190162E-01
    0.127183424681406E+00    0.422831843192964E-01
    0.125604335798259E+00    0.516361352115867E-01
    0.122093350886944E+00    0.601299299648358E-01
    0.116987790333011E+00    0.670815933222197E-01
    0.110813100484374E+00    0.725912303674682E-01
    0.103890177382859E+00    0.765851362888680E-01
    0.968027688618744E-01    0.791341644756977E-01
    0.896868090728607E-01    0.804930194693885E-01
    0.830015272875597E-01    0.807131956543797E-01
    0.767135827083146E-01    0.801635319034377E-01
    0.711046532028138E-01    0.788548534534685E-01
    0.660498508924360E-01    0.771141945038619E-01
    0.617011503523619E-01    0.749041092348458E-01
    0.579019028966497E-01    0.724849948574577E-01
    0.547242284062723E-01    0.697872805123452E-01
    0.520224357727286E-01    0.669890973058239E-01
    0.498161203975164E-01    0.640246441280487E-01
    0.479873583352158E-01    0.609967130569849E-01
    0.465379980492139E-01    0.578481916943792E-01
    0.453689548246844E-01    0.546487824082818E-01
    0.444746558287289E-01    0.513507112920693E-01
    0.437710287946216E-01    0.479964488504073E-01
    0.432483962347541E-01    0.445564347135359E-01
    0.428355969408645E-01    0.410535187118458E-01
    0.425223473027680E-01    0.374780811037436E-01
    0.422490408988207E-01    0.338410332919845E-01
    0.420060762646584E-01    0.301534546196811E-01
    0.417472893017758E-01    0.264186370010031E-01
    0.414654227042125E-01    0.226653513230056E-01
    0.411299610854987E-01    0.188884168680259E-01
    0.407423427079964E-01    0.151423854222873E-01
    0.402958651282570E-01    0.114273817878535E-01
    0.395478017725957E-01    0.777937991263068E-02
    0.370111910597020E-01    0.422871036662243E-02
    0.265211844232247E-01    0.132088560255434E-02
    0.000000000000000E+00    0.000000000000000E+00
    0.000000000000000E+00    0.000000000000000E+00
    0.716090975145524E-01    0.305525596534692E-02
    0.103513002095591E+00    0.100345982355170E-01
    0.113336512645318E+00    0.190762564729691E-01
    0.117039232828255E+00    0.282673429809608E-01
    0.117839970683702E+00    0.374483155744684E-01
    0.117006217716242E+00    0.459961367044391E-01
    0.114656814056258E+00    0.538161916741409E-01
    0.110840399083371E+00    0.604997505044228E-01
    0.106045029582182E+00    0.659865696911523E-01
    0.100492363191029E+00    0.702370307752866E-01
    0.946349904738904E-01    0.732376434121486E-01
    0.886463057576270E-01    0.751753909409069E-01
    0.828628187275720E-01    0.760640725823299E-01
    0.773536083937389E-01    0.761923601855578E-01
    0.723253648694069E-01    0.755627591705487E-01
    0.677536415112148E-01    0.744498223785911E-01
    0.637489810685510E-01    0.728328899810820E-01
    0.602383614487906E-01    0.709283379325164E-01
    0.572624647343425E-01    0.687014100827743E-01
    0.547364663496364E-01    0.662965838372833E-01
    0.526633438194937E-01    0.636757211192946E-01
    0.509558587925705E-01    0.609327964151002E-01
    0.496110617771314E-01    0.580259564750499E-01
    0.485413966538346E-01    0.550204427865271E-01
    0.477429229754860E-01    0.518777215908370E-01
    0.471296775504905E-01    0.486400314404126E-01
    0.466997673819810E-01    0.452802590336116E-01
    0.463690918757023E-01    0.418272521720710E-01
    0.461404787994957E-01    0.382680904179857E-01
    0.459334786452787E-01    0.346236432852554E-01
    0.457560141853666E-01    0.308984770130890E-01
    0.455357720569778E-01    0.271094882527442E-01
    0.452849521396086E-01    0.232771161187890E-01
    0.449426783186953E-01    0.194129589919063E-01
    0.445594232528097E-01    0.155625467329911E-01
    0.441659540393697E-01    0.117413545263926E-01
    0.433287051974073E-01    0.798050049509906E-02
    0.405870471572347E-01    0.430555127904577E-02
    0.289979861318824E-01    0.134985400896167E-02
    0.000000000000000E+00    0.000000000000000E+00
    0.000000000000000E+00    0.000000000000000E+00
    0.660322472972406E-01    0.271039199309822E-02
    0.954794675234213E-01    0.893787368929010E-02
    0.104574207263617E+00    0.169385563783727E-01
    0.108018665593007E+00    0.251287431443441E-01
    0.109279059980203E+00    0.334246799963632E-01
    0.109100722879088E+00    0.411966062330770E-01
    0.107554802692166E+00    0.485198566043819E-01
    0.104803245290485E+00    0.548678675458197E-01
    0.101122081482638E+00    0.603214784245676E-01
    0.967197697829688E-01    0.646882347823931E-01
    0.919552145790242E-01    0.680284812728003E-01
    0.869562356525758E-01    0.703968996239118E-01
    0.820601915000546E-01    0.718269457469803E-01
    0.772885320711169E-01    0.725205326940578E-01
    0.728981105126979E-01    0.724775354688749E-01
    0.688296670415637E-01    0.719286823536351E-01
    0.652521627356208E-01    0.708482874888310E-01
    0.620671055535964E-01    0.694360887197536E-01
    0.593720426395360E-01    0.676517524493216E-01
    0.570595342501555E-01    0.656436096720143E-01
    0.551823193445885E-01    0.633641390905720E-01
    0.536352259450459E-01    0.609199561086394E-01
    0.524451102484472E-01    0.582631418602819E-01
    0.515133364848808E-01    0.554655703368713E-01
    0.508499203472276E-01    0.524898719767983E-01
    0.503645434253453E-01    0.493783052953537E-01
    0.500575580301488E-01    0.461109163140512E-01
    0.498464317066562E-01    0.427098435701695E-01
    0.497255326847618E-01    0.391762720307149E-01
    0.496216005639350E-01    0.355175020932634E-01
    0.495256145241991E-01    0.317595598956161E-01
    0.493776109927375E-01    0.279004772943484E-01
    0.491680459064882E-01    0.239890672295892E-01
    0.488543926661139E-01    0.200135824250237E-01
    0.484342477969963E-01    0.160554154708801E-01
    0.478947759157758E-01    0.121090372362262E-01
    0.469469782674836E-01    0.823880611567234E-02
    0.438578260812255E-01    0.446681558583105E-02
    0.314008746998906E-01    0.139483793528723E-02
    0.000000000000000E+00    0.000000000000000E+00
    0.000000000000000E+00    0.000000000000000E+00
    0.615962342931311E-01    0.244835883151340E-02
    0.887096506953004E-01    0.802305773960346E-02
    0.969782387481176E-01    0.152183571151647E-01
    0.100348121209462E+00    0.226066248444312E-01
    0.101611925460048E+00    0.300813406428637E-01
    0.101820657664677E+00    0.372347407250579E-01
    0.100967832069983E+00    0.440028995096690E-01
    0.990197520517503E-01    0.500604766412532E-01
    0.962717567255537E-01    0.553586108965756E-01
    0.928258062228631E-01    0.597953902873809E-01
    0.890048989158625E-01    0.633358183952476E-01
    0.849017725270653E-01    0.660451770709232E-01
    0.808018986370594E-01    0.679033076611611E-01
    0.767527390303008E-01    0.690766970854168E-01
    0.729620993405786E-01    0.695481829789365E-01
    0.694260053829511E-01    0.695047176588220E-01
    0.662754552467985E-01    0.689251954634869E-01
    0.634677949658033E-01    0.679752677764213E-01
    0.610783859610188E-01    0.666250082371229E-01
    0.590391275006227E-01    0.650049566298540E-01
    0.573944428392482E-01    0.630764122037121E-01
    0.560607497079413E-01    0.609371558552605E-01
    0.550652239863271E-01    0.585455760814870E-01
    0.543154944134156E-01    0.559704016649421E-01
    0.538296634812712E-01    0.531751723456005E-01
    0.535089264434034E-01    0.502068253794015E-01
    0.533690437344815E-01    0.470398352772403E-01
    0.533064452564535E-01    0.437068499793973E-01
    0.533372707191433E-01    0.401986008910414E-01
    0.533569786170255E-01    0.365380615256264E-01
    0.533838333667147E-01    0.327377020481253E-01
    0.533191484621659E-01    0.288160091725434E-01
    0.531832107158962E-01    0.248065924027735E-01
    0.528892636461524E-01    0.207222275345046E-01
    0.524995363858601E-01    0.166291043773766E-01
    0.520335674656350E-01    0.125453980394846E-01
    0.509980179226409E-01    0.852423641612630E-02
    0.476894137680017E-01    0.459130404404383E-02
    0.340343075283743E-01    0.143936658731274E-02
    0.000000000000000E+00    0.000000000000000E+00
    0.000000000000000E+00    0.000000000000000E+00
    0.570839587096127E-01    0.221702421266724E-02
    0.822180498781759E-01    0.728809180688877E-02
    0.899145642629764E-01    0.137619897730283E-01
    0.929984246033448E-01    0.204520351949080E-01
    0.945238679949030E-01    0.272883303567679E-01
    0.950814373250644E-01    0.338593126921289E-01
    0.946831281595596E-01    0.402114813065255E-01
    0.934012391783198E-01    0.459536256974036E-01
    0.913860720856064E-01    0.511335569453219E-01
    0.887581414903125E-01    0.555604336566079E-01
    0.857465640102136E-01    0.592629938106351E-01
    0.824401605524616E-01    0.622139293325718E-01
    0.790815831434934E-01    0.644267072858088E-01
    0.757043323886256E-01    0.659931216470780E-01
    0.725177095017406E-01    0.669078764529368E-01
    0.695011134497462E-01    0.673122714824297E-01
    0.668133558666427E-01    0.671835696125517E-01
    0.643953870176889E-01    0.666674504630215E-01
    0.623578692450163E-01    0.657267785072665E-01
    0.606198667020893E-01    0.644870973683567E-01
    0.592540188327463E-01    0.629038401386823E-01
    0.581693779795805E-01    0.610731878192939E-01
    0.574101976057265E-01    0.589525453161526E-01
    0.568822200652030E-01    0.566070353551712E-01
    0.566095720994022E-01    0.540048130953650E-01
    0.564971462515261E-01    0.511842609840484E-01
    0.565544964960558E-01    0.481318619580694E-01
    0.566876500757917E-01    0.448641752776349E-01
    0.568949256969257E-01    0.413931683043402E-01
    0.570873651791935E-01    0.377179540226871E-01
    0.572552642704376E-01    0.338820808600325E-01
    0.573212507456937E-01    0.298736051699988E-01
    0.572712907013281E-01    0.257669975358042E-01
    0.570467438962639E-01    0.215387704412910E-01
    0.566381906360851E-01    0.173064134844752E-01
    0.560239565938293E-01    0.130539866377017E-01
    0.548641411351405E-01    0.888449458298073E-02
    0.511705997970280E-01    0.480586073261057E-02
    0.366067222593024E-01    0.150178226015968E-02
    0.000000000000000E+00    0.000000000000000E+00
    0.000000000000000E+00    0.000000000000000E+00
    0.534322972050784E-01    0.203535119941452E-02
    0.767110301227278E-01    0.665280981623825E-02
    0.837069252580508E-01    0.125863991253232E-01
    0.866820219162874E-01    0.187172648103247E-01
    0.880889381131095E-01    0.249712113714724E-01
    0.888256879831507E-01    0.310805094201358E-01
    0.888376935341982E-01    0.369958651527876E-01
    0.880524054654507E-01    0.424764133859715E-01
    0.866592453610533E-01    0.474750745166932E-01
    0.846947052145899E-01    0.518850229872628E-01
    0.823813707002191E-01    0.556630368017203E-01
    0.797666536962716E-01    0.588102168867859E-01
    0.770663856834823E-01    0.612938266234653E-01
    0.743131950821472E-01    0.631979599846293E-01
    0.716861357335217E-01    0.644924991233557E-01
    0.691871002120204E-01    0.652989299676590E-01
    0.669512370503562E-01    0.655838481098119E-01
    0.649483011943987E-01    0.654737459952916E-01
    0.632749764441532E-01    0.649285440547049E-01
    0.618743779792039E-01    0.640600228976123E-01
    0.608144630060240E-01    0.628229119646176E-01
    0.600176057989032E-01    0.613065038795075E-01
    0.595328043768329E-01    0.594647414636542E-01
    0.592647703045533E-01    0.573641724760262E-01
    0.592519647209125E-01    0.549638216042128E-01
    0.593828530292915E-01    0.523111079714017E-01
    0.596904390429482E-01    0.493774749236355E-01
    0.600492449307231E-01    0.461954812344769E-01
    0.604897158398956E-01    0.427568557976825E-01
    0.608774635477503E-01    0.390837954757571E-01
    0.612427570529813E-01    0.351961502260514E-01
    0.614518274180214E-01    0.311116202775895E-01
    0.615348722961390E-01    0.268792866423201E-01
    0.613689766562015E-01    0.225111019678700E-01
    0.610302782490901E-01    0.180999491045216E-01
    0.605177062312755E-01    0.136657960909664E-01
    0.592793729998290E-01    0.929074597421171E-02
    0.553494254781894E-01    0.499851944046632E-02
    0.394609394883064E-01    0.156842480211620E-02
    0.000000000000000E+00    0.000000000000000E+00
    0.000000000000000E+00    0.000000000000000E+00
    0.496527952058243E-01    0.188107814206322E-02
    0.712796787785645E-01    0.616366116513306E-02
    0.778118160385790E-01    0.115934105163331E-01
    0.805066792271957E-01    0.172390994872974E-01
    0.820674076114636E-01    0.230363703307720E-01
    0.829827402301332E-01    0.287178591697573E-01
    0.832449997021829E-01    0.343072308736762E-01
    0.828770405261895E-01    0.395227937429202E-01
    0.819626660050673E-01    0.443880987171549E-01
    0.805678378281990E-01    0.487404104141571E-01
    0.788390016138431E-01    0.525878344315966E-01
    0.768334227464391E-01    0.558719220646635E-01
    0.747237595153724E-01    0.585885083650511E-01
    0.725392830649522E-01    0.607716847744380E-01
    0.704467304407580E-01    0.624014366918324E-01
    0.684397114261734E-01    0.635650670790618E-01
    0.666607763605796E-01    0.642281841712461E-01
    0.650716267174691E-01    0.644975512992826E-01
    0.637842954441173E-01    0.643277102240068E-01
    0.627367499775679E-01    0.638201475099936E-01
    0.620116487088123E-01    0.629243347626537E-01
    0.615304009259622E-01    0.617228361468322E-01
    0.613503829981486E-01    0.601677321205375E-01
    0.613807050581780E-01    0.583168610539000E-01
    0.616575204366674E-01    0.561341509983559E-01
    0.620800908638794E-01    0.536514583448874E-01
    0.626661174754693E-01    0.508551543610674E-01
    0.633079174466614E-01    0.477526101126044E-01
    0.640069527728826E-01    0.443630896526997E-01
    0.646539542518510E-01    0.406730886282668E-01
    0.652368195369290E-01    0.367443509372969E-01
    0.656543281997593E-01    0.325492891374613E-01
    0.658849484658444E-01    0.281938041478305E-01
    0.658469595916384E-01    0.236358577387469E-01
    0.655195116493500E-01    0.190408337239267E-01
    0.648672710114225E-01    0.143759342424457E-01
    0.634929702039570E-01    0.979711857305476E-02
    0.591380187889992E-01    0.528968794938768E-02
    0.422807323738841E-01    0.165614947751089E-02
    0.000000000000000E+00    0.000000000000000E+00
    0.000000000000000E+00    0.000000000000000E+00
    0.465309947901743E-01    0.175442400699868E-02
    0.666237703951582E-01    0.571997284224791E-02
    0.725585923580103E-01    0.107894388665920E-01
    0.751347664960104E-01    0.160478589112994E-01
    0.765213230023553E-01    0.214371100409435E-01
    0.774998959657960E-01    0.267824615815989E-01
    0.779971327861377E-01    0.320439768255208E-01
    0.779318635641447E-01    0.370464667589060E-01
    0.774260238524172E-01    0.417474888650812E-01
    0.764850535594719E-01    0.460535251494188E-01
    0.752620411063383E-01    0.499187989492931E-01
    0.737758415513562E-01    0.533200966054349E-01
    0.721895500978051E-01    0.562144434791280E-01
    0.705197135579567E-01    0.586431649179316E-01
    0.689165329107298E-01    0.605622657271046E-01
    0.673800864354527E-01    0.620511599279829E-01
    0.660367906040898E-01    0.630624367803673E-01
    0.648640214288489E-01    0.636904031220886E-01
    0.639629665194333E-01    0.638821716655619E-01
    0.632866542749743E-01    0.637293223146876E-01
    0.629152923647040E-01    0.631740531958351E-01
    0.627770175750606E-01    0.622953117946001E-01
    0.629370461573725E-01    0.610338763651495E-01
    0.632975799882467E-01    0.594517546795831E-01
    0.639139888497571E-01    0.574950622559929E-01
    0.646613854868825E-01    0.552082886804085E-01
    0.655889430010648E-01    0.525524823023236E-01
    0.665451886190205E-01    0.495569362059484E-01
    0.675757415390726E-01    0.462085403477913E-01
    0.685075557569205E-01    0.425254859519724E-01
    0.693848094931923E-01    0.385323485718944E-01
    0.700253154959188E-01    0.342429747560801E-01
    0.704717182032928E-01    0.297235757933821E-01
    0.705488989626479E-01    0.249825881900150E-01
    0.703501942761563E-01    0.201471097761050E-01
    0.698390710413461E-01    0.152378912961017E-01
    0.684069226289654E-01    0.103756684713490E-01
    0.637954985591050E-01    0.557954441269551E-02
    0.454480448608123E-01    0.175419904878433E-02
    0.000000000000000E+00    0.000000000000000E+00
    0.000000000000000E+00    0.000000000000000E+00
    0.432544603551460E-01    0.165283803059477E-02
    0.619225660490379E-01    0.539983329199076E-02
    0.674683630485790E-01    0.101162652314144E-01
    0.697852175570027E-01    0.150401246660309E-01
    0.712645943272211E-01    0.201073697055579E-01
    0.723223972833549E-01    0.251458635975316E-01
    0.729459251098080E-01    0.301639707165658E-01
    0.731340105079980E-01    0.349611386756312E-01
    0.729350331558073E-01    0.395444347849207E-01
    0.723828091079884E-01    0.437872776747168E-01
    0.715743206484340E-01    0.476812641258931E-01
    0.705427776649646E-01    0.511675137485728E-01
    0.694139211058953E-01    0.542247648978577E-01
    0.682072989229683E-01    0.568631471823272E-01
    0.670559368067581E-01    0.590460802420431E-01
    0.659570892572734E-01    0.608308271212565E-01
    0.650357496672771E-01    0.621668822020035E-01
    0.642649055577386E-01    0.631359208654471E-01
    0.637530006956585E-01    0.636760477881618E-01
    0.634504293487832E-01    0.638728311236241E-01
    0.634457678137470E-01    0.636581256283596E-01
    0.636689538105527E-01    0.631063493403777E-01
    0.641879141199207E-01    0.621512099030389E-01
    0.649131915221304E-01    0.608457841117949E-01
    0.658918516729654E-01    0.591370883816448E-01
    0.670153656922482E-01    0.570509008237316E-01
    0.683095189510040E-01    0.545620192676175E-01
    0.696483308046828E-01    0.516671952523066E-01
    0.710360107955395E-01    0.483848910010229E-01
    0.723350791540621E-01    0.446847143903379E-01
    0.735291791387913E-01    0.406445946353917E-01
    0.744824632544817E-01    0.362144084179357E-01
    0.751620164789520E-01    0.315374299379303E-01
    0.754512943461609E-01    0.265438814655605E-01
    0.753117882778562E-01    0.214626870025848E-01
    0.746858276041055E-01    0.162352132574678E-01
    0.731094364333950E-01    0.110910778529487E-01
    0.680290084052321E-01    0.598047576913952E-02
    0.486264472440855E-01    0.187858471824000E-02
    0.000000000000000E+00    0.000000000000000E+00
    0.000000000000000E+00    0.000000000000000E+00
    0.404867321622062E-01    0.156451628522534E-02
    0.578362865425127E-01    0.508908648833949E-02
    0.628661662391976E-01    0.957048443847773E-02
    0.650643623488872E-01    0.142290860736851E-01
    0.663482616260719E-01    0.190148131802285E-01
    0.674033035750666E-01    0.238148644654791E-01
    0.681520917834405E-01    0.285953720106212E-01
    0.685171129305143E-01    0.332315912127480E-01
    0.685799225152925E-01    0.376846220582331E-01
    0.683317945360182E-01    0.418820154683588E-01
    0.678805959011355E-01    0.457769523468703E-01
    0.672296470322233E-01    0.493426467472688E-01
    0.665020803801723E-01    0.525296392791192E-01
    0.657049742213734E-01    0.553589691187608E-01
    0.649606380082272E-01    0.577762391522054E-01
    0.642686243688109E-01    0.598359696876811E-01
    0.637410904972711E-01    0.614772862319923E-01
    0.633618585439039E-01    0.627732567396050E-01
    0.632296208392145E-01    0.636547452551122E-01
    0.633064845591580E-01    0.641992083895016E-01
    0.636785393236627E-01    0.643296160246195E-01
    0.642807220715132E-01    0.641171377837932E-01
    0.651892094233570E-01    0.634805283765183E-01
    0.663055931242850E-01    0.624775060413120E-01
    0.676991010261287E-01    0.610305667251711E-01
    0.692313061486450E-01    0.591803518859016E-01
    0.709669704427417E-01    0.568658406255851E-01
    0.727232815631590E-01    0.541108217218602E-01
    0.745623573449989E-01    0.508870914019797E-01
    0.762597010069857E-01    0.472052298917027E-01
    0.778763624546421E-01    0.430885611019032E-01
    0.791612085142874E-01    0.385430961901504E-01
    0.801735515258004E-01    0.336527207194339E-01
    0.806605149237422E-01    0.284186727949404E-01
    0.807380792189542E-01    0.230119618123880E-01
    0.803099058334128E-01    0.174530787425679E-01
    0.787140184532386E-01    0.119151639683510E-01
    0.733534995072456E-01    0.640918126572261E-02
    0.522394580371493E-01    0.202139418653627E-02
    0.000000000000000E+00    0.000000000000000E+00
    0.000000000000000E+00    0.000000000000000E+00
    0.375546274441424E-01    0.149966012114065E-02
    0.536366157939427E-01    0.488695706847838E-02
    0.583268902131271E-01    0.912073442592625E-02
    0.602893324986021E-01    0.135516171445358E-01
    0.616285744925277E-01    0.181137301697749E-01
    0.627031816355390E-01    0.226991699672776E-01
    0.635016644820865E-01    0.273053986505175E-01
    0.640117418436319E-01    0.317925022655497E-01
    0.642639206312556E-01    0.361555781701821E-01
    0.642735468336296E-01    0.403037428441684E-01
    0.641083647922419E-01    0.442161847561273E-01
    0.637859655743009E-01    0.478468156343886E-01
    0.634010530449378E-01    0.511605068575227E-01
    0.629651494487815E-01    0.541626994029825E-01
    0.625864800599971E-01    0.568010259429846E-01
    0.622627811347839E-01    0.591213288490677E-01
    0.621045665804296E-01    0.610542109737326E-01
    0.620914137234949E-01    0.626714314145072E-01
    0.623280586832191E-01    0.638879640755916E-01
    0.627736870284181E-01    0.647850204970897E-01
    0.635218957187782E-01    0.652663431994806E-01
    0.645094844908210E-01    0.654071728501496E-01
    0.658148686916302E-01    0.651085985404802E-01
    0.673492728205354E-01    0.644262645169140E-01
    0.691720095060887E-01    0.632727148670231E-01
    0.711645931601226E-01    0.616729085782270E-01
    0.733627416462528E-01    0.595716246496363E-01
    0.756160290147719E-01    0.569563169857478E-01
    0.779323491956495E-01    0.538296230088118E-01
    0.801339930480300E-01    0.501404020873648E-01
    0.821989431701787E-01    0.459762536295203E-01
    0.839392476731913E-01    0.412557601609150E-01
    0.853058649126457E-01    0.361656616193625E-01
    0.861277919909810E-01    0.305954517148818E-01
    0.863400814623389E-01    0.248592304937389E-01
    0.858472812432045E-01    0.188594733780276E-01
    0.841049832406863E-01    0.129303501960825E-01
    0.782264968760786E-01    0.696763615834340E-02
    0.559360252837420E-01    0.219914235554091E-02
    0.000000000000000E+00    0.000000000000000E+00
    0.000000000000000E+00    0.000000000000000E+00
    0.350180772825453E-01    0.143837610511019E-02
    0.499247497233417E-01    0.466906756068160E-02
    0.541627039436525E-01    0.875534772349467E-02
    0.560092068832597E-01    0.130073149677520E-01
    0.571493486335560E-01    0.173787649356866E-01
    0.581827151676277E-01    0.217993625688537E-01
    0.590354065354608E-01    0.262392584267083E-01
    0.596387497600505E-01    0.306120987944206E-01
    0.600492146590344E-01    0.348821168177867E-01
    0.602541494777568E-01    0.389984309662130E-01
    0.603309818742237E-01    0.429149012059930E-01
    0.602773033868751E-01    0.466108418760234E-01
    0.601866571035440E-01    0.500333519890237E-01
    0.600629914251137E-01    0.531974892885262E-01
    0.600054344262930E-01    0.560410831100507E-01
    0.600159839637655E-01    0.586077033795662E-01
    0.601923778237098E-01    0.608239937000371E-01
    0.605266895872040E-01    0.627528729937026E-01
    0.611119101527782E-01    0.643073100785680E-01
    0.619220565600371E-01    0.655586340896777E-01
    0.630449226376811E-01    0.664054479150742E-01
    0.644269880769113E-01    0.669169867357303E-01
    0.661520444241278E-01    0.669803076703675E-01
    0.681263734687726E-01    0.666532580765711E-01
    0.704315124233175E-01    0.658201108936131E-01
    0.729181873268932E-01    0.645200279364592E-01
    0.756671092133768E-01    0.626519860527046E-01
    0.784591758962269E-01    0.602333984166015E-01
    0.813756212122238E-01    0.572034284316415E-01
    0.841227100887476E-01    0.535609133619277E-01
    0.867836655627763E-01    0.493161698556815E-01
    0.890064660343657E-01    0.444617698762249E-01
    0.908748691528435E-01    0.390978453532177E-01
    0.920166759323234E-01    0.332132261870391E-01
    0.925803061529211E-01    0.270356830776604E-01
    0.923688706047192E-01    0.205845593973581E-01
    0.906739768036124E-01    0.141053607420617E-01
    0.844885286073330E-01    0.759588198554626E-02
    0.601858746097873E-01    0.240623762571568E-02
    0.000000000000000E+00    0.000000000000000E+00
    0.000000000000000E+00    0.000000000000000E+00
    0.323193826860926E-01    0.139922045471904E-02
    0.460666499422964E-01    0.454955733335183E-02
    0.499964005828536E-01    0.846160521780230E-02
    0.516295768676161E-01    0.125608452366079E-01
    0.527994833542657E-01    0.167790864553592E-01
    0.538153107746948E-01    0.210530013446040E-01
    0.546685844238529E-01    0.253725533507309E-01
    0.553428325779272E-01    0.296430930140657E-01
    0.558595901912031E-01    0.338516070031055E-01
    0.562245836334434E-01    0.379387108628071E-01
    0.564881907365672E-01    0.418749752939383E-01
    0.566593589334615E-01    0.456323459285807E-01
    0.568126807844641E-01    0.491650854074957E-01
    0.569551122383037E-01    0.524854081455659E-01
    0.571776674974781E-01    0.555270692800018E-01
    0.574791266057738E-01    0.583379153169604E-01
    0.579595972844773E-01    0.608292728940494E-01
    0.586047386026539E-01    0.630762304086151E-01
    0.595175113927146E-01    0.649665634817219E-01
    0.606661108631323E-01    0.665900060109309E-01
    0.621508022546416E-01    0.678128568724387E-01
    0.639170377740036E-01    0.687246032760540E-01
    0.660567605320277E-01    0.691770188228528E-01
    0.684843037156389E-01    0.692421983065337E-01
    0.712758123200173E-01    0.687738942164363E-01
    0.743035248444392E-01    0.678082737200573E-01
    0.776182499500892E-01    0.662307333169347E-01
    0.810391706273464E-01    0.640256548868302E-01
    0.845816744631614E-01    0.611524724507532E-01
    0.880106234524711E-01    0.575363919295306E-01
    0.912983761729023E-01    0.532598719045056E-01
    0.941765470795129E-01    0.481981157721533E-01
    0.965746892723264E-01    0.425875494883949E-01
    0.982341700296776E-01    0.362575020425973E-01
    0.990515111106444E-01    0.296387822839114E-01
    0.988663738730287E-01    0.225750480018896E-01
    0.970337822070210E-01    0.155525517995693E-01
    0.902763950462105E-01    0.838142735031409E-02
    0.646311761402396E-01    0.266231366381982E-02
    0.000000000000000E+00    0.000000000000000E+00
    0.000000000000000E+00    0.000000000000000E+00
    0.299281319211632E-01    0.135678142213552E-02
    0.425936977438764E-01    0.439574073746923E-02
    0.461213776385570E-01    0.822085083631121E-02
    0.476415379347304E-01    0.122010043450550E-01
    0.486177753697659E-01    0.162922655184263E-01
    0.495691480870913E-01    0.204541496432094E-01
    0.504284655957987E-01    0.246602835548753E-01
    0.511378077677115E-01    0.288533118155795E-01
    0.517372288354992E-01    0.330009285045388E-01
    0.522156665852994E-01    0.370717591896622E-01
    0.526297013289977E-01    0.410219067707217E-01
    0.529774253645331E-01    0.448409895176552E-01
    0.533305619400639E-01    0.484754634028015E-01
    0.536952541942982E-01    0.519427847538274E-01
    0.541517608068595E-01    0.551763331456179E-01
    0.547087670159314E-01    0.582185113797585E-01
    0.554505179596278E-01    0.609861762562342E-01
    0.563815870963855E-01    0.635417922736280E-01
    0.575879350401306E-01    0.657810609398534E-01
    0.590616817843292E-01    0.677784608115848E-01
    0.608902918740059E-01    0.694048784116985E-01
    0.630409482832752E-01    0.707372560677749E-01
    0.656038719819424E-01    0.716203821666850E-01
    0.685012833811079E-01    0.721219079173603E-01
    0.718271557311069E-01    0.720686294729969E-01
    0.754318551286560E-01    0.715057733618232E-01
    0.794139989004082E-01    0.702641925676768E-01
    0.835174305373583E-01    0.683570014082310E-01
    0.878475979440032E-01    0.656597116998036E-01
    0.920177490994628E-01    0.621542106892133E-01
    0.961430607496511E-01    0.578152619530139E-01
    0.997191309255488E-01    0.526130903140546E-01
    0.102869528956864E+00    0.466591313850149E-01
    0.105032586554976E+00    0.399222124404373E-01
    0.106408263808459E+00    0.327049394722318E-01
    0.106630194661362E+00    0.250253611151080E-01
    0.104958690436983E+00    0.172308244269609E-01
    0.978662599427986E-01    0.929832301610383E-02
    0.697951268752982E-01    0.296245445795594E-02
    0.000000000000000E+00    0.000000000000000E+00
    0.000000000000000E+00    0.000000000000000E+00
    0.273855525516785E-01    0.133529883489028E-02
    0.389666821771694E-01    0.433292910222787E-02
    0.422055698866447E-01    0.803359507404406E-02
    0.435328373157283E-01    0.119118066549950E-01
    0.445193053515373E-01    0.158979682595477E-01
    0.454288291920769E-01    0.199603630493527E-01
    0.462556172075241E-01    0.240846257264963E-01
    0.469828045786952E-01    0.282099227591136E-01
    0.476271678668540E-01    0.323185704672987E-01
    0.481903199436126E-01    0.363776570009816E-01
    0.487119005671968E-01    0.403527077399856E-01
    0.491973388082277E-01    0.442347009078009E-01
    0.497077850559810E-01    0.479710903295219E-01
    0.502493499665091E-01    0.515867517523184E-01
    0.509009337959695E-01    0.550051033132386E-01
    0.516647435350960E-01    0.582849024480194E-01
    0.526337415186697E-01    0.613204053225979E-01
    0.538017979427522E-01    0.642010502865829E-01
    0.552723129778508E-01    0.667866942361404E-01
    0.570261363087925E-01    0.691894635056078E-01
    0.591734042350912E-01    0.712308504922971E-01
    0.616741854030524E-01    0.730331811649854E-01
    0.646398231574769E-01    0.743800170007565E-01
    0.679963834948028E-01    0.753825640350493E-01
    0.718451068641308E-01    0.758032826631770E-01
    0.760577233217177E-01    0.757138898547324E-01
    0.807111403401140E-01    0.748915790390945E-01
    0.855928549725345E-01    0.733344917019090E-01
    0.907347600017907E-01    0.709077221154808E-01
    0.958213535213492E-01    0.675119481963989E-01
    0.100822752871491E+00    0.631931419966700E-01
    0.105342294959007E+00    0.577639978009582E-01
    0.109283285637103E+00    0.515179285151375E-01
    0.112241371499976E+00    0.441925921673809E-01
    0.114058644297677E+00    0.363860468728617E-01
    0.114463160178819E+00    0.278512717138295E-01
    0.112680645791268E+00    0.193024047082654E-01
    0.104958568901575E+00    0.104122145261506E-01
    0.753248995677190E-01    0.333432576294407E-02
    0.000000000000000E+00    0.000000000000000E+00
    0.000000000000000E+00    0.000000000000000E+00
    0.250809508194687E-01    0.130551531653415E-02
    0.356407061321562E-01    0.422151402073795E-02
    0.385186646441091E-01    0.787545025546687E-02
    0.397357608356730E-01    0.116738154962709E-01
    0.405390613926694E-01    0.155750686007224E-01
    0.413696858141792E-01    0.195601794210324E-01
    0.421682709909063E-01    0.236067388383450E-01
    0.428880687067012E-01    0.276791619161270E-01
    0.435575011104702E-01    0.317495582913727E-01
    0.441699533326174E-01    0.358029699808040E-01
    0.447668031744666E-01    0.397996678648392E-01
    0.453505155021419E-01    0.437404080082444E-01
    0.459757767560666E-01    0.475743143310833E-01
    0.466549056697770E-01    0.513254185533465E-01
    0.474520606893787E-01    0.549270940576898E-01
    0.483865661838074E-01    0.584268917032050E-01
    0.495297003331350E-01    0.617368686411851E-01
    0.509037746365597E-01    0.649267190965604E-01
    0.525866532255546E-01    0.678793301961824E-01
    0.545971229926062E-01    0.706824233022650E-01
    0.570212346774913E-01    0.731790186766092E-01
    0.598602154903645E-01    0.754677517997189E-01
    0.632102267775880E-01    0.773421196434728E-01
    0.670322822399558E-01    0.788959134105675E-01
    0.714332549266104E-01    0.798759944717269E-01
    0.762904484014502E-01    0.803517248579247E-01
    0.817248347774480E-01    0.800397199483369E-01
    0.874565432045288E-01    0.789588040584684E-01
    0.936236055022207E-01    0.768638077704058E-01
    0.997182819247007E-01    0.737117217602164E-01
    0.105905455154274E+00    0.693972135531552E-01
    0.111439354184747E+00    0.638507508700313E-01
    0.116515143772232E+00    0.571855619222309E-01
    0.120256297000957E+00    0.493384333674506E-01
    0.122954438367464E+00    0.407160544582445E-01
    0.123955900150318E+00    0.313389062244514E-01
    0.122522777366450E+00    0.217005465919214E-01
    0.114441282457992E+00    0.117465637516261E-01
    0.818063707162778E-01    0.376910636231392E-02
    0.000000000000000E+00    0.000000000000000E+00
    0.000000000000000E+00    0.000000000000000E+00
    0.226425049205782E-01    0.129553048992976E-02
    0.321716245893798E-01    0.419536935815253E-02
    0.347731966801112E-01    0.775646151244680E-02
    0.358163639913148E-01    0.114845437409661E-01
    0.366138350540861E-01    0.153105269544701E-01
    0.373860410265847E-01    0.192254771934671E-01
    0.381287739304849E-01    0.232137210696533E-01
    0.388269160734581E-01    0.272395191073882E-01
    0.394940945467109E-01    0.312837786814839E-01
    0.401311850402985E-01    0.353348230234549E-01
    0.407702468856755E-01    0.393568384138875E-01
    0.414166636615374E-01    0.433581816829071E-01
    0.421214340466302E-01    0.472840897165090E-01
    0.428927799223116E-01    0.511739668911263E-01
    0.437998514552483E-01    0.549462920043883E-01
    0.448507763120861E-01    0.586754487036411E-01
    0.461324533358961E-01    0.622445796683005E-01
    0.476502037308549E-01    0.657654016236713E-01
    0.495088554153306E-01    0.690742879961040E-01
    0.517072024179118E-01    0.723199933831428E-01
    0.543687699240800E-01    0.752760269625999E-01
    0.574776323960909E-01    0.781200492058446E-01
    0.611708496273236E-01    0.805529395981565E-01
    0.654054053739387E-01    0.827600893325570E-01
    0.703223847953847E-01    0.843701991750844E-01
    0.758152319827958E-01    0.855401900995573E-01
    0.820083335926216E-01    0.858557783724656E-01
    0.886747709213102E-01    0.853720702546774E-01
    0.958815911874868E-01    0.837597334339071E-01
    0.103206560429776E+00    0.808993059379351E-01
    0.110629961457653E+00    0.767320223931651E-01
    0.117537971735786E+00    0.709703000472541E-01
    0.123805396938235E+00    0.639798743754376E-01
    0.128772965777136E+00    0.553490479392112E-01
    0.132209696447030E+00    0.459371413232725E-01
    0.133651850037765E+00    0.353532447811014E-01
    0.132158076177660E+00    0.246675601767794E-01
    0.123384703116954E+00    0.133309606459152E-01
    0.889091879714139E-01    0.431077923095146E-02
    0.000000000000000E+00    0.000000000000000E+00
    0.000000000000000E+00    0.000000000000000E+00
    0.203867691345283E-01    0.127352977617879E-02
    0.289337567550856E-01    0.410933164692988E-02
    0.312101811344386E-01    0.764793091094255E-02
    0.321466494661410E-01    0.113189932665259E-01
    0.327750782166226E-01    0.150845631000366E-01
    0.334596030093321E-01    0.189413106195532E-01
    0.341490845078226E-01    0.228718609331895E-01
    0.348076996191961E-01    0.268565517739382E-01
    0.354548844385030E-01    0.308732868657294E-01
    0.360895462898404E-01    0.349198558389127E-01
    0.367410186544438E-01    0.389629867614304E-01
    0.374178592085718E-01    0.430131849957842E-01
    0.381602739551662E-01    0.470261513565154E-01
    0.389886654194827E-01    0.510334010234371E-01
    0.399521119300022E-01    0.549742070773325E-01
    0.410828819508314E-01    0.589039059340173E-01
    0.424384629641367E-01    0.627381559640470E-01
    0.440628490176632E-01    0.665588665526631E-01
    0.460237450717606E-01    0.702456837040427E-01
    0.483737586964831E-01    0.739092117111246E-01
    0.511947349221283E-01    0.773723878418194E-01
    0.545401776166772E-01    0.807688603864145E-01
    0.585099589653567E-01    0.838463619198440E-01
    0.631417481393574E-01    0.867507244294108E-01
    0.685627934386714E-01    0.891226085747688E-01
    0.747181186437395E-01    0.910979883714579E-01
    0.817647145747050E-01    0.922089037520907E-01
    0.894595853762044E-01    0.925142619733242E-01
    0.979888019770259E-01    0.915328098202830E-01
    0.106694868845340E+00    0.891846750912710E-01
    0.115832022997589E+00    0.851900629680238E-01
    0.124237502417024E+00    0.793960374122981E-01
    0.132251943191348E+00    0.719038123771472E-01
    0.138432272765691E+00    0.625999560039442E-01
    0.143253309961393E+00    0.520537548282616E-01
    0.145570327877859E+00    0.403072372527853E-01
    0.144718584186284E+00    0.280729136876921E-01
    0.135572130816012E+00    0.152553182451360E-01
    0.972860547499241E-01    0.493546739512983E-02
    0.000000000000000E+00    0.000000000000000E+00
    0.000000000000000E+00    0.000000000000000E+00
    0.180200075635643E-01    0.127026712034294E-02
    0.255787793979239E-01    0.410381718954681E-02
    0.275883305080236E-01    0.756680581065651E-02
    0.283694271972084E-01    0.111841307141497E-01
    0.289785210108944E-01    0.148893384182756E-01
    0.295935927193483E-01    0.186900814099699E-01
    0.302107165005009E-01    0.225721493835156E-01
    0.308180216494767E-01    0.265178958124186E-01
    0.314261163342858E-01    0.305097025513651E-01
    0.320372192458901E-01    0.345518247788775E-01
    0.326765825436877E-01    0.386107632934391E-01
    0.333516521507390E-01    0.427087800805897E-01
    0.341037466944308E-01    0.467940498947702E-01
    0.349450068891715E-01    0.509189971977719E-01
    0.359340636337299E-01    0.550045363956320E-01
    0.370867253753724E-01    0.591409779533016E-01
    0.384815820801926E-01    0.632104980064399E-01
    0.401378029527923E-01    0.673510039324741E-01
    0.421591188484603E-01    0.713860423193524E-01
    0.445665510037926E-01    0.755108499434851E-01
    0.474941096345564E-01    0.794620575175183E-01
    0.509646794518435E-01    0.834938663423553E-01
    0.551445100372571E-01    0.872252809352694E-01
    0.600504979671263E-01    0.909774042908734E-01
    0.658909289309629E-01    0.941812613459669E-01
    0.726232884331811E-01    0.971667931563355E-01
    0.804362117767141E-01    0.992193582312998E-01
    0.891788969440161E-01    0.100575109852560E+00
    0.990022047477134E-01    0.100472167333783E+00
    0.109365619602813E+00    0.987991009866058E-01
    0.120281247054570E+00    0.952400128685817E-01
    0.130741204459234E+00    0.893021159314341E-01
    0.140599441627941E+00    0.814819842108118E-01
    0.148701066925294E+00    0.710903834150186E-01
    0.154729654462960E+00    0.594620018597738E-01
    0.157893681334458E+00    0.459665227447009E-01
    0.157040359046158E+00    0.322726101449974E-01
    0.147111830005215E+00    0.174858632316007E-01
    0.106656125122201E+00    0.571394651730689E-02
    0.000000000000000E+00    0.000000000000000E+00
    0.000000000000000E+00    0.000000000000000E+00
    0.157925921393652E-01    0.125213126300024E-02
    0.223969803657597E-01    0.403010188885993E-02
    0.241154618662791E-01    0.748205453593467E-02
    0.247952879645528E-01    0.110522969033149E-01
    0.252526280233207E-01    0.147077116395575E-01
    0.257759148700095E-01    0.184564786505177E-01
    0.263219871698393E-01    0.222871204893635E-01
    0.268660132408137E-01    0.261913012130513E-01
    0.274194618868184E-01    0.301534962952408E-01
    0.279871618780716E-01    0.341807089004902E-01
    0.285874299859823E-01    0.382477365560938E-01
    0.292353959732274E-01    0.423725147057652E-01
    0.299569903202165E-01    0.465206380370087E-01
    0.307810589236224E-01    0.507299683265906E-01
    0.317400697767764E-01    0.549517935951293E-01
    0.328796422954647E-01    0.592491283057757E-01
    0.342395178343252E-01    0.635514231633968E-01
    0.358862553823377E-01    0.679547455232810E-01
    0.378702847677098E-01    0.723503940562202E-01
    0.402836796776398E-01    0.768749687151217E-01
    0.431945721619976E-01    0.813563793514057E-01
    0.467301692153462E-01    0.859766486622263E-01
    0.509916865082262E-01    0.904574297523527E-01
    0.561230668077005E-01    0.950544011508045E-01
    0.622755092293667E-01    0.992672738833000E-01
    0.695549080755210E-01    0.103361410612855E+00
    0.781379569416189E-01    0.106646801509217E+00
    0.880441824601741E-01    0.109342963517358E+00
    0.995317308005605E-01    0.110449858353218E+00
    0.111818224166814E+00    0.109846996610301E+00
    0.125291917601943E+00    0.106845703252343E+00
    0.138036044735762E+00    0.101077334382616E+00
    0.150696995878863E+00    0.926495371768724E-01
    0.160665742936537E+00    0.813468141586909E-01
    0.168854248819661E+00    0.680513977724913E-01
    0.173265463813264E+00    0.529047166600689E-01
    0.173430926928161E+00    0.369869491835093E-01
    0.163127508105516E+00    0.201831998953081E-01
    0.117705258659712E+00    0.658541455390908E-02
    0.000000000000000E+00    0.000000000000000E+00
    0.000000000000000E+00    0.000000000000000E+00
    0.134827854677183E-01    0.124968482218055E-02
    0.191348143634365E-01    0.403285032650120E-02
    0.205958023145420E-01    0.741625185136199E-02
    0.211399319936172E-01    0.109370371067470E-01
    0.215672578940476E-01    0.145358094214229E-01
    0.220147076118861E-01    0.182305297451582E-01
    0.224782407997859E-01    0.220114962108982E-01
    0.229500641286644E-01    0.258716299667859E-01
    0.234374487949231E-01    0.297989055844325E-01
    0.239447833375952E-01    0.338058127038254E-01
    0.244902045472803E-01    0.378669993380291E-01
    0.250836656045866E-01    0.420107046086800E-01
    0.257556965199413E-01    0.461966239942727E-01
    0.265222503200778E-01    0.504817713993740E-01
    0.274285853435739E-01    0.548022885127370E-01
    0.284974355787397E-01    0.592552122136300E-01
    0.297937807751936E-01    0.637401815757551E-01
    0.313490147302369E-01    0.684113069559237E-01
    0.332565429892510E-01    0.731070636149583E-01
    0.355606685364714E-01    0.780588484489379E-01
    0.383956434598876E-01    0.830086812559996E-01
    0.418303813876561E-01    0.883020871828057E-01
    0.460723569469902E-01    0.934951180195316E-01
    0.512028142155581E-01    0.991009337035747E-01
    0.575082756172498E-01    0.104350094638782E+00
    0.651047967661261E-01    0.109838599801798E+00
    0.742786881231000E-01    0.114475350021850E+00
    0.851310892093818E-01    0.119078035996376E+00
    0.980520454490140E-01    0.121816256926219E+00
    0.112532847250906E+00    0.122651441135847E+00
    0.128707911560626E+00    0.120753436386465E+00
    0.144637496741236E+00    0.115086185165614E+00
    0.160323424862864E+00    0.106398258137545E+00
    0.173445126028171E+00    0.933760704266028E-01
    0.183580993063474E+00    0.784842785837373E-01
    0.189413953386373E+00    0.606622604288079E-01
    0.189543006461426E+00    0.426825639060757E-01
    0.178211442783853E+00    0.231858124635336E-01
    0.130244027231424E+00    0.763646716228427E-02
    0.000000000000000E+00    0.000000000000000E+00
    0.000000000000000E+00    0.000000000000000E+00
    0.112727494401859E-01    0.123237947117619E-02
    0.159937819592660E-01    0.396056204336743E-02
    0.171963629845877E-01    0.733689797059871E-02
    0.176467960451555E-01    0.108105993398731E-01
    0.179429184610514E-01    0.143615247753789E-01
    0.182997794427635E-01    0.179991205940634E-01
    0.186815800238516E-01    0.217262286567274E-01
    0.190752040821517E-01    0.255312163736727E-01
    0.194839062138778E-01    0.294172383033983E-01
    0.199186797844047E-01    0.333833027725388E-01
    0.203863140013358E-01    0.374282389867693E-01
    0.209081205571112E-01    0.415573984374423E-01
    0.214942439400683E-01    0.457669950390912E-01
    0.221808584533145E-01    0.500781369630705E-01
    0.229802749475534E-01    0.544809660842952E-01
    0.239490904584915E-01    0.590194682486334E-01
    0.251022298677878E-01    0.636719369099955E-01
    0.265252455614295E-01    0.685166025791264E-01
    0.282392478968902E-01    0.735058282388896E-01
    0.303739664540506E-01    0.787656567221042E-01
    0.329681512601113E-01    0.842003320669568E-01
    0.362163233527215E-01    0.900210363166234E-01
    0.401974407588515E-01    0.960012279272457E-01
    0.451784045584681E-01    0.102470569006258E+00
    0.512921062550285E-01    0.108959243089315E+00
    0.590219406632993E-01    0.115845593008718E+00
    0.686511688720857E-01    0.122307043768756E+00
    0.805557884416866E-01    0.129160991440707E+00
    0.951802353246771E-01    0.134189638902631E+00
    0.112294674981853E+00    0.137215482597203E+00
    0.132782578317760E+00    0.136935468437407E+00
    0.152316452375583E+00    0.132016305332369E+00
    0.173006507821339E+00    0.122426866387383E+00
    0.189067054054782E+00    0.107925778213022E+00
    0.202401539318772E+00    0.902752155565017E-01
    0.209822097195531E+00    0.699746692904259E-01
    0.211155770156275E+00    0.487378188908608E-01
    0.199470141612297E+00    0.266177240813091E-01
    0.144777442443383E+00    0.873172776282971E-02
    0.000000000000000E+00    0.000000000000000E+00
    0.000000000000000E+00    0.000000000000000E+00
    0.900554807181987E-02    0.123842164323759E-02
    0.128205654416332E-01    0.396651745700622E-02
    0.137778674767284E-01    0.727147126093354E-02
    0.141115355862732E-01    0.106999494152998E-01
    0.143705841656512E-01    0.141871371462176E-01
    0.146507025079527E-01    0.177733988719778E-01
    0.149477103239334E-01    0.214336114368105E-01
    0.152579840081428E-01    0.251911580654759E-01
    0.155856645031465E-01    0.290103968253119E-01
    0.159365773155572E-01    0.329426571434235E-01
    0.163216080610527E-01    0.369311282772759E-01
    0.167517657609294E-01    0.410522494081687E-01
    0.172454722345446E-01    0.452266986742834E-01
    0.178202112289697E-01    0.495711683526842E-01
    0.185042908516116E-01    0.539747079958018E-01
    0.193236359833641E-01    0.586098621404602E-01
    0.203214414122573E-01    0.633202250149841E-01
    0.215360379811706E-01    0.683586314683739E-01
    0.230352237805373E-01    0.734982115872098E-01
    0.248794025496725E-01    0.791113745356593E-01
    0.271845764171731E-01    0.848520294850700E-01
    0.300454414880692E-01    0.912972911992488E-01
    0.336678469527264E-01    0.978477675877749E-01
    0.382094062252240E-01    0.105352529563334E+00
    0.439535641331094E-01    0.112837844462375E+00
    0.513232513538039E-01    0.121734001050582E+00
    0.610070130693644E-01    0.129951235089277E+00
    0.733818730748163E-01    0.139929152996724E+00
    0.886102926591992E-01    0.147254658620330E+00
    0.108034334665753E+00    0.154410204669975E+00
    0.132799916495975E+00    0.157503052667736E+00
    0.158222588189344E+00    0.152593621259894E+00
    0.184627463736847E+00    0.142796509680737E+00
    0.206181631800712E+00    0.124971752496324E+00
    0.222522376034638E+00    0.104605776975151E+00
    0.231998036943548E+00    0.797683030778010E-01
    0.232816243865605E+00    0.554466286451520E-01
    0.219043742132550E+00    0.300713522137197E-01
    0.161267832495104E+00    0.981025389587318E-02
    0.000000000000000E+00    0.000000000000000E+00
    0.000000000000000E+00    0.000000000000000E+00
    0.683060397130789E-02    0.122218301967907E-02
    0.972880899726760E-02    0.390713515198668E-02
    0.104649398305682E-01    0.719171900077545E-02
    0.107125941936671E-01    0.106024654528746E-01
    0.108713054218115E-01    0.140099663512669E-01
    0.110643661084872E-01    0.175789867041444E-01
    0.112836833235622E-01    0.211279495761495E-01
    0.115072160443431E-01    0.248766989058243E-01
    0.117519750135842E-01    0.285669608765399E-01
    0.120116795432738E-01    0.325068315675956E-01
    0.123040609222702E-01    0.363562839068023E-01
    0.126315763314075E-01    0.405100164801550E-01
    0.130114623763887E-01    0.445460041228138E-01
    0.134593503676663E-01    0.489591249322660E-01
    0.139902417784152E-01    0.532390528140778E-01
    0.146394736976780E-01    0.579944225619512E-01
    0.154186958668902E-01    0.626172476448296E-01
    0.163938628723008E-01    0.678517128491955E-01
    0.175746588544137E-01    0.729754798893972E-01
    0.190770349321933E-01    0.789050448856543E-01
    0.209162050043165E-01    0.847719232865163E-01
    0.232872391182285E-01    0.917384433149607E-01
    0.262268748121215E-01    0.986911929999948E-01
    0.301048842933008E-01    0.107087878582636E+00
    0.350909876374727E-01    0.115506050774684E+00
    0.419329039529045E-01    0.126215463677367E+00
    0.511569837957235E-01    0.136451165792119E+00
    0.633472065182818E-01    0.149679550246186E+00
    0.787488749358911E-01    0.160601600798811E+00
    0.101893417470068E+00    0.175136928033631E+00
    0.135046792511821E+00    0.181874399269186E+00
    0.167401481999323E+00    0.177754305819926E+00
    0.203215670469746E+00    0.166219702112647E+00
    0.228530278710937E+00    0.145752492129498E+00
    0.248695172064759E+00    0.119784662087958E+00
    0.260209373393152E+00    0.906301413763743E-01
    0.260672109368291E+00    0.616547697931968E-01
    0.246162285415634E+00    0.333362871623311E-01
    0.179333411778145E+00    0.107906326615399E-01
    0.000000000000000E+00    0.000000000000000E+00
    0.000000000000000E+00    0.000000000000000E+00
    0.462868302358948E-02    0.118895806857322E-02
    0.663590926667289E-02    0.386463429474656E-02
    0.714116141959808E-02    0.707719634531336E-02
    0.729444880528112E-02    0.104151922875411E-01
    0.741815985209502E-02    0.137475488590188E-01
    0.753852230991176E-02    0.172250659012627E-01
    0.768477981550391E-02    0.206863399003047E-01
    0.782348386414197E-02    0.243330575451624E-01
    0.799097396378327E-02    0.279218737403607E-01
    0.815747598301001E-02    0.317532358700093E-01
    0.836242669013439E-02    0.354916295098732E-01
    0.857826179615899E-02    0.395399816730426E-01
    0.884975068324542E-02    0.434613297138436E-01
    0.915182000506966E-02    0.477836356311891E-01
    0.953611255118412E-02    0.519530704320039E-01
    0.998127057572655E-02    0.566480821102700E-01
    0.105501131984585E-01    0.611760191820386E-01
    0.112273290807764E-01    0.664061811281128E-01
    0.120968860227454E-01    0.714713232694207E-01
    0.131536276066966E-01    0.775017169384055E-01
    0.145260689514961E-01    0.833875893813699E-01
    0.162248169769183E-01    0.906412562082076E-01
    0.184584798629352E-01    0.977918928520520E-01
    0.213148732980732E-01    0.106963370350803E+00
    0.253069094991239E-01    0.116026096634662E+00
    0.305706084552793E-01    0.128818827852380E+00
    0.385862325345369E-01    0.141132280378181E+00
    0.496767868552443E-01    0.157523992372973E+00
    0.634110180886067E-01    0.169557275939582E+00
    0.848048335800067E-01    0.198415492963402E+00
    0.123372586766321E+00    0.211903777064156E+00
    0.169875842620823E+00    0.210225105432301E+00
    0.219079311303396E+00    0.200456512685568E+00
    0.256702601263948E+00    0.169885039052561E+00
    0.281225851557274E+00    0.136826546609276E+00
    0.292652744828395E+00    0.995782180025583E-01
    0.289691551349231E+00    0.658557026526646E-01
    0.270006484733428E+00    0.357140552021227E-01
    0.199365654976584E+00    0.111909203835689E-01
    0.000000000000000E+00    0.000000000000000E+00
    0.000000000000000E+00    0.000000000000000E+00
    0.247108897362283E-02    0.105612332560775E-02
    0.355598992058636E-02    0.353156576874682E-02
    0.391253344829843E-02    0.660433669082609E-02
    0.397781710081769E-02    0.974100158903430E-02
    0.406021383651342E-02    0.128519857915194E-01
    0.408487127033065E-02    0.161193974001325E-01
    0.419233869864797E-02    0.193130115230730E-01
    0.423066257169366E-02    0.227390827380060E-01
    0.434821370198445E-02    0.260217142391717E-01
    0.440273025824566E-02    0.296245542174350E-01
    0.454068853495725E-02    0.330213858723014E-01
    0.462413697805589E-02    0.368345237441470E-01
    0.479766905131968E-02    0.403851584258177E-01
    0.493082866096736E-02    0.444673684906906E-01
    0.516449279581949E-02    0.482424065419985E-01
    0.537938874699374E-02    0.526936020650407E-01
    0.571131812918970E-02    0.568093830549445E-01
    0.605877847408508E-02    0.617935363057770E-01
    0.655121634074285E-02    0.664385333656821E-01
    0.711608842950716E-02    0.722256270858014E-01
    0.787393601507597E-02    0.777061915341758E-01
    0.880824112874283E-02    0.847313752114308E-01
    0.100413328391588E-01    0.915485757520513E-01
    0.117114087423451E-01    0.100573555765046E+00
    0.139419490900285E-01    0.109692786452992E+00
    0.168984460593771E-01    0.122841595913115E+00
    0.207343829660135E-01    0.135895754258276E+00
    0.273094865626651E-01    0.151355661736569E+00
    0.381573459144052E-01    0.169311848642766E+00
    0.607749696336223E-01    0.214914315738615E+00
    0.111132603117466E+00    0.236593633020201E+00
    0.173885642618473E+00    0.257693916961516E+00
    0.252240281044317E+00    0.240563394243127E+00
    0.300139048418152E+00    0.198104492034664E+00
    0.316908216045523E+00    0.152441427077886E+00
    0.329045110780052E+00    0.106518666747311E+00
    0.322947666941435E+00    0.678411603745850E-01
    0.302596052056606E+00    0.356399280766607E-01
    0.220358894747160E+00    0.115085848565100E-01
    0.000000000000000E+00    0.000000000000000E+00
    0.000000000000000E+00    0.000000000000000E+00
    0.658465048554810E-03    0.658465048554805E-03
    0.107509459768581E-02    0.248163718031394E-02
    0.121222093354602E-02    0.466879201933619E-02
    0.125461905850663E-02    0.691484715265353E-02
    0.127716961319494E-02    0.914674415904931E-02
    0.128175041116876E-02    0.114828967423374E-01
    0.130873127011984E-02    0.137883101115311E-01
    0.132665584353645E-02    0.162046275374577E-01
    0.135692322730099E-02    0.185778841995526E-01
    0.137843232804095E-02    0.210974361832586E-01
    0.141522520391857E-02    0.235623023430376E-01
    0.144707536438484E-02    0.262075300583480E-01
    0.149560863248443E-02    0.287978815680783E-01
    0.154422315387487E-02    0.316127175584286E-01
    0.161262912799860E-02    0.343870471875503E-01
    0.168835494842696E-02    0.374447663275126E-01
    0.178944157017312E-02    0.404982718093115E-01
    0.190880688374868E-02    0.439192468686000E-01
    0.206445890990044E-02    0.474066236449850E-01
    0.225549895975894E-02    0.513879285198552E-01
    0.250122097368763E-02    0.555658361375786E-01
    0.281332162759573E-02    0.604325086813088E-01
    0.322772531213580E-02    0.657507815322163E-01
    0.378896387013237E-02    0.721811471660873E-01
    0.465072246528603E-02    0.794998514042835E-01
    0.568684748128972E-02    0.886535894704428E-01
    0.674559801043994E-02    0.997393736282619E-01
    0.861509950515144E-02    0.113194255410171E+00
    0.142743836483862E-01    0.134183271323676E+00
    0.240022629517889E-01    0.186468599272404E+00
    0.769753576065547E-01    0.238320540534368E+00
    0.120487076085588E+00    0.233392896587216E+00
    0.271555786097580E+00    0.287140635276932E+00
    0.361468856996342E+00    0.220728094384609E+00
    0.383652734448944E+00    0.151306629407740E+00
    0.375555490212960E+00    0.104506106489711E+00
    0.357480458239097E+00    0.613227127775519E-01
    0.326721887681018E+00    0.349899493307271E-01
    0.240520114054537E+00    0.122577967482555E-01
    0.000000000000000E+00    0.000000000000000E+00
    0.000000000000000E+00    0.000000000000000E+00
    0.000000000000000E+00    0.000000000000000E+00
    0.000000000000000E+00    0.000000000000000E+00
    0.000000000000000E+00    0.000000000000000E+00
    0.000000000000000E+00    0.000000000000000E+00
    0.000000000000000E+00    0.000000000000000E+00
    0.000000000000000E+00    0.000000000000000E+00
    0.000000000000000E+00    0.000000000000000E+00
    0.000000000000000E+00    0.000000000000000E+00
    0.000000000000000E+00    0.000000000000000E+00
    0.000000000000000E+00    0.000000000000000E+00
    0.000000000000000E+00    0.000000000000000E+00
    0.000000000000000E+00    0.000000000000000E+00
    0.000000000000000E+00    0.000000000000000E+00
    0.000000000000000E+00    0.000000000000000E+00
    0.000000000000000E+00    0.000000000000000E+00
    0.000000000000000E+00    0.000000000000000E+00
    0.000000000000000E+00    0.000000000000000E+00
    0.000000000000000E+00    0.000000000000000E+00
    0.000000000000000E+00    0.000000000000000E+00
    0.000000000000000E+00    0.000000000000000E+00
    0.000000000000000E+00    0.000000000000000E+00
    0.000000000000000E+00    0.000000000000000E+00
    0.000000000000000E+00    0.000000000000000E+00
    0.000000000000000E+00    0.000000000000000E+00
    0.000000000000000E+00    0.000000000000000E+00
    0.000000000000000E+00    0.000000000000000E+00
    0.000000000000000E+00    0.000000000000000E+00
    0.000000000000000E+00    0.000000000000000E+00
    0.000000000000000E+00    0.000000000000000E+00
    0.000000000000000E+00    0.000000000000000E+00
    0.000000000000000E+00    0.000000000000000E+00
    0.000000000000000E+00    0.000000000000000E+00
    0.324395594798604E+00    0.280497912136798E+00
    0.416150208273226E+00    0.247252838778449E+00
    0.435717696870916E+00    0.142573932777546E+00
    0.420770668884713E+00    0.948690853235389E-01
    0.388691614612392E+00    0.562638803384671E-01
    0.353779715537212E+00    0.326809082262108E-01
    0.250958126776717E+00    0.133361810479257E-01
    0.000000000000000E+00    0.000000000000000E+00
