    1    85    83    43    84    42
    1    85     3    43    44     2
    3    87    85    45    86    44
    3    87     5    45    46     4
    5    89    87    47    88    46
    5    89     7    47    48     6
    7    91    89    49    90    48
    7    91     9    49    50     8
    9    93    91    51    92    50
    9    93    11    51    52    10
   11    95    93    53    94    52
   11    95    13    53    54    12
   13    97    95    55    96    54
   13    97    15    55    56    14
   15    99    97    57    98    56
   15    99    17    57    58    16
   17   101    99    59   100    58
   17   101    19    59    60    18
   19   103   101    61   102    60
   19   103    21    61    62    20
   21   105   103    63   104    62
   21   105    23    63    64    22
   23   107   105    65   106    64
   23   107    25    65    66    24
   25   109   107    67   108    66
   25   109    27    67    68    26
   27   111   109    69   110    68
   27   111    29    69    70    28
   29   113   111    71   112    70
   29   113    31    71    72    30
   31   115   113    73   114    72
   31   115    33    73    74    32
   33   117   115    75   116    74
   33   117    35    75    76    34
   35   119   117    77   118    76
   35   119    37    77    78    36
   37   121   119    79   120    78
   37   121    39    79    80    38
   39   123   121    81   122    80
   39   123    41    81    82    40
   83   167   165   125   166   124
   83   167    85   125   126    84
   85   169   167   127   168   126
   85   169    87   127   128    86
   87   171   169   129   170   128
   87   171    89   129   130    88
   89   173   171   131   172   130
   89   173    91   131   132    90
   91   175   173   133   174   132
   91   175    93   133   134    92
   93   177   175   135   176   134
   93   177    95   135   136    94
   95   179   177   137   178   136
   95   179    97   137   138    96
   97   181   179   139   180   138
   97   181    99   139   140    98
   99   183   181   141   182   140
   99   183   101   141   142   100
  101   185   183   143   184   142
  101   185   103   143   144   102
  103   187   185   145   186   144
  103   187   105   145   146   104
  105   189   187   147   188   146
  105   189   107   147   148   106
  107   191   189   149   190   148
  107   191   109   149   150   108
  109   193   191   151   192   150
  109   193   111   151   152   110
  111   195   193   153   194   152
  111   195   113   153   154   112
  113   197   195   155   196   154
  113   197   115   155   156   114
  115   199   197   157   198   156
  115   199   117   157   158   116
  117   201   199   159   200   158
  117   201   119   159   160   118
  119   203   201   161   202   160
  119   203   121   161   162   120
  121   205   203   163   204   162
  121   205   123   163   164   122
  165   249   247   207   248   206
  165   249   167   207   208   166
  167   251   249   209   250   208
  167   251   169   209   210   168
  169   253   251   211   252   210
  169   253   171   211   212   170
  171   255   253   213   254   212
  171   255   173   213   214   172
  173   257   255   215   256   214
  173   257   175   215   216   174
  175   259   257   217   258   216
  175   259   177   217   218   176
  177   261   259   219   260   218
  177   261   179   219   220   178
  179   263   261   221   262   220
  179   263   181   221   222   180
  181   265   263   223   264   222
  181   265   183   223   224   182
  183   267   265   225   266   224
  183   267   185   225   226   184
  185   269   267   227   268   226
  185   269   187   227   228   186
  187   271   269   229   270   228
  187   271   189   229   230   188
  189   273   271   231   272   230
  189   273   191   231   232   190
  191   275   273   233   274   232
  191   275   193   233   234   192
  193   277   275   235   276   234
  193   277   195   235   236   194
  195   279   277   237   278   236
  195   279   197   237   238   196
  197   281   279   239   280   238
  197   281   199   239   240   198
  199   283   281   241   282   240
  199   283   201   241   242   200
  201   285   283   243   284   242
  201   285   203   243   244   202
  203   287   285   245   286   244
  203   287   205   245   246   204
  247   331   329   289   330   288
  247   331   249   289   290   248
  249   333   331   291   332   290
  249   333   251   291   292   250
  251   335   333   293   334   292
  251   335   253   293   294   252
  253   337   335   295   336   294
  253   337   255   295   296   254
  255   339   337   297   338   296
  255   339   257   297   298   256
  257   341   339   299   340   298
  257   341   259   299   300   258
  259   343   341   301   342   300
  259   343   261   301   302   260
  261   345   343   303   344   302
  261   345   263   303   304   262
  263   347   345   305   346   304
  263   347   265   305   306   264
  265   349   347   307   348   306
  265   349   267   307   308   266
  267   351   349   309   350   308
  267   351   269   309   310   268
  269   353   351   311   352   310
  269   353   271   311   312   270
  271   355   353   313   354   312
  271   355   273   313   314   272
  273   357   355   315   356   314
  273   357   275   315   316   274
  275   359   357   317   358   316
  275   359   277   317   318   276
  277   361   359   319   360   318
  277   361   279   319   320   278
  279   363   361   321   362   320
  279   363   281   321   322   280
  281   365   363   323   364   322
  281   365   283   323   324   282
  283   367   365   325   366   324
  283   367   285   325   326   284
  285   369   367   327   368   326
  285   369   287   327   328   286
  329   413   411   371   412   370
  329   413   331   371   372   330
  331   415   413   373   414   372
  331   415   333   373   374   332
  333   417   415   375   416   374
  333   417   335   375   376   334
  335   419   417   377   418   376
  335   419   337   377   378   336
  337   421   419   379   420   378
  337   421   339   379   380   338
  339   423   421   381   422   380
  339   423   341   381   382   340
  341   425   423   383   424   382
  341   425   343   383   384   342
  343   427   425   385   426   384
  343   427   345   385   386   344
  345   429   427   387   428   386
  345   429   347   387   388   346
  347   431   429   389   430   388
  347   431   349   389   390   348
  349   433   431   391   432   390
  349   433   351   391   392   350
  351   435   433   393   434   392
  351   435   353   393   394   352
  353   437   435   395   436   394
  353   437   355   395   396   354
  355   439   437   397   438   396
  355   439   357   397   398   356
  357   441   439   399   440   398
  357   441   359   399   400   358
  359   443   441   401   442   400
  359   443   361   401   402   360
  361   445   443   403   444   402
  361   445   363   403   404   362
  363   447   445   405   446   404
  363   447   365   405   406   364
  365   449   447   407   448   406
  365   449   367   407   408   366
  367   451   449   409   450   408
  367   451   369   409   410   368
  411   495   493   453   494   452
  411   495   413   453   454   412
  413   497   495   455   496   454
  413   497   415   455   456   414
  415   499   497   457   498   456
  415   499   417   457   458   416
  417   501   499   459   500   458
  417   501   419   459   460   418
  419   503   501   461   502   460
  419   503   421   461   462   420
  421   505   503   463   504   462
  421   505   423   463   464   422
  423   507   505   465   506   464
  423   507   425   465   466   424
  425   509   507   467   508   466
  425   509   427   467   468   426
  427   511   509   469   510   468
  427   511   429   469   470   428
  429   513   511   471   512   470
  429   513   431   471   472   430
  431   515   513   473   514   472
  431   515   433   473   474   432
  433   517   515   475   516   474
  433   517   435   475   476   434
  435   519   517   477   518   476
  435   519   437   477   478   436
  437   521   519   479   520   478
  437   521   439   479   480   438
  439   523   521   481   522   480
  439   523   441   481   482   440
  441   525   523   483   524   482
  441   525   443   483   484   442
  443   527   525   485   526   484
  443   527   445   485   486   444
  445   529   527   487   528   486
  445   529   447   487   488   446
  447   531   529   489   530   488
  447   531   449   489   490   448
  449   533   531   491   532   490
  449   533   451   491   492   450
  493   577   575   535   576   534
  493   577   495   535   536   494
  495   579   577   537   578   536
  495   579   497   537   538   496
  497   581   579   539   580   538
  497   581   499   539   540   498
  499   583   581   541   582   540
  499   583   501   541   542   500
  501   585   583   543   584   542
  501   585   503   543   544   502
  503   587   585   545   586   544
  503   587   505   545   546   504
  505   589   587   547   588   546
  505   589   507   547   548   506
  507   591   589   549   590   548
  507   591   509   549   550   508
  509   593   591   551   592   550
  509   593   511   551   552   510
  511   595   593   553   594   552
  511   595   513   553   554   512
  513   597   595   555   596   554
  513   597   515   555   556   514
  515   599   597   557   598   556
  515   599   517   557   558   516
  517   601   599   559   600   558
  517   601   519   559   560   518
  519   603   601   561   602   560
  519   603   521   561   562   520
  521   605   603   563   604   562
  521   605   523   563   564   522
  523   607   605   565   606   564
  523   607   525   565   566   524
  525   609   607   567   608   566
  525   609   527   567   568   526
  527   611   609   569   610   568
  527   611   529   569   570   528
  529   613   611   571   612   570
  529   613   531   571   572   530
  531   615   613   573   614   572
  531   615   533   573   574   532
  575   659   657   617   658   616
  575   659   577   617   618   576
  577   661   659   619   660   618
  577   661   579   619   620   578
  579   663   661   621   662   620
  579   663   581   621   622   580
  581   665   663   623   664   622
  581   665   583   623   624   582
  583   667   665   625   666   624
  583   667   585   625   626   584
  585   669   667   627   668   626
  585   669   587   627   628   586
  587   671   669   629   670   628
  587   671   589   629   630   588
  589   673   671   631   672   630
  589   673   591   631   632   590
  591   675   673   633   674   632
  591   675   593   633   634   592
  593   677   675   635   676   634
  593   677   595   635   636   594
  595   679   677   637   678   636
  595   679   597   637   638   596
  597   681   679   639   680   638
  597   681   599   639   640   598
  599   683   681   641   682   640
  599   683   601   641   642   600
  601   685   683   643   684   642
  601   685   603   643   644   602
  603   687   685   645   686   644
  603   687   605   645   646   604
  605   689   687   647   688   646
  605   689   607   647   648   606
  607   691   689   649   690   648
  607   691   609   649   650   608
  609   693   691   651   692   650
  609   693   611   651   652   610
  611   695   693   653   694   652
  611   695   613   653   654   612
  613   697   695   655   696   654
  613   697   615   655   656   614
  657   741   739   699   740   698
  657   741   659   699   700   658
  659   743   741   701   742   700
  659   743   661   701   702   660
  661   745   743   703   744   702
  661   745   663   703   704   662
  663   747   745   705   746   704
  663   747   665   705   706   664
  665   749   747   707   748   706
  665   749   667   707   708   666
  667   751   749   709   750   708
  667   751   669   709   710   668
  669   753   751   711   752   710
  669   753   671   711   712   670
  671   755   753   713   754   712
  671   755   673   713   714   672
  673   757   755   715   756   714
  673   757   675   715   716   674
  675   759   757   717   758   716
  675   759   677   717   718   676
  677   761   759   719   760   718
  677   761   679   719   720   678
  679   763   761   721   762   720
  679   763   681   721   722   680
  681   765   763   723   764   722
  681   765   683   723   724   682
  683   767   765   725   766   724
  683   767   685   725   726   684
  685   769   767   727   768   726
  685   769   687   727   728   686
  687   771   769   729   770   728
  687   771   689   729   730   688
  689   773   771   731   772   730
  689   773   691   731   732   690
  691   775   773   733   774   732
  691   775   693   733   734   692
  693   777   775   735   776   734
  693   777   695   735   736   694
  695   779   777   737   778   736
  695   779   697   737   738   696
  739   823   821   781   822   780
  739   823   741   781   782   740
  741   825   823   783   824   782
  741   825   743   783   784   742
  743   827   825   785   826   784
  743   827   745   785   786   744
  745   829   827   787   828   786
  745   829   747   787   788   746
  747   831   829   789   830   788
  747   831   749   789   790   748
  749   833   831   791   832   790
  749   833   751   791   792   750
  751   835   833   793   834   792
  751   835   753   793   794   752
  753   837   835   795   836   794
  753   837   755   795   796   754
  755   839   837   797   838   796
  755   839   757   797   798   756
  757   841   839   799   840   798
  757   841   759   799   800   758
  759   843   841   801   842   800
  759   843   761   801   802   760
  761   845   843   803   844   802
  761   845   763   803   804   762
  763   847   845   805   846   804
  763   847   765   805   806   764
  765   849   847   807   848   806
  765   849   767   807   808   766
  767   851   849   809   850   808
  767   851   769   809   810   768
  769   853   851   811   852   810
  769   853   771   811   812   770
  771   855   853   813   854   812
  771   855   773   813   814   772
  773   857   855   815   856   814
  773   857   775   815   816   774
  775   859   857   817   858   816
  775   859   777   817   818   776
  777   861   859   819   860   818
  777   861   779   819   820   778
  821   905   903   863   904   862
  821   905   823   863   864   822
  823   907   905   865   906   864
  823   907   825   865   866   824
  825   909   907   867   908   866
  825   909   827   867   868   826
  827   911   909   869   910   868
  827   911   829   869   870   828
  829   913   911   871   912   870
  829   913   831   871   872   830
  831   915   913   873   914   872
  831   915   833   873   874   832
  833   917   915   875   916   874
  833   917   835   875   876   834
  835   919   917   877   918   876
  835   919   837   877   878   836
  837   921   919   879   920   878
  837   921   839   879   880   838
  839   923   921   881   922   880
  839   923   841   881   882   840
  841   925   923   883   924   882
  841   925   843   883   884   842
  843   927   925   885   926   884
  843   927   845   885   886   844
  845   929   927   887   928   886
  845   929   847   887   888   846
  847   931   929   889   930   888
  847   931   849   889   890   848
  849   933   931   891   932   890
  849   933   851   891   892   850
  851   935   933   893   934   892
  851   935   853   893   894   852
  853   937   935   895   936   894
  853   937   855   895   896   854
  855   939   937   897   938   896
  855   939   857   897   898   856
  857   941   939   899   940   898
  857   941   859   899   900   858
  859   943   941   901   942   900
  859   943   861   901   902   860
  903   987   985   945   986   944
  903   987   905   945   946   904
  905   989   987   947   988   946
  905   989   907   947   948   906
  907   991   989   949   990   948
  907   991   909   949   950   908
  909   993   991   951   992   950
  909   993   911   951   952   910
  911   995   993   953   994   952
  911   995   913   953   954   912
  913   997   995   955   996   954
  913   997   915   955   956   914
  915   999   997   957   998   956
  915   999   917   957   958   916
  917  1001   999   959  1000   958
  917  1001   919   959   960   918
  919  1003  1001   961  1002   960
  919  1003   921   961   962   920
  921  1005  1003   963  1004   962
  921  1005   923   963   964   922
  923  1007  1005   965  1006   964
  923  1007   925   965   966   924
  925  1009  1007   967  1008   966
  925  1009   927   967   968   926
  927  1011  1009   969  1010   968
  927  1011   929   969   970   928
  929  1013  1011   971  1012   970
  929  1013   931   971   972   930
  931  1015  1013   973  1014   972
  931  1015   933   973   974   932
  933  1017  1015   975  1016   974
  933  1017   935   975   976   934
  935  1019  1017   977  1018   976
  935  1019   937   977   978   936
  937  1021  1019   979  1020   978
  937  1021   939   979   980   938
  939  1023  1021   981  1022   980
  939  1023   941   981   982   940
  941  1025  1023   983  1024   982
  941  1025   943   983   984   942
  985  1069  1067  1027  1068  1026
  985  1069   987  1027  1028   986
  987  1071  1069  1029  1070  1028
  987  1071   989  1029  1030   988
  989  1073  1071  1031  1072  1030
  989  1073   991  1031  1032   990
  991  1075  1073  1033  1074  1032
  991  1075   993  1033  1034   992
  993  1077  1075  1035  1076  1034
  993  1077   995  1035  1036   994
  995  1079  1077  1037  1078  1036
  995  1079   997  1037  1038   996
  997  1081  1079  1039  1080  1038
  997  1081   999  1039  1040   998
  999  1083  1081  1041  1082  1040
  999  1083  1001  1041  1042  1000
 1001  1085  1083  1043  1084  1042
 1001  1085  1003  1043  1044  1002
 1003  1087  1085  1045  1086  1044
 1003  1087  1005  1045  1046  1004
 1005  1089  1087  1047  1088  1046
 1005  1089  1007  1047  1048  1006
 1007  1091  1089  1049  1090  1048
 1007  1091  1009  1049  1050  1008
 1009  1093  1091  1051  1092  1050
 1009  1093  1011  1051  1052  1010
 1011  1095  1093  1053  1094  1052
 1011  1095  1013  1053  1054  1012
 1013  1097  1095  1055  1096  1054
 1013  1097  1015  1055  1056  1014
 1015  1099  1097  1057  1098  1056
 1015  1099  1017  1057  1058  1016
 1017  1101  1099  1059  1100  1058
 1017  1101  1019  1059  1060  1018
 1019  1103  1101  1061  1102  1060
 1019  1103  1021  1061  1062  1020
 1021  1105  1103  1063  1104  1062
 1021  1105  1023  1063  1064  1022
 1023  1107  1105  1065  1106  1064
 1023  1107  1025  1065  1066  1024
 1067  1151  1149  1109  1150  1108
 1067  1151  1069  1109  1110  1068
 1069  1153  1151  1111  1152  1110
 1069  1153  1071  1111  1112  1070
 1071  1155  1153  1113  1154  1112
 1071  1155  1073  1113  1114  1072
 1073  1157  1155  1115  1156  1114
 1073  1157  1075  1115  1116  1074
 1075  1159  1157  1117  1158  1116
 1075  1159  1077  1117  1118  1076
 1077  1161  1159  1119  1160  1118
 1077  1161  1079  1119  1120  1078
 1079  1163  1161  1121  1162  1120
 1079  1163  1081  1121  1122  1080
 1081  1165  1163  1123  1164  1122
 1081  1165  1083  1123  1124  1082
 1083  1167  1165  1125  1166  1124
 1083  1167  1085  1125  1126  1084
 1085  1169  1167  1127  1168  1126
 1085  1169  1087  1127  1128  1086
 1087  1171  1169  1129  1170  1128
 1087  1171  1089  1129  1130  1088
 1089  1173  1171  1131  1172  1130
 1089  1173  1091  1131  1132  1090
 1091  1175  1173  1133  1174  1132
 1091  1175  1093  1133  1134  1092
 1093  1177  1175  1135  1176  1134
 1093  1177  1095  1135  1136  1094
 1095  1179  1177  1137  1178  1136
 1095  1179  1097  1137  1138  1096
 1097  1181  1179  1139  1180  1138
 1097  1181  1099  1139  1140  1098
 1099  1183  1181  1141  1182  1140
 1099  1183  1101  1141  1142  1100
 1101  1185  1183  1143  1184  1142
 1101  1185  1103  1143  1144  1102
 1103  1187  1185  1145  1186  1144
 1103  1187  1105  1145  1146  1104
 1105  1189  1187  1147  1188  1146
 1105  1189  1107  1147  1148  1106
 1149  1233  1231  1191  1232  1190
 1149  1233  1151  1191  1192  1150
 1151  1235  1233  1193  1234  1192
 1151  1235  1153  1193  1194  1152
 1153  1237  1235  1195  1236  1194
 1153  1237  1155  1195  1196  1154
 1155  1239  1237  1197  1238  1196
 1155  1239  1157  1197  1198  1156
 1157  1241  1239  1199  1240  1198
 1157  1241  1159  1199  1200  1158
 1159  1243  1241  1201  1242  1200
 1159  1243  1161  1201  1202  1160
 1161  1245  1243  1203  1244  1202
 1161  1245  1163  1203  1204  1162
 1163  1247  1245  1205  1246  1204
 1163  1247  1165  1205  1206  1164
 1165  1249  1247  1207  1248  1206
 1165  1249  1167  1207  1208  1166
 1167  1251  1249  1209  1250  1208
 1167  1251  1169  1209  1210  1168
 1169  1253  1251  1211  1252  1210
 1169  1253  1171  1211  1212  1170
 1171  1255  1253  1213  1254  1212
 1171  1255  1173  1213  1214  1172
 1173  1257  1255  1215  1256  1214
 1173  1257  1175  1215  1216  1174
 1175  1259  1257  1217  1258  1216
 1175  1259  1177  1217  1218  1176
 1177  1261  1259  1219  1260  1218
 1177  1261  1179  1219  1220  1178
 1179  1263  1261  1221  1262  1220
 1179  1263  1181  1221  1222  1180
 1181  1265  1263  1223  1264  1222
 1181  1265  1183  1223  1224  1182
 1183  1267  1265  1225  1266  1224
 1183  1267  1185  1225  1226  1184
 1185  1269  1267  1227  1268  1226
 1185  1269  1187  1227  1228  1186
 1187  1271  1269  1229  1270  1228
 1187  1271  1189  1229  1230  1188
 1231  1315  1313  1273  1314  1272
 1231  1315  1233  1273  1274  1232
 1233  1317  1315  1275  1316  1274
 1233  1317  1235  1275  1276  1234
 1235  1319  1317  1277  1318  1276
 1235  1319  1237  1277  1278  1236
 1237  1321  1319  1279  1320  1278
 1237  1321  1239  1279  1280  1238
 1239  1323  1321  1281  1322  1280
 1239  1323  1241  1281  1282  1240
 1241  1325  1323  1283  1324  1282
 1241  1325  1243  1283  1284  1242
 1243  1327  1325  1285  1326  1284
 1243  1327  1245  1285  1286  1244
 1245  1329  1327  1287  1328  1286
 1245  1329  1247  1287  1288  1246
 1247  1331  1329  1289  1330  1288
 1247  1331  1249  1289  1290  1248
 1249  1333  1331  1291  1332  1290
 1249  1333  1251  1291  1292  1250
 1251  1335  1333  1293  1334  1292
 1251  1335  1253  1293  1294  1252
 1253  1337  1335  1295  1336  1294
 1253  1337  1255  1295  1296  1254
 1255  1339  1337  1297  1338  1296
 1255  1339  1257  1297  1298  1256
 1257  1341  1339  1299  1340  1298
 1257  1341  1259  1299  1300  1258
 1259  1343  1341  1301  1342  1300
 1259  1343  1261  1301  1302  1260
 1261  1345  1343  1303  1344  1302
 1261  1345  1263  1303  1304  1262
 1263  1347  1345  1305  1346  1304
 1263  1347  1265  1305  1306  1264
 1265  1349  1347  1307  1348  1306
 1265  1349  1267  1307  1308  1266
 1267  1351  1349  1309  1350  1308
 1267  1351  1269  1309  1310  1268
 1269  1353  1351  1311  1352  1310
 1269  1353  1271  1311  1312  1270
 1313  1397  1395  1355  1396  1354
 1313  1397  1315  1355  1356  1314
 1315  1399  1397  1357  1398  1356
 1315  1399  1317  1357  1358  1316
 1317  1401  1399  1359  1400  1358
 1317  1401  1319  1359  1360  1318
 1319  1403  1401  1361  1402  1360
 1319  1403  1321  1361  1362  1320
 1321  1405  1403  1363  1404  1362
 1321  1405  1323  1363  1364  1322
 1323  1407  1405  1365  1406  1364
 1323  1407  1325  1365  1366  1324
 1325  1409  1407  1367  1408  1366
 1325  1409  1327  1367  1368  1326
 1327  1411  1409  1369  1410  1368
 1327  1411  1329  1369  1370  1328
 1329  1413  1411  1371  1412  1370
 1329  1413  1331  1371  1372  1330
 1331  1415  1413  1373  1414  1372
 1331  1415  1333  1373  1374  1332
 1333  1417  1415  1375  1416  1374
 1333  1417  1335  1375  1376  1334
 1335  1419  1417  1377  1418  1376
 1335  1419  1337  1377  1378  1336
 1337  1421  1419  1379  1420  1378
 1337  1421  1339  1379  1380  1338
 1339  1423  1421  1381  1422  1380
 1339  1423  1341  1381  1382  1340
 1341  1425  1423  1383  1424  1382
 1341  1425  1343  1383  1384  1342
 1343  1427  1425  1385  1426  1384
 1343  1427  1345  1385  1386  1344
 1345  1429  1427  1387  1428  1386
 1345  1429  1347  1387  1388  1346
 1347  1431  1429  1389  1430  1388
 1347  1431  1349  1389  1390  1348
 1349  1433  1431  1391  1432  1390
 1349  1433  1351  1391  1392  1350
 1351  1435  1433  1393  1434  1392
 1351  1435  1353  1393  1394  1352
 1395  1479  1477  1437  1478  1436
 1395  1479  1397  1437  1438  1396
 1397  1481  1479  1439  1480  1438
 1397  1481  1399  1439  1440  1398
 1399  1483  1481  1441  1482  1440
 1399  1483  1401  1441  1442  1400
 1401  1485  1483  1443  1484  1442
 1401  1485  1403  1443  1444  1402
 1403  1487  1485  1445  1486  1444
 1403  1487  1405  1445  1446  1404
 1405  1489  1487  1447  1488  1446
 1405  1489  1407  1447  1448  1406
 1407  1491  1489  1449  1490  1448
 1407  1491  1409  1449  1450  1408
 1409  1493  1491  1451  1492  1450
 1409  1493  1411  1451  1452  1410
 1411  1495  1493  1453  1494  1452
 1411  1495  1413  1453  1454  1412
 1413  1497  1495  1455  1496  1454
 1413  1497  1415  1455  1456  1414
 1415  1499  1497  1457  1498  1456
 1415  1499  1417  1457  1458  1416
 1417  1501  1499  1459  1500  1458
 1417  1501  1419  1459  1460  1418
 1419  1503  1501  1461  1502  1460
 1419  1503  1421  1461  1462  1420
 1421  1505  1503  1463  1504  1462
 1421  1505  1423  1463  1464  1422
 1423  1507  1505  1465  1506  1464
 1423  1507  1425  1465  1466  1424
 1425  1509  1507  1467  1508  1466
 1425  1509  1427  1467  1468  1426
 1427  1511  1509  1469  1510  1468
 1427  1511  1429  1469  1470  1428
 1429  1513  1511  1471  1512  1470
 1429  1513  1431  1471  1472  1430
 1431  1515  1513  1473  1514  1472
 1431  1515  1433  1473  1474  1432
 1433  1517  1515  1475  1516  1474
 1433  1517  1435  1475  1476  1434
 1477  1561  1559  1519  1560  1518
 1477  1561  1479  1519  1520  1478
 1479  1563  1561  1521  1562  1520
 1479  1563  1481  1521  1522  1480
 1481  1565  1563  1523  1564  1522
 1481  1565  1483  1523  1524  1482
 1483  1567  1565  1525  1566  1524
 1483  1567  1485  1525  1526  1484
 1485  1569  1567  1527  1568  1526
 1485  1569  1487  1527  1528  1486
 1487  1571  1569  1529  1570  1528
 1487  1571  1489  1529  1530  1488
 1489  1573  1571  1531  1572  1530
 1489  1573  1491  1531  1532  1490
 1491  1575  1573  1533  1574  1532
 1491  1575  1493  1533  1534  1492
 1493  1577  1575  1535  1576  1534
 1493  1577  1495  1535  1536  1494
 1495  1579  1577  1537  1578  1536
 1495  1579  1497  1537  1538  1496
 1497  1581  1579  1539  1580  1538
 1497  1581  1499  1539  1540  1498
 1499  1583  1581  1541  1582  1540
 1499  1583  1501  1541  1542  1500
 1501  1585  1583  1543  1584  1542
 1501  1585  1503  1543  1544  1502
 1503  1587  1585  1545  1586  1544
 1503  1587  1505  1545  1546  1504
 1505  1589  1587  1547  1588  1546
 1505  1589  1507  1547  1548  1506
 1507  1591  1589  1549  1590  1548
 1507  1591  1509  1549  1550  1508
 1509  1593  1591  1551  1592  1550
 1509  1593  1511  1551  1552  1510
 1511  1595  1593  1553  1594  1552
 1511  1595  1513  1553  1554  1512
 1513  1597  1595  1555  1596  1554
 1513  1597  1515  1555  1556  1514
 1515  1599  1597  1557  1598  1556
 1515  1599  1517  1557  1558  1516
 1559  1643  1641  1601  1642  1600
 1559  1643  1561  1601  1602  1560
 1561  1645  1643  1603  1644  1602
 1561  1645  1563  1603  1604  1562
 1563  1647  1645  1605  1646  1604
 1563  1647  1565  1605  1606  1564
 1565  1649  1647  1607  1648  1606
 1565  1649  1567  1607  1608  1566
 1567  1651  1649  1609  1650  1608
 1567  1651  1569  1609  1610  1568
 1569  1653  1651  1611  1652  1610
 1569  1653  1571  1611  1612  1570
 1571  1655  1653  1613  1654  1612
 1571  1655  1573  1613  1614  1572
 1573  1657  1655  1615  1656  1614
 1573  1657  1575  1615  1616  1574
 1575  1659  1657  1617  1658  1616
 1575  1659  1577  1617  1618  1576
 1577  1661  1659  1619  1660  1618
 1577  1661  1579  1619  1620  1578
 1579  1663  1661  1621  1662  1620
 1579  1663  1581  1621  1622  1580
 1581  1665  1663  1623  1664  1622
 1581  1665  1583  1623  1624  1582
 1583  1667  1665  1625  1666  1624
 1583  1667  1585  1625  1626  1584
 1585  1669  1667  1627  1668  1626
 1585  1669  1587  1627  1628  1586
 1587  1671  1669  1629  1670  1628
 1587  1671  1589  1629  1630  1588
 1589  1673  1671  1631  1672  1630
 1589  1673  1591  1631  1632  1590
 1591  1675  1673  1633  1674  1632
 1591  1675  1593  1633  1634  1592
 1593  1677  1675  1635  1676  1634
 1593  1677  1595  1635  1636  1594
 1595  1679  1677  1637  1678  1636
 1595  1679  1597  1637  1638  1596
 1597  1681  1679  1639  1680  1638
 1597  1681  1599  1639  1640  1598
