  0
  0
  0
  0
  0
  0
  0
  0
  0
  0
  0
  0
  0
  0
  0
  0
  0
  0
  0
  0
  0
  0
  0
  0
  0
  0
  0
  0
  0
  0
  0
  0
  0
  0
  0
  0
  0
  0
  0
  0
  0
  0
  0
  0
  0
  0
  0
  0
  0
  0
  0
  0
  0
  0
  0
  0
  0
  0
  0
  0
  0
  0
  0
  0
  0
  0
  0
  0
  0
  0
  0
  0
  0
  0
  0
  0
  0
  0
  0
  0
  0
  0
  0
  0
  0
  0
  0
  0
  0
  0
  0
  0
  0
  0
  0
  0
  0
  0
  0
  0
  0
  0
  0
  0
  0
  0
  0
  0
  0
  0
  0
  0
  0
  0
  0
  0
  0
  0
  0
  0
  0
  0
  0
  0
  0
  0
  0
  0
  0
  0
  0
  0
  0
  0
  0
  0
  0
  0
  0
  0
  0
  0
  0
  0
  0
  0
  0
  0
  0
  0
  0
  0
  0
  0
  0
  0
  0
  0
  0
  0
  0
  0
  0
  0
  0
  0
  0
  0
  0
  0
  0
  0
  0
  0
  0
  0.0346337
  0.0934997
  0.0210625
  0.0129531
  0.0252218
  0.0117791
  0.0643424
  0.00985793
  0.0306117
  0.00730154
  0.0106891
  0.0209754
  0.0438958
  0.0615927
  0.144894
  0.0237085
  0.0497383
  0.0188744
  0.0087212
  0.0131764
  0.00592079
  0.00558249
  0.0052052
  0.0207622
  0.00637548
  0.0105696
  0.0361099
  0.0606674
  0.111296
  0.0298275
  0.044098
  0.103981
  0.0257052
  0.0170425
  0.00447711
  0.00509326
  0.0217342
  0.0131908
  0.055777
  0.0289635
  0.0111142
  0.0164493
  0.00360273
  0.00351649
  0.0250134
  0.00483594
  0.00598534
  0.0120969
  0.00960004
  0.0242914
  0.01173
  0.0174972
  0.0642249
  0.0130248
  0.00586737
  0.00362705
  0.0106314
  0.0401264
  0.100583
  0.00765362
  0.04832
  0.00739488
  0.0171521
  0.0148511
  0.00360911
  0.0469849
  0.0370308
  0.0757918
  0.0138682
  0.10011
  0.0188432
  0.0647905
  0.0406888
  0.0281763
  0.139567
  0.0306679
  0.00884381
  0.00621343
  0.00409774
  0.00302561
  0.0224035
  0.00745874
  0.0150757
  0.016184
  0.0393437
  0.0783214
  0.00323235
  0.00769677
  0.0144277
  0.00932786
  0.00251993
  0.00267045
  0.00631559
  0.0278659
  0.00486543
  0.0250572
  0.0650159
  0.00826891
  0.0613112
  0.0264997
  0.0110415
  0.0173117
  0.0457283
  0.00812998
  0.015283
  0.0243382
  0.0812387
  0.0342789
  0.0209713
  0.00641018
  0.00307799
  0.0500196
  0.00284742
  0.0336704
  0.0273789
  0.0113761
  0.0187955
  0.0220763
  0.0418587
  0.0202777
  0.0104661
  0.0152298
  0.0218816
  0.0138605
  0.0470001
  0.00278171
  0.0158025
  0.0525956
  0.100109
  0.147828
  0.0734408
  0.0315633
  0.00227436
  0.11351
  0.00361719
  0.00344522
  0.00332102
  0.00365601
  0.0201047
  0.0872066
  0.0528462
  0.00898705
  0.0145724
  0.133836
  0.106035
  0.00994765
  0.0058399
  0.0461764
  0.00465239
  0.0101133
  0.00619753
  0.0231125
  0.00641583
  0.00213108
  0.00251957
  0.0114707
  0.00685047
  0.0760935
  0.0302137
  0.0339112
  0.0300398
  0.01347
  0.00246625
  0.0331914
  0.00906436
  0.00443085
  0.025791
  0.0122937
  0.0220717
  0.0214563
  0.0043662
  0.011697
  0.015083
  0.0100038
  0.00683743
  0.00337328
  0.025095
  0.0350027
  0.0123937
  0.0017579
  0.00184095
  0.0199616
  0.0123671
  0.00527493
  0.0398446
  0.0416639
  0.0562021
  0.00175548
  0.0611796
  0.117319
  0.00658272
  0.00916126
  0.0500248
  0.0738501
  0.0259463
  0.0230714
  0.020525
  0.00749301
  0.0128364
  0.0104497
  0.00832411
  0.00488094
  0.00470065
  0.0282691
  0.0246346
  0.0189021
  0.0536438
  0.0808804
  0.0649223
  0.00358069
  0.0149606
  0.0119053
  0.00562079
  0.0381904
  0.00570473
  0.00415428
  0.028989
  0.0180249
  0.00174419
  0.00457597
  0.00241386
  0.00777783
  0.00847316
  0.00652852
  0.00176128
  0.00185725
  0.00718791
  0.05041
  0.00182471
  0.0110549
  0.0120599
  0.013459
  0.018962
  0.021489
  0.0168911
  0.0128126
  0.00924585
  0.0170158
  0.00307585
  0.0028175
  0.00176098
  0.00751221
  0.0319689
  0.00505665
  0.0316844
  0.0111856
  0.112277
  0.0139832
  0.0407037
  0.042105
  0.00922861
  0.00536821
  0.0146168
  0.0364168
  0.0234147
  0.0384295
  0.0733443
  0.00767257
  0.00877649
  0.00370739
  0.00698085
  0.0127319
  0.0221903
  0.00917066
  0.00165774
  0.0762904
  0.00189275
  0.0147336
  0.013929
  0.0362949
  0.049255
  0.0136346
  0.0291238
  0.0315728
  0.03905
  0.0354845
  0.0547257
  0.052967
  0.0317461
  0.00188552
  0.00649356
  0.0197823
  0.0173456
  0.0352729
  0.00155791
  0.0221299
  0.0203573
  0.00523757
  0.0122964
  0.00225257
  0.0486718
  0.00729969
  0.139922
  0.00771342
  0.00836746
  0.0305121
  0.029479
  0.00301633
  0.0369149
  0.0157529
  0.0186145
  0.0114005
  0.0286043
  0.00844516
  0.012668
  0.00139873
  0.0247803
  0.0146125
  0.0514716
  0.0105608
  0.0799295
  0.124253
  0.0652682
  0.0630795
  0.0533714
  0.0276543
  0.00829211
  0.0174117
  0.00206465
  0.0015982
  0.00538569
  0.00609579
  0.0386366
  0.0159418
  0.00677476
  0.021603
  0.152719
  0.124769
  0.116475
  0.013153
  0.00518429
  0.00396263
  0.00145515
  0.0976882
  0.116885
  0.0424414
  0.0689677
  0.00132992
  0.00126328
  0.00630949
  0.00438371
  0.00382822
  0.00433273
  0.0855283
  0.0396801
  0.0415953
  0.108963
  0.0137523
  0.0217327
  0.00722656
  0.00434144
  0.0154255
  0.0181111
  0.0100697
  0.00300806
  0.00954355
  0.0127565
  0.0287091
  0.00244379
  0.00262848
  0.0236809
  0.0190146
  0.0221443
  0.0516067
  0.0102528
  0.0153483
  0.0322504
  0.0175002
  0.00731299
  0.0161729
  0.00616327
  0.00614913
  0.0300823
  0.0156395
  0.00466851
  0.00154826
  0.00381983
  0.00415177
  0.0448354
  0.0481687
  0.0643839
  0.0896312
  0.0016335
  0.0172611
  0.0330542
  0.00715689
  0.0262653
  0.0043043
  0.0303466
  0.038404
  0.00684541
  0.0487619
  0.0459023
  0.0173731
  0.00318393
  0.0526626
  0.0202919
  0.0210001
  0.0656293
  0.00874565
  0.025492
  0.0350355
  0.036715
  0.0216724
  0.0113473
  0.00624679
  0.0166603
  0.0228429
  0.0448302
  0.0591909
  0.0774866
  0.062489
  0.0208129
  0.0136649
  0.0161573
  0.0333957
  0.0123375
  0.0300638
  0.0118749
  0.00136957
  0.00167359
  0.0235339
  0.00681923
  0.0364709
  0.00617688
  0.0157614
  0.0127907
  0.0206865
  0.0717316
  0.0727492
  0.0894111
  0.00417329
  0.0331257
  0.00334025
  0.0230794
  0.0316672
  0.0107571
  0.0211268
  0.0638716
  0.00963033
  0.00345975
  0.00450495
  0.0247714
  0.0230194
  0.016543
  0.00117326
  0.0550919
  0.00776756
  0.0236117
  0.0101251
  0.00688366
  0.00774758
  0.00951786
  0.0392313
  0.0842516
  0.00184939
  0.082678
  0.00631126
  0.00173687
  0.0180778
  0.00634889
  0.00185296
  0.145331
  0.0034001
  0.00400713
  0.0341793
  0.00488858
  0.0115437
  0.0447584
  0.0562182
  0.00858373
  0.00288231
  0.00269125
  0.00895847
  0.0104669
  0.00790956
  0.00782772
  0.00933226
  0.00442813
  0.0190468
  0.0223056
  0.0253885
  0.00462454
  0.00462988
  0.00401792
  0.00286574
  0.0252992
  0.00305518
  0.00976536
  0.0247895
  0.0625755
  0.00640324
  0.00275045
  0.0946276
  0.00765008
  0.0183943
  0.00135544
  0.0207685
  0.01531
  0.0199391
  0.0220719
  0.0264794
  0.0109373
  0.0445081
  0.0410257
  0.00499542
  0.00387714
  0.00300907
  0.0743135
  0.0795227
  0.00500666
  0.0262145
  0.0103248
  0.00576487
  0.017287
  0.0157012
  0.0814457
  0.0251074
  0.026473
  0.0325222
  0.0368452
  0.0124634
  0.00121181
  0.00912644
  0.0272422
  0.0237647
  0.0263568
  0.00555269
  0.00620972
  0.0142297
  0.0151276
  0.00474156
  0.0292044
  0.0067378
  0.0132836
  0.0168717
  0.0138228
  0.00342469
  0.00856376
  0.00905828
  0.0550784
  0.0127528
  0.00670211
  0.0115872
  0.0472255
  0.0414602
  0.0483964
  0.0167387
  0.0578306
  0.0286763
  0.00317425
  0.000954224
  0.0110199
  0.00588006
  0.00168199
  0.00548849
  0.00133257
  0.00249017
  0.0430256
  0.131118
  0.131539
  0.00141166
  0.00381504
  0.00615463
  0.00772777
  0.00118276
  0.00804707
  0.013047
  0.0605554
  0.0040633
  0.00415507
  0.0107696
  0.0167759
  0.0235411
  0.0442577
  0.00220598
  0.0897121
  0.00243665
  0.00857573
  0.00564619
  0.0946363
  0.11913
  0.00211167
  0.0299897
  0.0903938
  0.013502
  0.0715753
  0.0636252
  0.0353755
  0.014014
  0.00407575
  0.00435729
  0.00642657
  0.00511881
  0.00593597
  0.00449978
  0.0281889
  0.00300975
  0.0111185
  0.00896144
  0.0115492
  0.0148732
  0.00916204
  0.00649291
  0.000935771
  0.00105477
  0.122715
  0.00317554
  0.00301176
  0.00330619
  0.0039811
  0.00501972
  0.00110623
  0.0010268
  0.0352214
  0.0188394
  0.0227421
  0.0063227
  0.0195426
  0.0165091
  0.0134387
  0.0103193
  0.0080317
  0.130058
  0.00229201
  0.0206869
  0.00230753
  0.0282915
  0.0128992
  0.00944374
  0.0329489
  0.0271465
  0.0986041
  0.0738441
  0.0221749
  0.102491
  0.0483871
  0.0589826
  0.00164785
  0.0852102
  0.0299254
  0.0508255
  0.0103674
  0.0327339
  0.0558479
  0.0565618
  0.0899853
  0.0935452
  0.102752
  0.118976
  0.143901
  0.00882966
  0.0418526
  0.036585
  0.0299238
  0.0163196
  0.00791534
  0.0211616
  0.00558798
  0.00993766
  0.00145043
  0.0104678
  0.00993116
  0.0557907
  0.0490609
  0.14097
  0.00204022
  0.0566406
  0.00257193
  0.00996765
  0.00133909
  0.0940124
  0.0488359
  0.00087131
  0.0228533
  0.0291636
  0.0328929
  0.0479432
  0.00686436
  0.017607
  0.00594677
  0.0085361
  0.153297
  0.00304695
  0.0279489
  0.0124645
  0.00260003
  0.00236867
  0.00229452
  0.059744
  0.121688
  0.00520749
  0.0118974
  0.00962488
  0.000943718
  0.0387268
  0.0308908
  0.012393
  0.0104759
  0.00492382
  0.0169232
  0.0139486
  0.0113557
  0.00928933
  0.00871385
  0.0107465
  0.0457271
  0.00342726
  0.0143981
  0.00247626
  0.00761056
  0.0132208
  0.00109095
  0.00211972
  0.00119531
  0.00413293
  0.002608
  0.00359083
  0.00266844
  0.00430499
  0.0113973
  0.0187104
  0.000937085
  0.038957
  0.00643413
  0.0049925
  0.00109477
  0.00125678
  0.1118
  0.0370417
  0.0747623
  0.014422
  0.00841497
  0.103157
  0.00971641
  0.0196993
  0.0331315
  0.00726645
  0.00767833
  0.0187463
  0.00126563
  0.0481109
  0.0329808
  0.02741
  0.0317698
  0.0325989
  0.0392272
  0.016624
  0.0145143
  0.00481248
  0.01811
  0.0155245
  0.0137835
  0.0285262
  0.013148
  0.00673609
  0.0219815
  0.0676293
  0.00637867
  0.0103731
  0.0182461
  0.0224543
  0.00599616
  0.00171488
  0.00494082
  0.0190662
  0.0196671
  0.0148939
  0.0274651
  0.037009
  0.0408563
  0.0106715
  0.000922492
  0.0188161
  0.0234604
  0.0114218
  0.039863
  0.127264
  0.0221
  0.0365417
  0.00338126
  0.0107635
  0.0224024
  0.0115702
  0.0117384
  0.0400054
  0.00594904
  0.0576079
  0.0189841
  0.0199754
  0.0243619
  0.0261236
  0.0278337
  0.00569301
  0.0255789
  0.0157599
  0.0141837
  0.000873888
  0.0140519
  0.00697698
  0.00342753
  0.00480124
  0.0641752
  0.0146234
  0.155132
  0.0114943
  0.0161534
  0.0169623
  0.000920472
  0.0032525
  0.0866446
  0.134092
  0.0159456
  0.00189564
  0.0115658
  0.00326525
  0.00754922
  0.00492845
  0.0257703
  0.00254998
  0.00641409
  0.00565128
  0.00414999
  0.0153939
  0.0427684
  0.0364596
  0.0374154
  0.0208
  0.0540661
  0.0663096
  0.0411319
  0.0563302
  0.00793262
  0.00564884
  0.00522068
  0.0210251
  0.0160047
  0.0174937
  0.033237
  0.00142025
  0.00121259
  0.0711122
  0.00536059
  0.00738423
  0.0602834
  0.0132305
  0.0450251
  0.00394722
  0.0039523
  0.0234039
  0.0258195
  0.0287757
  0.0762578
  0.0837531
  0.0676167
  0.0199486
  0.0365747
  0.0341808
  0.0210068
  0.024391
  0.00813241
  0.0077338
  0.0272227
  0.0131835
  0.0743057
  0.0524789
  0.0306887
  0.0177165
  0.00781456
  0.0023474
  0.0103011
  0.012545
  0.0617158
  0.00256382
  0.00970486
  0.00815139
  0.00706368
  0.00997865
  0.00427035
  0.00213046
  0.00113788
  0.0436185
  0.0398163
  0.00232062
  0.0184201
  0.0477605
  0.00220782
  0.00429165
  0.00274369
  0.00280262
  0.0228365
  0.10448
  0.000889047
  0.0286779
  0.024771
  0.00290088
  0.0422475
  0.0724206
  0.00905409
  0.042962
  0.00898379
  0.00520394
  0.0491571
  0.0295488
  0.00680489
  0.00428374
  0.00338732
  0.0114915
  0.00417503
  0.0242656
  0.0125141
  0.00733259
  0.0916254
  0.0140279
  0.0723015
  0.0201742
  0.0371012
  0.0350949
  0.0101822
  0.00156042
  0.0161933
  0.0132586
  0.0392585
  0.0835923
  0.0136742
  0.0270212
  0.0150736
  0.0130714
  0.0530003
  0.0410214
  0.00134331
  0.0024476
  0.00227206
  0.000883489
  0.00462221
  0.010898
  0.00677819
  0.0883842
  0.0196542
  0.0201097
  0.000734122
  0.014203
  0.0379136
  0.00759623
  0.000930412
  0.0142718
  0.000892574
  0.0206395
  0.0154465
  0.106971
  0.0274891
  0.00229339
  0.00673098
  0.0466792
  0.0151117
  0.018345
  0.0340853
  0.00203791
  0.00173841
  0.000721892
  0.0272045
  0.0446835
  0.0511107
  0.00102887
  0.0131912
  0.0038177
  0.00919563
  0.00543188
  0.0105365
  0.0154043
  0.0122945
  0.029802
  0.0102413
  0.00988
  0.000770043
  0.012322
  0.0801725
  0.034678
  0.0221243
  0.0634164
  0.0738693
  0.00325291
  0.016832
  0.0108865
  0.00953559
  0.0040125
  0.0064977
  0.00778898
  0.043057
  0.0193639
  0.0185448
  0.0202384
  0.023155
  0.0232321
  0.040693
  0.00802568
  0.0337873
  0.0296772
  0.00185593
  0.0021998
  0.00628405
  0.00435018
  0.00347749
  0.0314558
  0.0189079
  0.017127
  0.00350727
  0.00703606
  0.008117
  0.0167442
  0.00284266
  0.023452
  0.00244738
  0.0105071
  0.0363506
  0.00801633
  0.00607951
  0.0151157
  0.0263132
  0.00245932
  0.0307814
  0.0255457
  0.0219722
  0.0107724
  0.0115427
  0.132418
  0.114349
  0.032339
  0.00388049
  0.027766
  0.0294027
  0.03176
  0.0234917
  0.00216244
  0.000920887
  0.0260589
  0.01543
  0.0130314
  0.0220591
  0.040222
  0.0447514
  0.0443527
  0.00559313
  0.0112357
  0.0229638
  0.0511074
  0.0136079
  0.0934158
  0.0151078
  0.0528408
  0.0112676
  0.0599805
  0.0121619
  0.0158866
  0.0213322
  0.00577637
  0.0496937
  0.0562233
  0.0500499
  0.0369618
  0.000800539
  0.00792537
  0.00501988
  0.0861654
  0.0200078
  0.0165189
  0.0165813
  0.0192846
  0.0197448
  0.016456
  0.0108088
  0.00882465
  0.00785391
  0.0103148
  0.00637994
  0.0100042
  0.0265263
  0.00369561
  0.031817
  0.0136549
  0.00185425
  0.00213947
  0.00606285
  0.00343377
  0.0109099
  0.0108361
  0.00894026
  0.0290383
  0.0107375
  0.0652382
  0.000760723
  0.0252173
  0.0356444
  0.0144379
  0.0440047
  0.0601718
  0.0300192
  0.00551078
  0.00258987
  0.0548535
  0.0372441
  0.0128597
  0.00688181
  0.0165985
  0.00210071
  0.0516871
  0.0509269
  0.0807586
  0.0089681
  0.0162421
  0.00358416
  0.012807
  0.0191796
  0.00785681
  0.0296432
  0.0171131
  0.0206577
  0.0325675
  0.00406433
  0.0146694
  0.0442657
  0.0726939
  0.00273117
  0.0350953
  0.0378914
  0.058592
  0.00675043
  0.00784733
  0.000996547
  0.00108704
  0.0588814
  0.00213915
  0.00481397
  0.00216521
  0.0160241
  0.015629
  0.0327758
  0.0265304
  0.00252985
  0.00636769
  0.0234463
  0.0849382
  0.00896851
  0.0032164
  0.0228605
  0.0130582
  0.00566494
  0.00505602
  0.00436872
  0.0150067
  0.00100674
  0.0605518
  0.0160776
  0.0143229
  0.00104624
  0.0070879
  0.0367426
  0.00861919
  0.100132
  0.0358064
  0.0564169
  0.0036153
  0.0297498
  0.065758
  0.0339922
  0.0168002
  0.0283638
  0.0279302
  0.00200262
  0.00176337
  0.130614
  0.0236118
  0.0484173
  0.00764357
  0.00887801
  0.0070604
  0.00652167
  0.0252209
  0.0285219
  0.0234701
  0.0259356
  0.024322
  0.0224724
  0.0356117
  0.0377652
  0.0422061
  0.00915996
  0.00735678
  0.00910847
  0.0260171
  0.030604
  0.0273638
  0.0010039
  0.0023654
  0.0080761
  0.006042
  0.00721277
  0.0104587
  0.0695729
  0.0295565
  0.143021
  0.14655
  0.0931453
  0.113542
  0.022098
  0.0188745
  0.00541016
  0.0188991
  0.0118817
  0.0165601
  0.00871999
  0.0152998
  0.023327
  0.0140285
  0.0123285
  0.0147247
  0.0131126
  0.0125893
  0.0103243
  0.00888202
  0.00762948
  0.0131512
  0.00229692
  0.00103419
  0.053498
  0.0357033
  0.0266247
  0.0183179
  0.0426974
  0.0132915
  0.00350212
  0.02783
  0.0307906
  0.0125127
  0.00644884
  0.0232877
  0.00399691
  0.00514036
  0.0051907
  0.0188751
  0.052571
  0.0538902
  0.00560807
  0.000912517
  0.00759649
  0.0074971
  0.00949731
  0.00276573
  0.0136738
  0.0382589
  0.113924
  0.0124799
  0.00211174
  0.00069331
  0.0037816
  0.0038538
  0.00306892
  0.0312182
  0.0262053
  0.0121274
  0.0109784
  0.037169
  0.00252831
  0.00928078
  0.0116676
  0.00713412
  0.000949662
  0.000636847
  0.0143231
  0.0172223
  0.00735675
  0.00860383
  0.0121013
  0.0450932
  0.0426299
  0.0129013
  0.00127142
  0.00139589
  0.00431995
  0.024941
  0.0218315
  0.00939361
  0.00988561
  0.00618673
  0.000860022
  0.0053795
  0.02803
  0.127458
  0.0193026
  0.0149337
  0.00736401
  0.0136967
  0.0121371
  0.059081
  0.0240097
  0.0566823
  0.0487247
  0.00216123
  0.0140973
  0.0392299
  0.0617102
  0.063561
  0.114624
  0.113225
  0.0047401
  0.00568288
  0.00486397
  0.00435591
  0.00825149
  0.0455332
  0.000754126
  0.0182459
  0.0728894
  0.0837783
  0.065364
  0.0658103
  0.00823149
  0.0293948
  0.00459167
  0.032491
  0.0571499
  0.0587095
  0.0165576
  0.0523661
  0.0170825
  0.0200294
  0.0377237
  0.00372046
  0.0133793
  0.00647738
  0.0100812
  0.00171222
  0.0125811
  0.0149626
  0.00444609
  0.00734052
  0.00219674
  0.0109252
  0.0197148
  0.020021
  0.0063385
  0.0853525
  0.0534173
  0.0135097
  0.00287766
  0.00166426
  0.00793581
  0.00570029
  0.0049465
  0.00203776
  0.001089
  0.128916
  0.104411
  0.114961
  0.0016099
  0.00330903
  0.137749
  0.0275081
  0.00089526
  0.131781
  0.00907433
  0.108167
  0.104131
  0.0844671
  0.150272
  0.0484867
  0.0327286
  0.145343
  0.130799
  0.114685
  0.133
  0.0119086
  0.0230221
  0.031647
  0.0126588
  0.0117449
  0.034805
  0.0268752
  0.0190757
  0.0711458
  0.00475209
  0.006996
  0.0176204
  0.0179896
  0.00760172
  0.0243382
  0.0250475
  0.000610771
  0.010541
  0.0622182
  0.0457858
  0.0434395
  0.0051261
  0.00360601
  0.0172889
  0.0199627
  0.0937643
  0.000747015
  0.0761938
  0.00830962
  0.0949394
  0.0830787
  0.0040944
  0.000620502
  0.00199839
  0.000682066
  0.000653673
  0.00194182
  0.111686
  0.0271562
  0.00405433
  0.00363811
  0.000754967
  0.00679106
  0.00833339
  0.121535
  0.108307
  0.0975918
  0.00781747
  0.0364347
  0.00182389
  0.00672866
  0.00522556
  0.00464268
  0.0035356
  0.0458784
  0.0349427
  0.0276787
  0.0713199
  0.0189985
  0.0423959
  0.00879372
  0.0168912
  0.0168495
  0.0226982
  0.022679
  0.0347504
  0.0299465
  0.0126846
  0.0181826
  0.00100512
  0.0727127
  0.000868941
  0.00208036
  0.0162827
  0.00467747
  0.00374688
  0.00123829
  0.00403866
  0.015762
  0.0082202
  0.00161141
  0.00376675
  0.000892779
  0.00138342
  0.0304323
  0.00410645
  0.0141242
  0.0691557
  0.0161357
  0.00554937
  0.00126612
  0.00918655
  0.000658398
  0.00636579
  0.051879
  0.0180451
  0.00309235
  0.0100126
  0.00794839
  0.0116734
  0.00889119
  0.0156307
  0.0269357
  0.00729937
  0.00599637
  0.00158369
  0.0216154
  0.0149438
  0.0474769
  0.000959711
  0.000575592
  0.0422194
  0.0197758
  0.00304203
  0.00561779
  0.000939402
  0.00674816
  0.0142599
  0.0228527
  0.0447034
  0.0142226
  0.05607
  0.00533068
  0.00455047
  0.00328944
  0.00369308
  0.00441319
  0.0463725
  0.0178879
  0.0182094
  0.0267367
  0.00780044
  0.0116755
  0.0113876
  0.00240681
  0.0226159
  0.0591607
  0.00102603
  0.00782018
  0.0323106
  0.0260239
  0.0253616
  0.0519725
  0.00188925
  0.00628875
  0.00977479
  0.00954213
  0.004825
  0.0243695
  0.0329577
  0.0767549
  0.0865642
  0.00946449
  0.0400767
  0.0363245
  0.00854259
  0.0160381
  0.0108681
  0.0125463
  0.0157025
  0.0140542
  0.0175314
  0.0934052
  0.0113148
  0.00128609
  0.0138424
  0.0116418
  0.0240562
  0.0569349
  0.0182307
  0.00480981
  0.00451308
  0.00343928
  0.00550509
  0.00385634
  0.00529886
  0.00685012
  0.0028467
  0.0018511
  0.000626158
  0.0090664
  0.0259284
  0.00124028
  0.0180998
  0.00312975
  0.00323616
  0.00530524
  0.0514527
  0.00164362
  0.00173025
  0.00273115
  0.01824
  0.0132169
  0.0651994
  0.0188738
  0.0106004
  0.0427109
  0.0057599
  0.0312272
  0.0233134
  0.00954196
  0.0340317
  0.00684678
  0.0023729
  0.000772544
  0.000595063
  0.00472755
  0.0157594
  0.0194171
  0.000542689
  0.00251266
  0.003281
  0.00819761
  0.0060753
  0.00484012
  0.00156913
  0.152084
  0.0872517
  0.0925923
  0.0810028
  0.00304226
  0.00450043
  0.0449324
  0.0520217
  0.0734886
  0.0471312
  0.0424527
  0.0570997
  0.0440419
  0.0604935
  0.0173168
  0.0614472
  0.0186853
  0.0723932
  0.0583265
  0.0172098
  0.0394157
  0.0104539
  0.0104217
  0.00265608
  0.0100794
  0.00939586
  0.00410478
  0.00357764
  0.0698659
  0.0263057
  0.0347429
  0.00502487
  0.0205248
  0.0210602
  0.0359447
  0.0370077
  0.0036699
  0.0273328
  0.00105666
  0.00428486
  0.0104639
  0.00865796
  0.0659248
  0.0174024
  0.00947193
  0.0490892
  0.04594
  0.0335983
  0.0304708
  0.00202418
  0.00658922
  0.00684829
  0.00602442
  0.0572171
  0.00175809
  0.00138372
  0.0588042
  0.0540264
  0.0625262
  0.0309549
  0.0439714
  0.0430972
  0.0127836
  0.0165925
  0.0178647
  0.00146285
  0.0035098
  0.0205979
  0.00897726
  0.0320273
  0.022475
  0.0118631
  0.15194
  0.0112961
  0.01384
  0.029597
  0.0263315
  0.00232349
  0.0185968
  0.00498924
  0.014315
  0.00863601
  0.0167825
  0.132575
  0.0708839
  0.0627889
  0.0252003
  0.0222848
  0.0225452
  0.00309486
  0.00966992
  0.050876
  0.00764681
  0.00903477
  0.0609787
  0.0603554
  0.0700522
  0.0975446
  0.107978
  0.00716744
  0.0166015
  0.0489752
  0.00768116
  0.00625834
  0.00482931
  0.0384997
  0.010693
  0.0174875
  0.0378311
  0.0324508
  0.0154581
  0.00294255
  0.0124502
  0.0324237
  0.0292264
  0.0114069
  0.0279997
  0.0261583
  0.00547489
  0.0403741
  0.00102954
  0.0138851
  0.0143357
  0.0144805
  0.00193691
  0.0322639
  0.00241879
  0.0234363
  0.0240795
  0.0206008
  0.0224199
  0.0451674
  0.0202764
  0.00145593
  0.00230358
  0.0015973
  0.0224179
  0.0242326
  0.0216482
  0.00675455
  0.0110613
  0.00821328
  0.0205577
  0.0212132
  0.0226594
  0.00992989
  0.0849589
  0.0743749
  0.0705633
  0.134054
  0.00391025
  0.00530031
  0.00165711
  0.00148868
  0.0190108
  0.00778418
  0.0296172
  0.0108302
  0.00339633
  0.0170518
  0.00233417
  0.0117499
  0.075087
  0.0760414
  0.0342819
  0.00206182
  0.00581489
  0.0331044
  0.033881
  0.011728
  0.00956409
  0.0281942
  0.00590697
  0.0356613
  0.0203011
  0.0095611
  0.00968133
  0.0108953
  0.0115619
  0.0213239
  0.0152587
  0.00601308
  0.00756029
  0.00732443
  0.013691
  0.0142061
  0.000590216
  0.0312505
  0.00903199
  0.0223497
  0.146266
  0.133749
  0.00242796
  0.0419696
  0.0006485
  0.00706502
  0.01762
  0.00893091
  0.0106954
  0.00638445
  0.0041842
  0.00309142
  0.0182703
  0.0755965
  0.00404203
  0.00589224
  0.0047486
  0.00713511
  0.00117589
  0.051949
  0.0335166
  0.0691713
  0.0687684
  0.0056241
  0.0301083
  0.0744257
  0.00521839
  0.0152109
  0.0131936
  0.00465818
  0.00920133
  0.000470488
  0.000757115
  0.0794079
  0.0211599
  0.00800528
  0.0215225
  0.000853649
  0.00303786
  0.0105553
  0.0410588
  0.0166991
  0.00051667
  0.0117645
  0.00048885
  0.000572063
  0.00342867
  0.00210573
  0.0142164
  0.0168994
  0.019397
  0.0473842
  0.0165029
  0.00657823
  0.000561059
  0.100529
  0.00415011
  0.00319542
  0.0314272
  0.0219111
  0.0139652
  0.0355875
  0.00101179
  0.00300756
  0.0020141
  0.0721513
  0.00839102
  0.00344365
  0.0202295
  0.048699
  0.0436338
  0.00488073
  0.00531711
  0.0816148
  0.0374317
  0.0673122
  0.0431207
  0.0349005
  0.000764283
  0.028915
  0.00119697
  0.0384597
  0.0774733
  0.00402068
  0.0148389
  0.00909151
  0.00985034
  0.0103178
  0.0325462
  0.00207553
  0.007588
  0.00644475
  0.00672975
  0.00637108
  0.0079909
  0.0121163
  0.0563713
  0.0222942
  0.0558573
  0.0554164
  0.0603948
  0.0687447
  0.00806241
  0.0256229
  0.0158166
  0.0190537
  0.0197623
  0.00420068
  0.00531298
  0.101136
  0.0967016
  0.0649471
  0.0605089
  0.0109086
  0.0468281
  0.0127496
  0.0110304
  0.00172755
  0.0215991
  0.0524103
  0.0123878
  0.0260019
  0.0312395
  0.0177454
  0.0164375
  0.0428029
  0.0214839
  0.00671744
  0.00687605
  0.00674395
  0.00583122
  0.00446647
  0.0365409
  0.00546557
  0.00431518
  0.00240606
  0.0091344
  0.0563863
  0.0035607
  0.0138578
  0.0471662
  0.00318814
  0.00406354
  0.00345505
  0.0207942
  0.0192976
  0.00280931
  0.00083832
  0.000627383
  0.00147292
  0.00145601
  0.0669767
  0.0415847
  0.0410523
  0.00480377
  0.011355
  0.00982617
  0.0350026
  0.0122024
  0.0107364
  0.00843628
  0.0095825
  0.0101656
  0.0297008
  0.00464886
  0.00870161
  0.00640611
  0.0217366
  0.0204586
  0.0034023
  0.0028289
  0.00418783
  0.01077
  0.0111366
  0.00643713
  0.0334906
  0.000859373
  0.0712425
  0.00493958
  0.00556159
  0.0695441
  0.0394935
  0.00288093
  0.0309826
  0.0104096
  0.0178008
  0.039602
  0.00710681
  0.00605084
  0.0112116
  0.0589065
  0.0043061
  0.00316872
  0.00225142
  0.00483415
  0.00499369
  0.00492952
  0.00403473
  0.0644604
  0.00425905
  0.0045838
  0.0313692
  0.000677511
  0.0192158
  0.0413986
  0.0287986
  0.0234318
  0.0158514
  0.0224933
  0.0240355
  0.021768
  0.00627632
  0.00328013
  0.00235973
  0.00370648
  0.00173322
  0.00771853
  0.00921848
  0.00810115
  0.00984121
  0.0125465
  0.00160257
  0.00393458
  0.0180298
  0.0364222
  0.0176106
  0.0462125
  0.0190447
  0.0209096
  0.098953
  0.00214408
  0.0215905
  0.0269478
  0.0157867
  0.0146529
  0.144223
  0.0408866
  0.0200888
  0.00153322
  0.0142441
  0.0151103
  0.0199177
  0.00696617
  0.00545355
  0.00271387
  0.00260274
  0.00374549
  0.00488736
  0.0903287
  0.0848712
  0.0501266
  0.00319885
  0.00365451
  0.0181321
  0.000534941
  0.0204943
  0.0183525
  0.0144218
  0.00186013
  0.00224003
  0.013809
  0.0511448
  0.0245037
  0.0273336
  0.0236463
  0.0973237
  0.00146309
  0.0235877
  0.0264874
  0.0254401
  0.0101292
  0.00225857
  0.00692732
  0.00147801
  0.0219929
  0.00525296
  0.00400385
  0.0148075
  0.00759593
  0.00820212
  0.0110104
  0.0132409
  0.00885763
  0.0191504
  0.0181344
  0.0135927
  0.00512273
  0.0113739
  0.0104537
  0.00907854
  0.12015
  0.00797673
  0.00872339
  0.0250873
  0.00349795
  0.00648252
  0.00601254
  0.00439336
  0.0121215
  0.0288849
  0.0238262
  0.0204037
  0.0707974
  0.0475699
  0.000576655
  0.00118178
  0.00223931
  0.0021099
  0.00576346
  0.0402311
  0.00248615
  0.0041315
  0.00869269
  0.049319
  0.0113815
  0.00278358
  0.00550575
  0.0197877
  0.00298406
  0.000588921
  0.00818814
  0.00243981
  0.00222921
  0.0109377
  0.00452336
  0.00576698
  0.104303
  0.0814078
  0.0155574
  0.034009
  0.0138433
  0.0130417
  0.0178225
  0.0069618
  0.000501589
  0.00501487
  0.0794349
  0.000681976
  0.0124539
  0.0113292
  0.041132
  0.0436678
  0.0180225
  0.0174439
  0.0156734
  0.0222733
  0.00985034
  0.0266522
  0.000447358
  0.0147557
  0.0159042
  0.0286362
  0.0285703
  0.0254371
  0.0606988
  0.0686279
  0.00145028
  0.00210552
  0.0308849
  0.0442238
  0.00474368
  0.00242267
  0.00428771
  0.0353548
  0.0326669
  0.0181801
  0.0440475
  0.0787185
  0.0907359
  0.0128637
  0.000453753
  0.0153148
  0.0862221
  0.113958
  0.00122149
  0.00398268
  0.041588
  0.000567643
  0.000631011
  0.0296506
  0.0122037
  0.00932765
  0.0100788
  0.0257908
  0.0160008
  0.0297689
  0.00557125
  0.0185244
  0.0232479
  0.0267949
  0.0250584
  0.0198332
  0.0175175
  0.00838857
  0.00666728
  0.00634761
  0.00183369
  0.0120306
  0.0235804
  0.026736
  0.0041656
  0.156076
  0.00392004
  0.011627
  0.0102029
  0.0181472
  0.0173663
  0.0179982
  0.086794
  0.0841732
  0.0180407
  0.0193675
  0.00236233
  0.00293667
  0.00369025
  0.015484
  0.00316922
  0.00262682
  0.0510456
  0.000478884
  0.00778154
  0.0264421
  0.0310178
  0.0307683
  0.0049054
  0.00569714
  0.00480878
  0.0125623
  0.00583535
  0.0164581
  0.0276948
  0.024638
  0.0276798
  0.0380023
  0.0326792
  0.00741523
  0.0101393
  0.0402477
  0.00815712
  0.0316202
  0.00561297
  0.00903563
  0.0350145
  0.00664588
  0.00892502
  0.0240147
  0.0140449
  0.0971325
  0.00191886
  0.00286375
  0.116914
  0.0036615
  0.00750571
  0.00297267
  0.00180567
  0.0128558
  0.00645781
  0.00577501
  0.00711523
  0.0474215
  0.00995748
  0.0125096
  0.0377571
  0.000532111
  0.0500804
  0.0478386
  0.0180806
  0.00600386
  0.0123143
  0.0122248
  0.0333991
  0.077241
  0.00399631
  0.00674973
  0.0116505
  0.0223235
  0.00370603
  0.0192083
  0.00172861
  0.0300992
  0.00137411
  0.0761452
  0.012145
  0.00493059
  0.0044063
  0.0393441
  0.0171881
  0.0893133
  0.00437285
  0.0771857
  0.0537336
  0.031368
  0.0174878
  0.0014394
  0.0246546
  0.0788659
  0.0114399
  0.00307522
  0.00737399
  0.00629693
  0.0732664
  0.0257686
  0.010827
  0.00883454
  0.0293115
  0.027684
  0.0141276
  0.023933
  0.0362581
  0.0129572
  0.00157151
  0.0156128
  0.0159918
  0.0905976
  0.0126037
  0.0125426
  0.0142204
  0.0133833
  0.0143897
  0.0192037
  0.0870706
  0.10063
  0.0727291
  0.103852
  0.0979581
  0.00342753
  0.00973845
  0.0258203
  0.00542302
  0.00606647
  0.000945315
  0.0387325
  0.0191711
  0.0132355
  0.0249659
  0.014726
  0.00683697
  0.00733358
  0.000551137
  0.0188246
  0.00269919
  0.0267468
  0.00511662
  0.00620682
  0.0261942
  0.153938
  0.00779764
  0.0162155
  0.0161007
  0.0206555
  0.0109744
  0.116834
  0.0135863
  0.0107478
  0.0120502
  0.0309422
  0.027264
  0.0141876
  0.00587704
  0.00158801
  0.0387487
  0.0199022
  0.0751536
  0.00578077
  0.0456489
  0.0134071
  0.0148138
  0.055283
  0.00585996
  0.00971168
  0.00834875
  0.00864005
  0.0147024
  0.0214428
  0.0375574
  0.00963313
  0.00498246
  0.00627729
  0.00609547
  0.082784
  0.000462505
  0.00145073
  0.000587439
  0.00200817
  0.0118924
  0.0121413
  0.0137449
  0.0139794
  0.00527422
  0.00329594
  0.00900637
  0.00725424
  0.0479529
  0.0514225
  0.0150146
  0.0134873
  0.0154634
  0.015976
  0.00525488
  0.00152532
  0.0637147
  0.00904766
  0.00626415
  0.00262133
  0.000809608
  0.0322249
  0.0425256
  0.139717
  0.121943
  0.121672
  0.00298279
  0.00238456
  0.00350094
  0.00701297
  0.0108063
  0.00105787
  0.0424678
  0.0173381
  0.00698553
  0.0211725
  0.00625016
  0.026803
  0.0438169
  0.0535719
  0.0594971
  0.053386
  0.0145913
  0.000786106
  0.0186586
  0.0113319
  0.025035
  0.012705
  0.0449339
  0.00141904
  0.00145186
  0.00165481
  0.00161449
  0.00305243
  0.0543316
  0.0154387
  0.0401598
  0.0282121
  0.0138652
  0.104136
  0.0440271
  0.00391906
  0.00781197
  0.113448
  0.0862414
  0.0902071
  0.00915111
  0.0935839
  0.0124065
  0.0505933
  0.0312486
  0.00789753
  0.0116345
  0.00722351
  0.00786937
  0.00823771
  0.019748
  0.0656121
  0.054748
  0.048009
  0.0291136
  0.0299853
  0.0298529
  0.00472416
  0.00386545
  0.00903233
  0.010054
  0.0493437
  0.00615096
  0.0334527
  0.0059149
  0.00224202
  0.0085824
  0.00620168
  0.0284318
  0.0379668
  0.0328672
  0.0282856
  0.0235779
  0.0318081
  0.0030318
  0.00934035
  0.00880824
  0.115419
  0.0395734
  0.0443387
  0.000513144
  0.00465566
  0.0284312
  0.0109168
  0.0562448
  0.0118963
  0.0208287
  0.0236131
  0.0404077
  0.00218328
  0.0109139
  0.00212031
  0.0123364
  0.0147065
  0.00679521
  0.0300697
  0.0197664
  0.00738467
  0.00117248
  0.0203953
  0.00262208
  0.00943841
  0.00804556
  0.00905707
  0.00944056
  0.0142548
  0.0118161
  0.0133149
  0.00745402
  0.0222831
  0.0155975
  0.0820478
  0.091848
  0.0232682
  0.0199297
  0.00501351
  0.000411804
  0.0057805
  0.0266505
  0.0345111
  0.000406892
  0.102875
  0.00506741
  0.108231
  0.0635237
  0.00688023
  0.00419907
  0.00618501
  0.000988914
  0.100161
  0.0927093
  0.0827612
  0.00265219
  0.00535356
  0.104307
  0.106206
  0.0373821
  0.00385956
  0.0603486
  0.0555814
  0.0365051
  0.00767431
  0.00108341
  0.00883871
  0.0159011
  0.0472701
  0.0451492
  0.00422235
  0.00128291
  0.00132312
  0.0202472
  0.000602202
  0.130472
  0.00966132
  0.00937793
  0.00849666
  0.00847931
  0.00832074
  0.00129249
  0.035566
  0.0173895
  0.0040209
  0.0032028
  0.00312131
  0.00797291
  0.048273
  0.0607121
  0.0581511
  0.0534644
  0.0709292
  0.0567251
  0.0210761
  0.0384349
  0.0141258
  0.147527
  0.0597799
  0.00331206
  0.00628119
  0.00687871
  0.0100779
  0.00666497
  0.0241764
  0.0139605
  0.00356676
  0.00312496
  0.00297794
  0.0362965
  0.0335066
  0.0238538
  0.00229007
  0.00282852
  0.00332012
  0.00315781
  0.00434959
  0.00479464
  0.0527311
  0.113284
  0.0985221
  0.0634892
  0.00616644
  0.00424704
  0.0134293
  0.0150084
  0.00184296
  0.068299
  0.0403452
  0.000507334
  0.00388473
  0.0149975
  0.0179988
  0.0100688
  0.0121631
  0.000437606
  0.00521325
  0.037396
  0.0343798
  0.0043565
  0.019189
  0.00683513
  0.0230722
  0.000358912
  0.0251332
  0.0410721
  0.00192245
  0.0275351
  0.0263729
  0.0691591
  0.131128
  0.12239
  0.0181665
  0.0146168
  0.000447674
  0.0258178
  0.000522679
  0.024937
  0.00345824
  0.0059384
  0.0223588
  0.0783395
  0.0161923
  0.00239603
  0.00156789
  0.0164168
  0.0387536
  0.00788166
  0.0147056
  0.025845
  0.0394619
  0.0198577
  0.0428549
  0.000638948
  0.0151386
  0.00958239
  0.0327735
  0.044228
  0.104433
  0.0048506
  0.00629642
  0.00512537
  0.00377607
  0.00543057
  0.025779
  0.121521
  0.123318
  0.13545
  0.00111731
  0.00359183
  0.00652177
  0.0334963
  0.0147319
  0.00371495
  0.00870566
  0.0167261
  0.00175294
  0.00181145
  0.00130885
  0.00217612
  0.0107051
  0.00997232
  0.0092073
  0.018737
  0.0178551
  0.0241273
  0.0163798
  0.0529301
  0.00789202
  0.00927098
  0.00884715
  0.0328221
  0.0311553
  0.0336905
  0.0528904
  0.0231393
  0.0124464
  0.00254008
  0.00688889
  0.117665
  0.00895453
  0.0098825
  0.0559094
  0.000445439
  0.0202015
  0.0306782
  0.0181074
  0.141214
  0.0013297
  0.0116636
  0.0272884
  0.020659
  0.00350284
  0.00373965
  0.000455319
  0.00183272
  0.0097031
  0.00681107
  0.049811
  0.0615519
  0.0561565
  0.0509217
  0.0560449
  0.00173253
  0.00168207
  0.0305349
  0.0304646
  0.0267206
  0.0439326
  0.0104834
  0.00181535
  0.0517528
  0.0477425
  0.01648
  0.00541184
  0.00533211
  0.00183441
  0.00255231
  0.0222487
  0.0340481
  0.0344474
  0.0107098
  0.00195759
  0.00672277
  0.0373066
  0.015081
  0.000743461
  0.00342749
  0.0264967
  0.00288091
  0.00279019
  0.00219626
  0.0286419
  0.00326098
  0.0425562
  0.0399308
  0.0414526
  0.0311467
  0.00737358
  0.00055776
  0.00171871
  0.00592291
  0.00109466
  0.00486136
  0.0181459
  0.0122435
  0.00974607
  0.053047
  0.000686349
  0.0063491
  0.00569351
  0.00330171
  0.084469
  0.0725996
  0.0224805
  0.0216501
  0.0409292
  0.000541198
  0.00537778
  0.0061174
  0.0830461
  0.0133219
  0.00804252
  0.000623513
  0.0108988
  0.145536
  0.125791
  0.137619
  0.00534437
  0.00553668
  0.00595052
  0.0080014
  0.0288903
  0.0158057
  0.0164141
  0.0215058
  0.00314979
  0.00234882
  0.000993867
  0.000525043
  0.001315
  0.00611808
  0.00749399
  0.0117297
  0.0288522
  0.00215735
  0.0420764
  0.0392949
  0.000915301
  0.00141747
  0.00109833
  0.0371581
  0.0398196
  0.0460823
  0.00335589
  0.00873755
  0.0367647
  0.0130063
  0.0132651
  0.0138137
  0.00845038
  0.00847098
  0.0177486
  0.00299961
  0.0157483
  0.0180772
  0.0156426
  0.0221914
  0.00695259
  0.00380959
  0.0116167
  0.0152554
  0.00168141
  0.01043
  0.128607
  0.00292871
  0.0162363
  0.0150248
  0.000604041
  0.115293
  0.0290128
  0.00925116
  0.0103545
  0.00929244
  0.00798904
  0.0024122
  0.0117757
  0.0282937
  0.0344884
  0.00512576
  0.00585037
  0.00318473
  0.147584
  0.0100389
  0.0115638
  0.0146421
  0.0143306
  0.00414662
  0.122546
  0.133198
  0.138316
  0.0031759
  0.00149872
  0.101269
  0.0867385
  0.0912872
  0.121611
  0.00283254
  0.00750766
  0.00139411
  0.0133493
  0.0140351
  0.00302361
  0.00218058
  0.0323606
  0.00936764
  0.00132659
  0.00116758
  0.000470148
  0.00556487
  0.0299482
  0.00281622
  0.0709098
  0.0235473
  0.00273438
  0.00734794
  0.00536059
  0.00636068
  0.0179095
  0.0140341
  0.0124399
  0.0118307
  0.00463484
  0.0115475
  0.0124008
  0.136639
  0.12298
  0.00226338
  0.0244492
  0.00787409
  0.0167759
  0.00721743
  0.0801928
  0.0145343
  0.00582413
  0.0263353
  0.000463936
  0.00514458
  0.0362898
  0.00101947
  0.0355657
  0.0380739
  0.0127879
  0.00699427
  0.0247623
  0.0190011
  0.00346679
  0.0514941
  0.0479006
  0.0167082
  0.00465958
  0.0176254
  0.0124576
  0.0130058
  0.0298901
  0.00101606
  0.0199731
  0.0158436
  0.0372001
  0.00851167
  0.017766
  0.0163705
  0.0322065
  0.0272059
  0.026134
  0.0593585
  0.0147173
  0.0216982
  0.012194
  0.0110466
  0.015234
  0.00044442
  0.0140882
  0.020441
  0.0181381
  0.00146331
  0.0407214
  0.0149655
  0.00262815
  0.0403345
  0.0118034
  0.0542777
  0.0215752
  0.0280188
  0.0399574
  0.0101429
  0.089479
  0.0134657
  0.0420715
  0.0121051
  0.0172256
  0.0163148
  0.0179687
  0.0429571
  0.0467949
  0.00533025
  0.00733469
  0.00825493
  0.0233748
  0.00550557
  0.00157767
  0.0049608
  0.00367134
  0.0275544
  0.0114289
  0.000486234
  0.0173517
  0.0203783
  0.027363
  0.00705803
  0.0463699
  0.0292269
  0.0140005
  0.00988735
  0.010728
  0.00904352
  0.000381261
  0.00439155
  0.044738
  0.0176251
  0.00211825
  0.00293345
  0.00898191
  0.0337085
  0.0102582
  0.0124806
  0.0409386
  0.00423372
  0.0138855
  0.0128513
  0.0130702
  0.0177435
  0.00286231
  0.00419112
  0.00393648
  0.0276788
  0.0662262
  0.0281249
  0.00235431
  0.0344735
  0.0386697
  0.00951609
  0.0350948
  0.0270085
  0.0317666
  0.0379098
  0.0427721
  0.0358144
  0.0197972
  0.0150499
  0.0277809
  0.0328294
  0.030035
  0.0147203
  0.00455122
  0.0313879
  0.00746302
  0.00128298
  0.0646648
  0.028443
  0.0179733
  0.0197241
  0.00840901
  0.00257406
  0.0021253
  0.0197912
  0.0172968
  0.0153221
  0.0127968
  0.0217568
  0.0627547
  0.0322785
  0.123946
  0.109325
  0.0206355
  0.107666
  0.0972333
  0.0137524
  0.0153394
  0.0176027
  0.0161437
  0.00179017
  0.0052709
  0.0203041
  0.0615938
  0.0668338
  0.0098606
  0.00159386
  0.010539
  0.0679228
  0.0116433
  0.0555659
  0.00585504
  0.064076
  0.0093904
  0.0336157
  0.00123116
  0.110379
  0.0988651
  0.0963863
  0.00259236
  0.00285289
  0.0341898
  0.0182292
  0.0421362
  0.0053183
  0.0317788
  0.03442
  0.0337673
  0.149035
  0.00695796
  0.0600192
  0.0440827
  0.00993859
  0.00717364
  0.0546051
  0.0988641
  0.0223641
  0.0260408
  0.00801791
  0.0354525
  0.0380672
  0.00390123
  0.0151578
  0.00167607
  0.00154502
  0.00243681
