0
0
0
0
0
0
0
0
0
0
0
0
0
0
0
0
0
0
0
0
0
0
0
0
0
0
0
0
0
0
0
0
-0
0
0.00022912
0.000443459
0.000643015
0.000827789
0.000997782
0.00115299
0.00129342
0.00141907
0.00152993
0.00162601
0.00170732
0.00177383
0.00182557
0.00186253
0.0018847
0.00189209
0.0018847
0.00186253
0.00182557
0.00177383
0.00170732
0.00162601
0.00152993
0.00141907
0.00129342
0.00115299
0.000997782
0.000827789
0.000643015
0.000443459
0.00022912
-0
0
0.000443459
0.000858307
0.00124454
0.00160217
0.00193119
0.0022316
0.0025034
0.00274658
0.00296116
0.00314713
0.00330448
0.00343323
0.00353336
0.00360489
0.0036478
0.00366211
0.0036478
0.00360489
0.00353336
0.00343323
0.00330448
0.00314713
0.00296116
0.00274658
0.0025034
0.0022316
0.00193119
0.00160217
0.00124454
0.000858307
0.000443459
-0
0
0.000643015
0.00124454
0.00180459
0.00232315
0.00280023
0.00323582
0.00362992
0.00398254
0.00429368
0.00456333
0.0047915
0.00497818
0.00512338
0.00522709
0.00528932
0.00531006
0.00528932
0.00522709
0.00512338
0.00497818
0.0047915
0.00456333
0.00429368
0.00398254
0.00362992
0.00323582
0.00280023
0.00232315
0.00180459
0.00124454
0.000643015
-0
0
0.000827789
0.00160217
0.00232315
0.00299072
0.00360489
0.00416565
0.004673
0.00512695
0.0055275
0.00587463
0.00616837
0.00640869
0.00659561
0.00672913
0.00680923
0.00683594
0.00680923
0.00672913
0.00659561
0.00640869
0.00616837
0.00587463
0.0055275
0.00512695
0.004673
0.00416565
0.00360489
0.00299072
0.00232315
0.00160217
0.000827789
-0
0
0.000997782
0.00193119
0.00280023
0.00360489
0.00434518
0.0050211
0.00563264
0.00617981
0.00666261
0.00708103
0.00743508
0.00772476
0.00795007
0.008111
0.00820756
0.00823975
0.00820756
0.008111
0.00795007
0.00772476
0.00743508
0.00708103
0.00666261
0.00617981
0.00563264
0.0050211
0.00434518
0.00360489
0.00280023
0.00193119
0.000997782
-0
0
0.00115299
0.0022316
0.00323582
0.00416565
0.0050211
0.00580215
0.00650883
0.00714111
0.00769901
0.00818253
0.00859165
0.00892639
0.00918674
0.00937271
0.00948429
0.00952148
0.00948429
0.00937271
0.00918674
0.00892639
0.00859165
0.00818253
0.00769901
0.00714111
0.00650883
0.00580215
0.0050211
0.00416565
0.00323582
0.0022316
0.00115299
-0
0
0.00129342
0.0025034
0.00362992
0.004673
0.00563264
0.00650883
0.00730157
0.00801086
0.00863671
0.00917912
0.00963807
0.0100136
0.0103056
0.0105143
0.0106394
0.0106812
0.0106394
0.0105143
0.0103056
0.0100136
0.00963807
0.00917912
0.00863671
0.00801086
0.00730157
0.00650883
0.00563264
0.004673
0.00362992
0.0025034
0.00129342
-0
0
0.00141907
0.00274658
0.00398254
0.00512695
0.00617981
0.00714111
0.00801086
0.00878906
0.00947571
0.0100708
0.0105743
0.0109863
0.0113068
0.0115356
0.011673
0.0117187
0.011673
0.0115356
0.0113068
0.0109863
0.0105743
0.0100708
0.00947571
0.00878906
0.00801086
0.00714111
0.00617981
0.00512695
0.00398254
0.00274658
0.00141907
-0
0
0.00152993
0.00296116
0.00429368
0.0055275
0.00666261
0.00769901
0.00863671
0.00947571
0.010216
0.0108576
0.0114005
0.0118446
0.0121901
0.0124369
0.0125849
0.0126343
0.0125849
0.0124369
0.0121901
0.0118446
0.0114005
0.0108576
0.010216
0.00947571
0.00863671
0.00769901
0.00666261
0.0055275
0.00429368
0.00296116
0.00152993
-0
0
0.00162601
0.00314713
0.00456333
0.00587463
0.00708103
0.00818253
0.00917912
0.0100708
0.0108576
0.0115395
0.0121164
0.0125885
0.0129557
0.0132179
0.0133753
0.0134277
0.0133753
0.0132179
0.0129557
0.0125885
0.0121164
0.0115395
0.0108576
0.0100708
0.00917912
0.00818253
0.00708103
0.00587463
0.00456333
0.00314713
0.00162601
-0
0
0.00170732
0.00330448
0.0047915
0.00616837
0.00743508
0.00859165
0.00963807
0.0105743
0.0114005
0.0121164
0.0127223
0.0132179
0.0136034
0.0138788
0.014044
0.0140991
0.014044
0.0138788
0.0136034
0.0132179
0.0127223
0.0121164
0.0114005
0.0105743
0.00963807
0.00859165
0.00743508
0.00616837
0.0047915
0.00330448
0.00170732
-0
0
0.00177383
0.00343323
0.00497818
0.00640869
0.00772476
0.00892639
0.0100136
0.0109863
0.0118446
0.0125885
0.0132179
0.0137329
0.0141335
0.0144196
0.0145912
0.0146484
0.0145912
0.0144196
0.0141335
0.0137329
0.0132179
0.0125885
0.0118446
0.0109863
0.0100136
0.00892639
0.00772476
0.00640869
0.00497818
0.00343323
0.00177383
-0
0
0.00182557
0.00353336
0.00512338
0.00659561
0.00795007
0.00918674
0.0103056
0.0113068
0.0121901
0.0129557
0.0136034
0.0141335
0.0145457
0.0148401
0.0150168
0.0150757
0.0150168
0.0148401
0.0145457
0.0141335
0.0136034
0.0129557
0.0121901
0.0113068
0.0103056
0.00918674
0.00795007
0.00659561
0.00512338
0.00353336
0.00182557
-0
0
0.00186253
0.00360489
0.00522709
0.00672913
0.008111
0.00937271
0.0105143
0.0115356
0.0124369
0.0132179
0.0138788
0.0144196
0.0148401
0.0151405
0.0153208
0.0153809
0.0153208
0.0151405
0.0148401
0.0144196
0.0138788
0.0132179
0.0124369
0.0115356
0.0105143
0.00937271
0.008111
0.00672913
0.00522709
0.00360489
0.00186253
-0
0
0.0018847
0.0036478
0.00528932
0.00680923
0.00820756
0.00948429
0.0106394
0.011673
0.0125849
0.0133753
0.014044
0.0145912
0.0150168
0.0153208
0.0155032
0.015564
0.0155032
0.0153208
0.0150168
0.0145912
0.014044
0.0133753
0.0125849
0.011673
0.0106394
0.00948429
0.00820756
0.00680923
0.00528932
0.0036478
0.0018847
-0
0
0.00189209
0.00366211
0.00531006
0.00683594
0.00823975
0.00952148
0.0106812
0.0117187
0.0126343
0.0134277
0.0140991
0.0146484
0.0150757
0.0153809
0.015564
0.015625
0.015564
0.0153809
0.0150757
0.0146484
0.0140991
0.0134277
0.0126343
0.0117188
0.0106812
0.00952148
0.00823975
0.00683594
0.00531006
0.00366211
0.00189209
-0
0
0.0018847
0.0036478
0.00528932
0.00680923
0.00820756
0.00948429
0.0106394
0.011673
0.0125849
0.0133753
0.014044
0.0145912
0.0150168
0.0153208
0.0155032
0.015564
0.0155032
0.0153208
0.0150168
0.0145912
0.014044
0.0133753
0.0125849
0.011673
0.0106394
0.00948429
0.00820756
0.00680923
0.00528932
0.0036478
0.0018847
-0
0
0.00186253
0.00360489
0.00522709
0.00672913
0.008111
0.00937271
0.0105143
0.0115356
0.0124369
0.0132179
0.0138788
0.0144196
0.0148401
0.0151405
0.0153208
0.0153809
0.0153208
0.0151405
0.0148401
0.0144196
0.0138788
0.0132179
0.0124369
0.0115356
0.0105143
0.00937271
0.008111
0.00672913
0.00522709
0.00360489
0.00186253
-0
0
0.00182557
0.00353336
0.00512338
0.00659561
0.00795007
0.00918674
0.0103056
0.0113068
0.0121901
0.0129557
0.0136034
0.0141335
0.0145457
0.0148401
0.0150168
0.0150757
0.0150168
0.0148401
0.0145457
0.0141335
0.0136034
0.0129557
0.0121901
0.0113068
0.0103056
0.00918674
0.00795007
0.00659561
0.00512338
0.00353336
0.00182557
-0
0
0.00177383
0.00343323
0.00497818
0.00640869
0.00772476
0.00892639
0.0100136
0.0109863
0.0118446
0.0125885
0.0132179
0.0137329
0.0141335
0.0144196
0.0145912
0.0146484
0.0145912
0.0144196
0.0141335
0.0137329
0.0132179
0.0125885
0.0118446
0.0109863
0.0100136
0.00892639
0.00772476
0.00640869
0.00497818
0.00343323
0.00177383
-0
0
0.00170732
0.00330448
0.0047915
0.00616837
0.00743508
0.00859165
0.00963807
0.0105743
0.0114005
0.0121164
0.0127223
0.0132179
0.0136034
0.0138788
0.014044
0.0140991
0.014044
0.0138788
0.0136034
0.0132179
0.0127223
0.0121164
0.0114005
0.0105743
0.00963807
0.00859165
0.00743508
0.00616837
0.0047915
0.00330448
0.00170732
-0
0
0.00162601
0.00314713
0.00456333
0.00587463
0.00708103
0.00818253
0.00917912
0.0100708
0.0108576
0.0115395
0.0121164
0.0125885
0.0129557
0.0132179
0.0133753
0.0134277
0.0133753
0.0132179
0.0129557
0.0125885
0.0121164
0.0115395
0.0108576
0.0100708
0.00917912
0.00818253
0.00708103
0.00587463
0.00456333
0.00314713
0.00162601
-0
0
0.00152993
0.00296116
0.00429368
0.0055275
0.00666261
0.00769901
0.00863671
0.00947571
0.010216
0.0108576
0.0114005
0.0118446
0.0121901
0.0124369
0.0125849
0.0126343
0.0125849
0.0124369
0.0121901
0.0118446
0.0114005
0.0108576
0.010216
0.00947571
0.00863671
0.00769901
0.00666261
0.0055275
0.00429368
0.00296116
0.00152993
-0
0
0.00141907
0.00274658
0.00398254
0.00512695
0.00617981
0.00714111
0.00801086
0.00878906
0.00947571
0.0100708
0.0105743
0.0109863
0.0113068
0.0115356
0.011673
0.0117187
0.011673
0.0115356
0.0113068
0.0109863
0.0105743
0.0100708
0.00947571
0.00878906
0.00801086
0.00714111
0.00617981
0.00512695
0.00398254
0.00274658
0.00141907
-0
0
0.00129342
0.0025034
0.00362992
0.004673
0.00563264
0.00650883
0.00730157
0.00801086
0.00863671
0.00917912
0.00963807
0.0100136
0.0103056
0.0105143
0.0106394
0.0106812
0.0106394
0.0105143
0.0103056
0.0100136
0.00963807
0.00917912
0.00863671
0.00801086
0.00730157
0.00650883
0.00563264
0.004673
0.00362992
0.0025034
0.00129342
-0
0
0.00115299
0.0022316
0.00323582
0.00416565
0.0050211
0.00580215
0.00650883
0.00714111
0.00769901
0.00818253
0.00859165
0.00892639
0.00918674
0.00937271
0.00948429
0.00952148
0.00948429
0.00937271
0.00918674
0.00892639
0.00859165
0.00818253
0.00769901
0.00714111
0.00650883
0.00580215
0.0050211
0.00416565
0.00323582
0.0022316
0.00115299
-0
0
0.000997782
0.00193119
0.00280023
0.00360489
0.00434518
0.0050211
0.00563264
0.00617981
0.00666261
0.00708103
0.00743508
0.00772476
0.00795007
0.008111
0.00820756
0.00823975
0.00820756
0.008111
0.00795007
0.00772476
0.00743508
0.00708103
0.00666261
0.00617981
0.00563264
0.0050211
0.00434518
0.00360489
0.00280023
0.00193119
0.000997782
-0
0
0.000827789
0.00160217
0.00232315
0.00299072
0.00360489
0.00416565
0.004673
0.00512695
0.0055275
0.00587463
0.00616837
0.00640869
0.00659561
0.00672913
0.00680923
0.00683594
0.00680923
0.00672913
0.00659561
0.00640869
0.00616837
0.00587463
0.0055275
0.00512695
0.004673
0.00416565
0.00360489
0.00299072
0.00232315
0.00160217
0.000827789
-0
0
0.000643015
0.00124454
0.00180459
0.00232315
0.00280023
0.00323582
0.00362992
0.00398254
0.00429368
0.00456333
0.0047915
0.00497818
0.00512338
0.00522709
0.00528932
0.00531006
0.00528932
0.00522709
0.00512338
0.00497818
0.0047915
0.00456333
0.00429368
0.00398254
0.00362992
0.00323582
0.00280023
0.00232315
0.00180459
0.00124454
0.000643015
-0
0
0.000443459
0.000858307
0.00124454
0.00160217
0.00193119
0.0022316
0.0025034
0.00274658
0.00296116
0.00314713
0.00330448
0.00343323
0.00353336
0.00360489
0.0036478
0.00366211
0.0036478
0.00360489
0.00353336
0.00343323
0.00330448
0.00314713
0.00296116
0.00274658
0.0025034
0.0022316
0.00193119
0.00160217
0.00124454
0.000858307
0.000443459
-0
0
0.00022912
0.000443459
0.000643015
0.000827789
0.000997782
0.00115299
0.00129342
0.00141907
0.00152993
0.00162601
0.00170732
0.00177383
0.00182557
0.00186253
0.0018847
0.00189209
0.0018847
0.00186253
0.00182557
0.00177383
0.00170732
0.00162601
0.00152993
0.00141907
0.00129342
0.00115299
0.000997782
0.000827789
0.000643015
0.000443459
0.00022912
-0
-0
-0
-0
-0
-0
-0
-0
-0
-0
-0
-0
-0
-0
-0
-0
-0
-0
-0
-0
-0
-0
-0
-0
-0
-0
-0
-0
-0
-0
-0
-0
-0
0
