0
0
0
0
0
0
0
0
0
0
0
0
0
0
0
0
0
0
0
0
0
0
0
0
0
0
0
0
0
0
0
0
-0
0
0.000458241
0.000886917
0.00128603
0.00165558
0.00199556
0.00230598
0.00258684
0.00283813
0.00305986
0.00325203
0.00341463
0.00354767
0.00365114
0.00372505
0.0037694
0.00378418
0.0037694
0.00372505
0.00365114
0.00354767
0.00341463
0.00325203
0.00305986
0.00283813
0.00258684
0.00230598
0.00199556
0.00165558
0.00128603
0.000886917
0.000458241
-0
0
0.000886917
0.00171661
0.00248909
0.00320435
0.00386238
0.0044632
0.00500679
0.00549316
0.00592232
0.00629425
0.00660896
0.00686646
0.00706673
0.00720978
0.00729561
0.00732422
0.00729561
0.00720978
0.00706673
0.00686646
0.00660896
0.00629425
0.00592232
0.00549316
0.00500679
0.0044632
0.00386238
0.00320435
0.00248909
0.00171661
0.000886917
-0
0
0.00128603
0.00248909
0.00360918
0.0046463
0.00560045
0.00647163
0.00725985
0.00796509
0.00858736
0.00912666
0.009583
0.00995636
0.0102468
0.0104542
0.0105786
0.0106201
0.0105786
0.0104542
0.0102468
0.00995636
0.009583
0.00912666
0.00858736
0.00796509
0.00725985
0.00647163
0.00560045
0.0046463
0.00360918
0.00248909
0.00128603
-0
0
0.00165558
0.00320435
0.0046463
0.00598145
0.00720978
0.0083313
0.00934601
0.0102539
0.011055
0.0117493
0.0123367
0.0128174
0.0131912
0.0134583
0.0136185
0.0136719
0.0136185
0.0134583
0.0131912
0.0128174
0.0123367
0.0117493
0.011055
0.0102539
0.00934601
0.0083313
0.00720978
0.00598145
0.0046463
0.00320435
0.00165558
-0
0
0.00199556
0.00386238
0.00560045
0.00720978
0.00869036
0.0100422
0.0112653
0.0123596
0.0133252
0.0141621
0.0148702
0.0154495
0.0159001
0.016222
0.0164151
0.0164795
0.0164151
0.016222
0.0159001
0.0154495
0.0148702
0.0141621
0.0133252
0.0123596
0.0112653
0.0100422
0.00869036
0.00720978
0.00560045
0.00386238
0.00199556
-0
0
0.00230598
0.0044632
0.00647163
0.0083313
0.0100422
0.0116043
0.0130177
0.0142822
0.015398
0.0163651
0.0171833
0.0178528
0.0183735
0.0187454
0.0189686
0.019043
0.0189686
0.0187454
0.0183735
0.0178528
0.0171833
0.0163651
0.015398
0.0142822
0.0130177
0.0116043
0.0100422
0.0083313
0.00647163
0.0044632
0.00230598
-0
0
0.00258684
0.00500679
0.00725985
0.00934601
0.0112653
0.0130177
0.0146031
0.0160217
0.0172734
0.0183582
0.0192761
0.0200272
0.0206113
0.0210285
0.0212789
0.0213623
0.0212789
0.0210285
0.0206113
0.0200272
0.0192761
0.0183582
0.0172734
0.0160217
0.0146031
0.0130177
0.0112653
0.00934601
0.00725985
0.00500679
0.00258684
-0
0
0.00283813
0.00549316
0.00796509
0.0102539
0.0123596
0.0142822
0.0160217
0.0175781
0.0189514
0.0201416
0.0211487
0.0219727
0.0226135
0.0230713
0.0233459
0.0234375
0.0233459
0.0230713
0.0226135
0.0219727
0.0211487
0.0201416
0.0189514
0.0175781
0.0160217
0.0142822
0.0123596
0.0102539
0.00796509
0.00549316
0.00283813
-0
0
0.00305986
0.00592232
0.00858736
0.011055
0.0133252
0.015398
0.0172734
0.0189514
0.020432
0.0217152
0.0228009
0.0236893
0.0243802
0.0248737
0.0251698
0.0252686
0.0251698
0.0248737
0.0243802
0.0236893
0.0228009
0.0217152
0.020432
0.0189514
0.0172734
0.015398
0.0133252
0.011055
0.00858736
0.00592232
0.00305986
-0
0
0.00325203
0.00629425
0.00912666
0.0117493
0.0141621
0.0163651
0.0183582
0.0201416
0.0217152
0.0230789
0.0242329
0.025177
0.0259113
0.0264359
0.0267506
0.0268555
0.0267506
0.0264359
0.0259113
0.025177
0.0242329
0.0230789
0.0217152
0.0201416
0.0183582
0.0163651
0.0141621
0.0117493
0.00912666
0.00629425
0.00325203
-0
0
0.00341463
0.00660896
0.009583
0.0123367
0.0148702
0.0171833
0.0192761
0.0211487
0.0228009
0.0242329
0.0254445
0.0264359
0.0272069
0.0277576
0.0280881
0.0281982
0.0280881
0.0277576
0.0272069
0.0264359
0.0254445
0.0242329
0.0228009
0.0211487
0.0192761
0.0171833
0.0148702
0.0123367
0.009583
0.00660896
0.00341463
-0
0
0.00354767
0.00686646
0.00995636
0.0128174
0.0154495
0.0178528
0.0200272
0.0219727
0.0236893
0.025177
0.0264359
0.0274658
0.0282669
0.0288391
0.0291824
0.0292969
0.0291824
0.0288391
0.0282669
0.0274658
0.0264359
0.025177
0.0236893
0.0219727
0.0200272
0.0178528
0.0154495
0.0128174
0.00995636
0.00686646
0.00354767
-0
0
0.00365114
0.00706673
0.0102468
0.0131912
0.0159001
0.0183735
0.0206113
0.0226135
0.0243802
0.0259113
0.0272069
0.0282669
0.0290914
0.0296803
0.0300336
0.0301514
0.0300336
0.0296803
0.0290914
0.0282669
0.0272069
0.0259113
0.0243802
0.0226135
0.0206113
0.0183735
0.0159001
0.0131912
0.0102468
0.00706673
0.00365114
-0
0
0.00372505
0.00720978
0.0104542
0.0134583
0.016222
0.0187454
0.0210285
0.0230713
0.0248737
0.0264359
0.0277576
0.0288391
0.0296803
0.0302811
0.0306416
0.0307617
0.0306416
0.0302811
0.0296803
0.0288391
0.0277576
0.0264359
0.0248737
0.0230713
0.0210285
0.0187454
0.016222
0.0134583
0.0104542
0.00720978
0.00372505
-0
0
0.0037694
0.00729561
0.0105786
0.0136185
0.0164151
0.0189686
0.0212789
0.0233459
0.0251698
0.0267506
0.0280881
0.0291824
0.0300336
0.0306416
0.0310063
0.0311279
0.0310063
0.0306416
0.0300336
0.0291824
0.0280881
0.0267506
0.0251698
0.0233459
0.0212789
0.0189686
0.0164151
0.0136185
0.0105786
0.00729561
0.0037694
-0
0
0.00378418
0.00732422
0.0106201
0.0136719
0.0164795
0.019043
0.0213623
0.0234375
0.0252686
0.0268555
0.0281982
0.0292969
0.0301514
0.0307617
0.0311279
0.03125
0.0311279
0.0307617
0.0301514
0.0292969
0.0281982
0.0268555
0.0252686
0.0234375
0.0213623
0.019043
0.0164795
0.0136719
0.0106201
0.00732422
0.00378418
-0
0
0.0037694
0.00729561
0.0105786
0.0136185
0.0164151
0.0189686
0.0212789
0.0233459
0.0251698
0.0267506
0.0280881
0.0291824
0.0300336
0.0306416
0.0310063
0.0311279
0.0310063
0.0306416
0.0300336
0.0291824
0.0280881
0.0267506
0.0251698
0.0233459
0.0212789
0.0189686
0.0164151
0.0136185
0.0105786
0.00729561
0.0037694
-0
0
0.00372505
0.00720978
0.0104542
0.0134583
0.016222
0.0187454
0.0210285
0.0230713
0.0248737
0.0264359
0.0277576
0.0288391
0.0296803
0.0302811
0.0306416
0.0307617
0.0306416
0.0302811
0.0296803
0.0288391
0.0277576
0.0264359
0.0248737
0.0230713
0.0210285
0.0187454
0.016222
0.0134583
0.0104542
0.00720978
0.00372505
-0
0
0.00365114
0.00706673
0.0102468
0.0131912
0.0159001
0.0183735
0.0206113
0.0226135
0.0243802
0.0259113
0.0272069
0.0282669
0.0290914
0.0296803
0.0300336
0.0301514
0.0300336
0.0296803
0.0290914
0.0282669
0.0272069
0.0259113
0.0243802
0.0226135
0.0206113
0.0183735
0.0159001
0.0131912
0.0102468
0.00706673
0.00365114
-0
0
0.00354767
0.00686646
0.00995636
0.0128174
0.0154495
0.0178528
0.0200272
0.0219727
0.0236893
0.025177
0.0264359
0.0274658
0.0282669
0.0288391
0.0291824
0.0292969
0.0291824
0.0288391
0.0282669
0.0274658
0.0264359
0.025177
0.0236893
0.0219727
0.0200272
0.0178528
0.0154495
0.0128174
0.00995636
0.00686646
0.00354767
-0
0
0.00341463
0.00660896
0.009583
0.0123367
0.0148702
0.0171833
0.0192761
0.0211487
0.0228009
0.0242329
0.0254445
0.0264359
0.0272069
0.0277576
0.0280881
0.0281982
0.0280881
0.0277576
0.0272069
0.0264359
0.0254445
0.0242329
0.0228009
0.0211487
0.0192761
0.0171833
0.0148702
0.0123367
0.009583
0.00660896
0.00341463
-0
0
0.00325203
0.00629425
0.00912666
0.0117493
0.0141621
0.0163651
0.0183582
0.0201416
0.0217152
0.0230789
0.0242329
0.025177
0.0259113
0.0264359
0.0267506
0.0268555
0.0267506
0.0264359
0.0259113
0.025177
0.0242329
0.0230789
0.0217152
0.0201416
0.0183582
0.0163651
0.0141621
0.0117493
0.00912666
0.00629425
0.00325203
-0
0
0.00305986
0.00592232
0.00858736
0.011055
0.0133252
0.015398
0.0172734
0.0189514
0.020432
0.0217152
0.0228009
0.0236893
0.0243802
0.0248737
0.0251698
0.0252686
0.0251698
0.0248737
0.0243802
0.0236893
0.0228009
0.0217152
0.020432
0.0189514
0.0172734
0.015398
0.0133252
0.011055
0.00858736
0.00592232
0.00305986
-0
0
0.00283813
0.00549316
0.00796509
0.0102539
0.0123596
0.0142822
0.0160217
0.0175781
0.0189514
0.0201416
0.0211487
0.0219727
0.0226135
0.0230713
0.0233459
0.0234375
0.0233459
0.0230713
0.0226135
0.0219727
0.0211487
0.0201416
0.0189514
0.0175781
0.0160217
0.0142822
0.0123596
0.0102539
0.00796509
0.00549316
0.00283813
-0
0
0.00258684
0.00500679
0.00725985
0.00934601
0.0112653
0.0130177
0.0146031
0.0160217
0.0172734
0.0183582
0.0192761
0.0200272
0.0206113
0.0210285
0.0212789
0.0213623
0.0212789
0.0210285
0.0206113
0.0200272
0.0192761
0.0183582
0.0172734
0.0160217
0.0146031
0.0130177
0.0112653
0.00934601
0.00725985
0.00500679
0.00258684
-0
0
0.00230598
0.0044632
0.00647163
0.0083313
0.0100422
0.0116043
0.0130177
0.0142822
0.015398
0.0163651
0.0171833
0.0178528
0.0183735
0.0187454
0.0189686
0.019043
0.0189686
0.0187454
0.0183735
0.0178528
0.0171833
0.0163651
0.015398
0.0142822
0.0130177
0.0116043
0.0100422
0.0083313
0.00647163
0.0044632
0.00230598
-0
0
0.00199556
0.00386238
0.00560045
0.00720978
0.00869036
0.0100422
0.0112653
0.0123596
0.0133252
0.0141621
0.0148702
0.0154495
0.0159001
0.016222
0.0164151
0.0164795
0.0164151
0.016222
0.0159001
0.0154495
0.0148702
0.0141621
0.0133252
0.0123596
0.0112653
0.0100422
0.00869036
0.00720978
0.00560045
0.00386238
0.00199556
-0
0
0.00165558
0.00320435
0.0046463
0.00598145
0.00720978
0.0083313
0.00934601
0.0102539
0.011055
0.0117493
0.0123367
0.0128174
0.0131912
0.0134583
0.0136185
0.0136719
0.0136185
0.0134583
0.0131912
0.0128174
0.0123367
0.0117493
0.011055
0.0102539
0.00934601
0.0083313
0.00720978
0.00598145
0.0046463
0.00320435
0.00165558
-0
0
0.00128603
0.00248909
0.00360918
0.0046463
0.00560045
0.00647163
0.00725985
0.00796509
0.00858736
0.00912666
0.009583
0.00995636
0.0102468
0.0104542
0.0105786
0.0106201
0.0105786
0.0104542
0.0102468
0.00995636
0.009583
0.00912666
0.00858736
0.00796509
0.00725985
0.00647163
0.00560045
0.0046463
0.00360918
0.00248909
0.00128603
-0
0
0.000886917
0.00171661
0.00248909
0.00320435
0.00386238
0.0044632
0.00500679
0.00549316
0.00592232
0.00629425
0.00660896
0.00686646
0.00706673
0.00720978
0.00729561
0.00732422
0.00729561
0.00720978
0.00706673
0.00686646
0.00660896
0.00629425
0.00592232
0.00549316
0.00500679
0.0044632
0.00386238
0.00320435
0.00248909
0.00171661
0.000886917
-0
0
0.000458241
0.000886917
0.00128603
0.00165558
0.00199556
0.00230598
0.00258684
0.00283813
0.00305986
0.00325203
0.00341463
0.00354767
0.00365114
0.00372505
0.0037694
0.00378418
0.0037694
0.00372505
0.00365114
0.00354767
0.00341463
0.00325203
0.00305986
0.00283813
0.00258684
0.00230598
0.00199556
0.00165558
0.00128603
0.000886917
0.000458241
-0
-0
-0
-0
-0
-0
-0
-0
-0
-0
-0
-0
-0
-0
-0
-0
-0
-0
-0
-0
-0
-0
-0
-0
-0
-0
-0
-0
-0
-0
-0
-0
-0
0
