0
0
0
0
0
0
0
0
0
0
0
0
0
0
0
0
0
0
0
0
0
0
0
0
0
0
0
0
0
0
0
0
-0
0
0.000183296
0.000354767
0.000514412
0.000662231
0.000798225
0.000922394
0.00103474
0.00113525
0.00122395
0.00130081
0.00136585
0.00141907
0.00146046
0.00149002
0.00150776
0.00151367
0.00150776
0.00149002
0.00146046
0.00141907
0.00136585
0.00130081
0.00122395
0.00113525
0.00103474
0.000922394
0.000798225
0.000662231
0.000514412
0.000354767
0.000183296
-0
0
0.000354767
0.000686646
0.000995636
0.00128174
0.00154495
0.00178528
0.00200272
0.00219727
0.00236893
0.0025177
0.00264359
0.00274658
0.00282669
0.00288391
0.00291824
0.00292969
0.00291824
0.00288391
0.00282669
0.00274658
0.00264359
0.0025177
0.00236893
0.00219727
0.00200272
0.00178528
0.00154495
0.00128174
0.000995636
0.000686646
0.000354767
-0
0
0.000514412
0.000995636
0.00144367
0.00185852
0.00224018
0.00258865
0.00290394
0.00318604
0.00343494
0.00365067
0.0038332
0.00398254
0.0040987
0.00418167
0.00423145
0.00424805
0.00423145
0.00418167
0.0040987
0.00398254
0.0038332
0.00365067
0.00343494
0.00318604
0.00290394
0.00258865
0.00224018
0.00185852
0.00144367
0.000995636
0.000514412
-0
0
0.000662231
0.00128174
0.00185852
0.00239258
0.00288391
0.00333252
0.0037384
0.00410156
0.004422
0.00469971
0.00493469
0.00512695
0.00527649
0.0053833
0.00544739
0.00546875
0.00544739
0.0053833
0.00527649
0.00512695
0.00493469
0.00469971
0.004422
0.00410156
0.0037384
0.00333252
0.00288391
0.00239258
0.00185852
0.00128174
0.000662231
-0
0
0.000798225
0.00154495
0.00224018
0.00288391
0.00347614
0.00401688
0.00450611
0.00494385
0.00533009
0.00566483
0.00594807
0.00617981
0.00636005
0.0064888
0.00656605
0.0065918
0.00656605
0.0064888
0.00636005
0.00617981
0.00594807
0.00566483
0.00533009
0.00494385
0.00450611
0.00401688
0.00347614
0.00288391
0.00224018
0.00154495
0.000798225
-0
0
0.000922394
0.00178528
0.00258865
0.00333252
0.00401688
0.00464172
0.00520706
0.00571289
0.00615921
0.00654602
0.00687332
0.00714111
0.0073494
0.00749817
0.00758743
0.00761719
0.00758743
0.00749817
0.0073494
0.00714111
0.00687332
0.00654602
0.00615921
0.00571289
0.00520706
0.00464172
0.00401688
0.00333252
0.00258865
0.00178528
0.000922394
-0
0
0.00103474
0.00200272
0.00290394
0.0037384
0.00450611
0.00520706
0.00584126
0.00640869
0.00690937
0.00734329
0.00771046
0.00801086
0.00824451
0.00841141
0.00851154
0.00854492
0.00851154
0.00841141
0.00824451
0.00801086
0.00771046
0.00734329
0.00690937
0.00640869
0.00584126
0.00520706
0.00450611
0.0037384
0.00290394
0.00200272
0.00103474
-0
0
0.00113525
0.00219727
0.00318604
0.00410156
0.00494385
0.00571289
0.00640869
0.00703125
0.00758057
0.00805664
0.00845947
0.00878906
0.00904541
0.00922852
0.00933838
0.009375
0.00933838
0.00922852
0.00904541
0.00878906
0.00845947
0.00805664
0.00758057
0.00703125
0.00640869
0.00571289
0.00494385
0.00410156
0.00318604
0.00219727
0.00113525
-0
0
0.00122395
0.00236893
0.00343494
0.004422
0.00533009
0.00615921
0.00690937
0.00758057
0.0081728
0.00868607
0.00912037
0.00947571
0.00975208
0.00994949
0.0100679
0.0101074
0.0100679
0.00994949
0.00975208
0.00947571
0.00912037
0.00868607
0.0081728
0.00758057
0.00690937
0.00615921
0.00533009
0.004422
0.00343494
0.00236893
0.00122395
-0
0
0.00130081
0.0025177
0.00365067
0.00469971
0.00566483
0.00654602
0.00734329
0.00805664
0.00868607
0.00923157
0.00969315
0.0100708
0.0103645
0.0105743
0.0107002
0.0107422
0.0107002
0.0105743
0.0103645
0.0100708
0.00969315
0.00923157
0.00868607
0.00805664
0.00734329
0.00654602
0.00566483
0.00469971
0.00365067
0.0025177
0.00130081
-0
0
0.00136585
0.00264359
0.0038332
0.00493469
0.00594807
0.00687332
0.00771046
0.00845947
0.00912037
0.00969315
0.0101778
0.0105743
0.0108828
0.0111031
0.0112352
0.0112793
0.0112352
0.0111031
0.0108828
0.0105743
0.0101778
0.00969315
0.00912037
0.00845947
0.00771046
0.00687332
0.00594807
0.00493469
0.0038332
0.00264359
0.00136585
-0
0
0.00141907
0.00274658
0.00398254
0.00512695
0.00617981
0.00714111
0.00801086
0.00878906
0.00947571
0.0100708
0.0105743
0.0109863
0.0113068
0.0115356
0.011673
0.0117187
0.011673
0.0115356
0.0113068
0.0109863
0.0105743
0.0100708
0.00947571
0.00878906
0.00801086
0.00714111
0.00617981
0.00512695
0.00398254
0.00274658
0.00141907
-0
0
0.00146046
0.00282669
0.0040987
0.00527649
0.00636005
0.0073494
0.00824451
0.00904541
0.00975208
0.0103645
0.0108828
0.0113068
0.0116365
0.0118721
0.0120134
0.0120605
0.0120134
0.0118721
0.0116365
0.0113068
0.0108828
0.0103645
0.00975208
0.00904541
0.00824451
0.0073494
0.00636005
0.00527649
0.0040987
0.00282669
0.00146046
-0
0
0.00149002
0.00288391
0.00418167
0.0053833
0.0064888
0.00749817
0.00841141
0.00922852
0.00994949
0.0105743
0.0111031
0.0115356
0.0118721
0.0121124
0.0122566
0.0123047
0.0122566
0.0121124
0.0118721
0.0115356
0.0111031
0.0105743
0.00994949
0.00922852
0.00841141
0.00749817
0.0064888
0.0053833
0.00418167
0.00288391
0.00149002
-0
0
0.00150776
0.00291824
0.00423145
0.00544739
0.00656605
0.00758743
0.00851154
0.00933838
0.0100679
0.0107002
0.0112352
0.011673
0.0120134
0.0122566
0.0124025
0.0124512
0.0124025
0.0122566
0.0120134
0.011673
0.0112352
0.0107002
0.0100679
0.00933838
0.00851154
0.00758743
0.00656605
0.00544739
0.00423145
0.00291824
0.00150776
-0
0
0.00151367
0.00292969
0.00424805
0.00546875
0.0065918
0.00761719
0.00854492
0.009375
0.0101074
0.0107422
0.0112793
0.0117188
0.0120605
0.0123047
0.0124512
0.0125
0.0124512
0.0123047
0.0120605
0.0117187
0.0112793
0.0107422
0.0101074
0.009375
0.00854492
0.00761719
0.0065918
0.00546875
0.00424805
0.00292969
0.00151367
-0
0
0.00150776
0.00291824
0.00423145
0.00544739
0.00656605
0.00758743
0.00851154
0.00933838
0.0100679
0.0107002
0.0112352
0.011673
0.0120134
0.0122566
0.0124025
0.0124512
0.0124025
0.0122566
0.0120134
0.011673
0.0112352
0.0107002
0.0100679
0.00933838
0.00851154
0.00758743
0.00656605
0.00544739
0.00423145
0.00291824
0.00150776
-0
0
0.00149002
0.00288391
0.00418167
0.0053833
0.0064888
0.00749817
0.00841141
0.00922852
0.00994949
0.0105743
0.0111031
0.0115356
0.0118721
0.0121124
0.0122566
0.0123047
0.0122566
0.0121124
0.0118721
0.0115356
0.0111031
0.0105743
0.00994949
0.00922852
0.00841141
0.00749817
0.0064888
0.0053833
0.00418167
0.00288391
0.00149002
-0
0
0.00146046
0.00282669
0.0040987
0.00527649
0.00636005
0.0073494
0.00824451
0.00904541
0.00975208
0.0103645
0.0108828
0.0113068
0.0116365
0.0118721
0.0120134
0.0120605
0.0120134
0.0118721
0.0116365
0.0113068
0.0108828
0.0103645
0.00975208
0.00904541
0.00824451
0.0073494
0.00636005
0.00527649
0.0040987
0.00282669
0.00146046
-0
0
0.00141907
0.00274658
0.00398254
0.00512695
0.00617981
0.00714111
0.00801086
0.00878906
0.00947571
0.0100708
0.0105743
0.0109863
0.0113068
0.0115356
0.011673
0.0117187
0.011673
0.0115356
0.0113068
0.0109863
0.0105743
0.0100708
0.00947571
0.00878906
0.00801086
0.00714111
0.00617981
0.00512695
0.00398254
0.00274658
0.00141907
-0
0
0.00136585
0.00264359
0.0038332
0.00493469
0.00594807
0.00687332
0.00771046
0.00845947
0.00912037
0.00969315
0.0101778
0.0105743
0.0108828
0.0111031
0.0112352
0.0112793
0.0112352
0.0111031
0.0108828
0.0105743
0.0101778
0.00969315
0.00912037
0.00845947
0.00771046
0.00687332
0.00594807
0.00493469
0.0038332
0.00264359
0.00136585
-0
0
0.00130081
0.0025177
0.00365067
0.00469971
0.00566483
0.00654602
0.00734329
0.00805664
0.00868607
0.00923157
0.00969315
0.0100708
0.0103645
0.0105743
0.0107002
0.0107422
0.0107002
0.0105743
0.0103645
0.0100708
0.00969315
0.00923157
0.00868607
0.00805664
0.00734329
0.00654602
0.00566483
0.00469971
0.00365067
0.0025177
0.00130081
-0
0
0.00122395
0.00236893
0.00343494
0.004422
0.00533009
0.00615921
0.00690937
0.00758057
0.0081728
0.00868607
0.00912037
0.00947571
0.00975208
0.00994949
0.0100679
0.0101074
0.0100679
0.00994949
0.00975208
0.00947571
0.00912037
0.00868607
0.0081728
0.00758057
0.00690937
0.00615921
0.00533009
0.004422
0.00343494
0.00236893
0.00122395
-0
0
0.00113525
0.00219727
0.00318604
0.00410156
0.00494385
0.00571289
0.00640869
0.00703125
0.00758057
0.00805664
0.00845947
0.00878906
0.00904541
0.00922852
0.00933838
0.009375
0.00933838
0.00922852
0.00904541
0.00878906
0.00845947
0.00805664
0.00758057
0.00703125
0.00640869
0.00571289
0.00494385
0.00410156
0.00318604
0.00219727
0.00113525
-0
0
0.00103474
0.00200272
0.00290394
0.0037384
0.00450611
0.00520706
0.00584126
0.00640869
0.00690937
0.00734329
0.00771046
0.00801086
0.00824451
0.00841141
0.00851154
0.00854492
0.00851154
0.00841141
0.00824451
0.00801086
0.00771046
0.00734329
0.00690937
0.00640869
0.00584126
0.00520706
0.00450611
0.0037384
0.00290394
0.00200272
0.00103474
-0
0
0.000922394
0.00178528
0.00258865
0.00333252
0.00401688
0.00464172
0.00520706
0.00571289
0.00615921
0.00654602
0.00687332
0.00714111
0.0073494
0.00749817
0.00758743
0.00761719
0.00758743
0.00749817
0.0073494
0.00714111
0.00687332
0.00654602
0.00615921
0.00571289
0.00520706
0.00464172
0.00401688
0.00333252
0.00258865
0.00178528
0.000922394
-0
0
0.000798225
0.00154495
0.00224018
0.00288391
0.00347614
0.00401688
0.00450611
0.00494385
0.00533009
0.00566483
0.00594807
0.00617981
0.00636005
0.0064888
0.00656605
0.0065918
0.00656605
0.0064888
0.00636005
0.00617981
0.00594807
0.00566483
0.00533009
0.00494385
0.00450611
0.00401688
0.00347614
0.00288391
0.00224018
0.00154495
0.000798225
-0
0
0.000662231
0.00128174
0.00185852
0.00239258
0.00288391
0.00333252
0.0037384
0.00410156
0.004422
0.00469971
0.00493469
0.00512695
0.00527649
0.0053833
0.00544739
0.00546875
0.00544739
0.0053833
0.00527649
0.00512695
0.00493469
0.00469971
0.004422
0.00410156
0.0037384
0.00333252
0.00288391
0.00239258
0.00185852
0.00128174
0.000662231
-0
0
0.000514412
0.000995636
0.00144367
0.00185852
0.00224018
0.00258865
0.00290394
0.00318604
0.00343494
0.00365067
0.0038332
0.00398254
0.0040987
0.00418167
0.00423145
0.00424805
0.00423145
0.00418167
0.0040987
0.00398254
0.0038332
0.00365067
0.00343494
0.00318604
0.00290394
0.00258865
0.00224018
0.00185852
0.00144367
0.000995636
0.000514412
-0
0
0.000354767
0.000686646
0.000995636
0.00128174
0.00154495
0.00178528
0.00200272
0.00219727
0.00236893
0.0025177
0.00264359
0.00274658
0.00282669
0.00288391
0.00291824
0.00292969
0.00291824
0.00288391
0.00282669
0.00274658
0.00264359
0.0025177
0.00236893
0.00219727
0.00200272
0.00178528
0.00154495
0.00128174
0.000995636
0.000686646
0.000354767
-0
0
0.000183296
0.000354767
0.000514412
0.000662231
0.000798225
0.000922394
0.00103474
0.00113525
0.00122395
0.00130081
0.00136585
0.00141907
0.00146046
0.00149002
0.00150776
0.00151367
0.00150776
0.00149002
0.00146046
0.00141907
0.00136585
0.00130081
0.00122395
0.00113525
0.00103474
0.000922394
0.000798225
0.000662231
0.000514412
0.000354767
0.000183296
-0
-0
-0
-0
-0
-0
-0
-0
-0
-0
-0
-0
-0
-0
-0
-0
-0
-0
-0
-0
-0
-0
-0
-0
-0
-0
-0
-0
-0
-0
-0
-0
-0
0
