0
0
0
0
0
0
0
0
0
0
0
0
0
0
0
0
0
0
0
0
0
0
0
0
0
0
0
0
0
0
0
0
-0
0
4.58241e-05
8.86917e-05
0.000128603
0.000165558
0.000199556
0.000230598
0.000258684
0.000283813
0.000305986
0.000325203
0.000341463
0.000354767
0.000365114
0.000372505
0.00037694
0.000378418
0.00037694
0.000372505
0.000365114
0.000354767
0.000341463
0.000325203
0.000305986
0.000283813
0.000258684
0.000230598
0.000199556
0.000165558
0.000128603
8.86917e-05
4.58241e-05
-0
0
8.86917e-05
0.000171661
0.000248909
0.000320435
0.000386238
0.00044632
0.000500679
0.000549316
0.000592232
0.000629425
0.000660896
0.000686646
0.000706673
0.000720978
0.000729561
0.000732422
0.000729561
0.000720978
0.000706673
0.000686646
0.000660896
0.000629425
0.000592232
0.000549316
0.000500679
0.00044632
0.000386238
0.000320435
0.000248909
0.000171661
8.86917e-05
-0
0
0.000128603
0.000248909
0.000360918
0.00046463
0.000560045
0.000647163
0.000725985
0.000796509
0.000858736
0.000912666
0.0009583
0.000995636
0.00102468
0.00104542
0.00105786
0.00106201
0.00105786
0.00104542
0.00102468
0.000995636
0.0009583
0.000912666
0.000858736
0.000796509
0.000725985
0.000647163
0.000560045
0.00046463
0.000360918
0.000248909
0.000128603
-0
0
0.000165558
0.000320435
0.00046463
0.000598145
0.000720978
0.00083313
0.000934601
0.00102539
0.0011055
0.00117493
0.00123367
0.00128174
0.00131912
0.00134583
0.00136185
0.00136719
0.00136185
0.00134583
0.00131912
0.00128174
0.00123367
0.00117493
0.0011055
0.00102539
0.000934601
0.00083313
0.000720978
0.000598145
0.00046463
0.000320435
0.000165558
-0
0
0.000199556
0.000386238
0.000560045
0.000720978
0.000869036
0.00100422
0.00112653
0.00123596
0.00133252
0.00141621
0.00148702
0.00154495
0.00159001
0.0016222
0.00164151
0.00164795
0.00164151
0.0016222
0.00159001
0.00154495
0.00148702
0.00141621
0.00133252
0.00123596
0.00112653
0.00100422
0.000869036
0.000720978
0.000560045
0.000386238
0.000199556
-0
0
0.000230598
0.00044632
0.000647163
0.00083313
0.00100422
0.00116043
0.00130177
0.00142822
0.0015398
0.00163651
0.00171833
0.00178528
0.00183735
0.00187454
0.00189686
0.0019043
0.00189686
0.00187454
0.00183735
0.00178528
0.00171833
0.00163651
0.0015398
0.00142822
0.00130177
0.00116043
0.00100422
0.00083313
0.000647163
0.00044632
0.000230598
-0
0
0.000258684
0.000500679
0.000725985
0.000934601
0.00112653
0.00130177
0.00146031
0.00160217
0.00172734
0.00183582
0.00192761
0.00200272
0.00206113
0.00210285
0.00212789
0.00213623
0.00212789
0.00210285
0.00206113
0.00200272
0.00192761
0.00183582
0.00172734
0.00160217
0.00146031
0.00130177
0.00112653
0.000934601
0.000725985
0.000500679
0.000258684
-0
0
0.000283813
0.000549316
0.000796509
0.00102539
0.00123596
0.00142822
0.00160217
0.00175781
0.00189514
0.00201416
0.00211487
0.00219727
0.00226135
0.00230713
0.00233459
0.00234375
0.00233459
0.00230713
0.00226135
0.00219727
0.00211487
0.00201416
0.00189514
0.00175781
0.00160217
0.00142822
0.00123596
0.00102539
0.000796509
0.000549316
0.000283813
-0
0
0.000305986
0.000592232
0.000858736
0.0011055
0.00133252
0.0015398
0.00172734
0.00189514
0.0020432
0.00217152
0.00228009
0.00236893
0.00243802
0.00248737
0.00251698
0.00252686
0.00251698
0.00248737
0.00243802
0.00236893
0.00228009
0.00217152
0.0020432
0.00189514
0.00172734
0.0015398
0.00133252
0.0011055
0.000858736
0.000592232
0.000305986
-0
0
0.000325203
0.000629425
0.000912666
0.00117493
0.00141621
0.00163651
0.00183582
0.00201416
0.00217152
0.00230789
0.00242329
0.0025177
0.00259113
0.00264359
0.00267506
0.00268555
0.00267506
0.00264359
0.00259113
0.0025177
0.00242329
0.00230789
0.00217152
0.00201416
0.00183582
0.00163651
0.00141621
0.00117493
0.000912666
0.000629425
0.000325203
-0
0
0.000341463
0.000660896
0.0009583
0.00123367
0.00148702
0.00171833
0.00192761
0.00211487
0.00228009
0.00242329
0.00254445
0.00264359
0.00272069
0.00277576
0.00280881
0.00281982
0.00280881
0.00277576
0.00272069
0.00264359
0.00254445
0.00242329
0.00228009
0.00211487
0.00192761
0.00171833
0.00148702
0.00123367
0.0009583
0.000660896
0.000341463
-0
0
0.000354767
0.000686646
0.000995636
0.00128174
0.00154495
0.00178528
0.00200272
0.00219727
0.00236893
0.0025177
0.00264359
0.00274658
0.00282669
0.00288391
0.00291824
0.00292969
0.00291824
0.00288391
0.00282669
0.00274658
0.00264359
0.0025177
0.00236893
0.00219727
0.00200272
0.00178528
0.00154495
0.00128174
0.000995636
0.000686646
0.000354767
-0
0
0.000365114
0.000706673
0.00102468
0.00131912
0.00159001
0.00183735
0.00206113
0.00226135
0.00243802
0.00259113
0.00272069
0.00282669
0.00290914
0.00296803
0.00300336
0.00301514
0.00300336
0.00296803
0.00290914
0.00282669
0.00272069
0.00259113
0.00243802
0.00226135
0.00206113
0.00183735
0.00159001
0.00131912
0.00102468
0.000706673
0.000365114
-0
0
0.000372505
0.000720978
0.00104542
0.00134583
0.0016222
0.00187454
0.00210285
0.00230713
0.00248737
0.00264359
0.00277576
0.00288391
0.00296803
0.00302811
0.00306416
0.00307617
0.00306416
0.00302811
0.00296803
0.00288391
0.00277576
0.00264359
0.00248737
0.00230713
0.00210285
0.00187454
0.0016222
0.00134583
0.00104542
0.000720978
0.000372505
-0
0
0.00037694
0.000729561
0.00105786
0.00136185
0.00164151
0.00189686
0.00212789
0.00233459
0.00251698
0.00267506
0.00280881
0.00291824
0.00300336
0.00306416
0.00310063
0.00311279
0.00310063
0.00306416
0.00300336
0.00291824
0.00280881
0.00267506
0.00251698
0.00233459
0.00212789
0.00189686
0.00164151
0.00136185
0.00105786
0.000729561
0.00037694
-0
0
0.000378418
0.000732422
0.00106201
0.00136719
0.00164795
0.0019043
0.00213623
0.00234375
0.00252686
0.00268555
0.00281982
0.00292969
0.00301514
0.00307617
0.00311279
0.003125
0.00311279
0.00307617
0.00301514
0.00292969
0.00281982
0.00268555
0.00252686
0.00234375
0.00213623
0.0019043
0.00164795
0.00136719
0.00106201
0.000732422
0.000378418
-0
0
0.00037694
0.000729561
0.00105786
0.00136185
0.00164151
0.00189686
0.00212789
0.00233459
0.00251698
0.00267506
0.00280881
0.00291824
0.00300336
0.00306416
0.00310063
0.00311279
0.00310063
0.00306416
0.00300336
0.00291824
0.00280881
0.00267506
0.00251698
0.00233459
0.00212789
0.00189686
0.00164151
0.00136185
0.00105786
0.000729561
0.00037694
-0
0
0.000372505
0.000720978
0.00104542
0.00134583
0.0016222
0.00187454
0.00210285
0.00230713
0.00248737
0.00264359
0.00277576
0.00288391
0.00296803
0.00302811
0.00306416
0.00307617
0.00306416
0.00302811
0.00296803
0.00288391
0.00277576
0.00264359
0.00248737
0.00230713
0.00210285
0.00187454
0.0016222
0.00134583
0.00104542
0.000720978
0.000372505
-0
0
0.000365114
0.000706673
0.00102468
0.00131912
0.00159001
0.00183735
0.00206113
0.00226135
0.00243802
0.00259113
0.00272069
0.00282669
0.00290914
0.00296803
0.00300336
0.00301514
0.00300336
0.00296803
0.00290914
0.00282669
0.00272069
0.00259113
0.00243802
0.00226135
0.00206113
0.00183735
0.00159001
0.00131912
0.00102468
0.000706673
0.000365114
-0
0
0.000354767
0.000686646
0.000995636
0.00128174
0.00154495
0.00178528
0.00200272
0.00219727
0.00236893
0.0025177
0.00264359
0.00274658
0.00282669
0.00288391
0.00291824
0.00292969
0.00291824
0.00288391
0.00282669
0.00274658
0.00264359
0.0025177
0.00236893
0.00219727
0.00200272
0.00178528
0.00154495
0.00128174
0.000995636
0.000686646
0.000354767
-0
0
0.000341463
0.000660896
0.0009583
0.00123367
0.00148702
0.00171833
0.00192761
0.00211487
0.00228009
0.00242329
0.00254445
0.00264359
0.00272069
0.00277576
0.00280881
0.00281982
0.00280881
0.00277576
0.00272069
0.00264359
0.00254445
0.00242329
0.00228009
0.00211487
0.00192761
0.00171833
0.00148702
0.00123367
0.0009583
0.000660896
0.000341463
-0
0
0.000325203
0.000629425
0.000912666
0.00117493
0.00141621
0.00163651
0.00183582
0.00201416
0.00217152
0.00230789
0.00242329
0.0025177
0.00259113
0.00264359
0.00267506
0.00268555
0.00267506
0.00264359
0.00259113
0.0025177
0.00242329
0.00230789
0.00217152
0.00201416
0.00183582
0.00163651
0.00141621
0.00117493
0.000912666
0.000629425
0.000325203
-0
0
0.000305986
0.000592232
0.000858736
0.0011055
0.00133252
0.0015398
0.00172734
0.00189514
0.0020432
0.00217152
0.00228009
0.00236893
0.00243802
0.00248737
0.00251698
0.00252686
0.00251698
0.00248737
0.00243802
0.00236893
0.00228009
0.00217152
0.0020432
0.00189514
0.00172734
0.0015398
0.00133252
0.0011055
0.000858736
0.000592232
0.000305986
-0
0
0.000283813
0.000549316
0.000796509
0.00102539
0.00123596
0.00142822
0.00160217
0.00175781
0.00189514
0.00201416
0.00211487
0.00219727
0.00226135
0.00230713
0.00233459
0.00234375
0.00233459
0.00230713
0.00226135
0.00219727
0.00211487
0.00201416
0.00189514
0.00175781
0.00160217
0.00142822
0.00123596
0.00102539
0.000796509
0.000549316
0.000283813
-0
0
0.000258684
0.000500679
0.000725985
0.000934601
0.00112653
0.00130177
0.00146031
0.00160217
0.00172734
0.00183582
0.00192761
0.00200272
0.00206113
0.00210285
0.00212789
0.00213623
0.00212789
0.00210285
0.00206113
0.00200272
0.00192761
0.00183582
0.00172734
0.00160217
0.00146031
0.00130177
0.00112653
0.000934601
0.000725985
0.000500679
0.000258684
-0
0
0.000230598
0.00044632
0.000647163
0.00083313
0.00100422
0.00116043
0.00130177
0.00142822
0.0015398
0.00163651
0.00171833
0.00178528
0.00183735
0.00187454
0.00189686
0.0019043
0.00189686
0.00187454
0.00183735
0.00178528
0.00171833
0.00163651
0.0015398
0.00142822
0.00130177
0.00116043
0.00100422
0.00083313
0.000647163
0.00044632
0.000230598
-0
0
0.000199556
0.000386238
0.000560045
0.000720978
0.000869036
0.00100422
0.00112653
0.00123596
0.00133252
0.00141621
0.00148702
0.00154495
0.00159001
0.0016222
0.00164151
0.00164795
0.00164151
0.0016222
0.00159001
0.00154495
0.00148702
0.00141621
0.00133252
0.00123596
0.00112653
0.00100422
0.000869036
0.000720978
0.000560045
0.000386238
0.000199556
-0
0
0.000165558
0.000320435
0.00046463
0.000598145
0.000720978
0.00083313
0.000934601
0.00102539
0.0011055
0.00117493
0.00123367
0.00128174
0.00131912
0.00134583
0.00136185
0.00136719
0.00136185
0.00134583
0.00131912
0.00128174
0.00123367
0.00117493
0.0011055
0.00102539
0.000934601
0.00083313
0.000720978
0.000598145
0.00046463
0.000320435
0.000165558
-0
0
0.000128603
0.000248909
0.000360918
0.00046463
0.000560045
0.000647163
0.000725985
0.000796509
0.000858736
0.000912666
0.0009583
0.000995636
0.00102468
0.00104542
0.00105786
0.00106201
0.00105786
0.00104542
0.00102468
0.000995636
0.0009583
0.000912666
0.000858736
0.000796509
0.000725985
0.000647163
0.000560045
0.00046463
0.000360918
0.000248909
0.000128603
-0
0
8.86917e-05
0.000171661
0.000248909
0.000320435
0.000386238
0.00044632
0.000500679
0.000549316
0.000592232
0.000629425
0.000660896
0.000686646
0.000706673
0.000720978
0.000729561
0.000732422
0.000729561
0.000720978
0.000706673
0.000686646
0.000660896
0.000629425
0.000592232
0.000549316
0.000500679
0.00044632
0.000386238
0.000320435
0.000248909
0.000171661
8.86917e-05
-0
0
4.58241e-05
8.86917e-05
0.000128603
0.000165558
0.000199556
0.000230598
0.000258684
0.000283813
0.000305986
0.000325203
0.000341463
0.000354767
0.000365114
0.000372505
0.00037694
0.000378418
0.00037694
0.000372505
0.000365114
0.000354767
0.000341463
0.000325203
0.000305986
0.000283813
0.000258684
0.000230598
0.000199556
0.000165558
0.000128603
8.86917e-05
4.58241e-05
-0
-0
-0
-0
-0
-0
-0
-0
-0
-0
-0
-0
-0
-0
-0
-0
-0
-0
-0
-0
-0
-0
-0
-0
-0
-0
-0
-0
-0
-0
-0
-0
-0
0
