0
0
0
0
0
0
0
0
0
0
0
0
0
0
0
0
0
0
0
0
0
0
0
0
0
0
0
0
0
0
0
0
-0
0
0.000366592
0.000709534
0.00102882
0.00132446
0.00159645
0.00184479
0.00206947
0.00227051
0.00244789
0.00260162
0.0027317
0.00283813
0.00292091
0.00298004
0.00301552
0.00302734
0.00301552
0.00298004
0.00292091
0.00283813
0.0027317
0.00260162
0.00244789
0.00227051
0.00206947
0.00184479
0.00159645
0.00132446
0.00102882
0.000709534
0.000366592
-0
0
0.000709534
0.00137329
0.00199127
0.00256348
0.0030899
0.00357056
0.00400543
0.00439453
0.00473785
0.0050354
0.00528717
0.00549316
0.00565338
0.00576782
0.00583649
0.00585937
0.00583649
0.00576782
0.00565338
0.00549316
0.00528717
0.0050354
0.00473785
0.00439453
0.00400543
0.00357056
0.0030899
0.00256348
0.00199127
0.00137329
0.000709534
-0
0
0.00102882
0.00199127
0.00288734
0.00371704
0.00448036
0.00517731
0.00580788
0.00637207
0.00686989
0.00730133
0.0076664
0.00796509
0.0081974
0.00836334
0.00846291
0.00849609
0.00846291
0.00836334
0.0081974
0.00796509
0.0076664
0.00730133
0.00686989
0.00637207
0.00580788
0.00517731
0.00448036
0.00371704
0.00288734
0.00199127
0.00102882
-0
0
0.00132446
0.00256348
0.00371704
0.00478516
0.00576782
0.00666504
0.00747681
0.00820313
0.00884399
0.00939941
0.00986938
0.0102539
0.010553
0.0107666
0.0108948
0.0109375
0.0108948
0.0107666
0.010553
0.0102539
0.00986938
0.00939941
0.00884399
0.00820313
0.00747681
0.00666504
0.00576782
0.00478516
0.00371704
0.00256348
0.00132446
-0
0
0.00159645
0.0030899
0.00448036
0.00576782
0.00695229
0.00803375
0.00901222
0.0098877
0.0106602
0.0113297
0.0118961
0.0123596
0.0127201
0.0129776
0.0131321
0.0131836
0.0131321
0.0129776
0.0127201
0.0123596
0.0118961
0.0113297
0.0106602
0.0098877
0.00901222
0.00803375
0.00695229
0.00576782
0.00448036
0.0030899
0.00159645
-0
0
0.00184479
0.00357056
0.00517731
0.00666504
0.00803375
0.00928345
0.0104141
0.0114258
0.0123184
0.013092
0.0137466
0.0142822
0.0146988
0.0149963
0.0151749
0.0152344
0.0151749
0.0149963
0.0146988
0.0142822
0.0137466
0.013092
0.0123184
0.0114258
0.0104141
0.00928345
0.00803375
0.00666504
0.00517731
0.00357056
0.00184479
-0
0
0.00206947
0.00400543
0.00580788
0.00747681
0.00901222
0.0104141
0.0116825
0.0128174
0.0138187
0.0146866
0.0154209
0.0160217
0.016489
0.0168228
0.0170231
0.0170898
0.0170231
0.0168228
0.016489
0.0160217
0.0154209
0.0146866
0.0138187
0.0128174
0.0116825
0.0104141
0.00901222
0.00747681
0.00580788
0.00400543
0.00206947
-0
0
0.00227051
0.00439453
0.00637207
0.00820312
0.0098877
0.0114258
0.0128174
0.0140625
0.0151611
0.0161133
0.0169189
0.0175781
0.0180908
0.018457
0.0186768
0.01875
0.0186768
0.018457
0.0180908
0.0175781
0.0169189
0.0161133
0.0151611
0.0140625
0.0128174
0.0114258
0.0098877
0.00820312
0.00637207
0.00439453
0.00227051
-0
0
0.00244789
0.00473785
0.00686989
0.00884399
0.0106602
0.0123184
0.0138187
0.0151611
0.0163456
0.0173721
0.0182407
0.0189514
0.0195042
0.019899
0.0201359
0.0202148
0.0201359
0.019899
0.0195042
0.0189514
0.0182407
0.0173721
0.0163456
0.0151611
0.0138187
0.0123184
0.0106602
0.00884399
0.00686989
0.00473785
0.00244789
-0
0
0.00260162
0.0050354
0.00730133
0.00939941
0.0113297
0.013092
0.0146866
0.0161133
0.0173721
0.0184631
0.0193863
0.0201416
0.0207291
0.0211487
0.0214005
0.0214844
0.0214005
0.0211487
0.0207291
0.0201416
0.0193863
0.0184631
0.0173721
0.0161133
0.0146866
0.013092
0.0113297
0.00939941
0.00730133
0.0050354
0.00260162
-0
0
0.0027317
0.00528717
0.0076664
0.00986938
0.0118961
0.0137466
0.0154209
0.0169189
0.0182407
0.0193863
0.0203556
0.0211487
0.0217655
0.0222061
0.0224705
0.0225586
0.0224705
0.0222061
0.0217655
0.0211487
0.0203556
0.0193863
0.0182407
0.0169189
0.0154209
0.0137466
0.0118961
0.00986938
0.0076664
0.00528717
0.0027317
-0
0
0.00283813
0.00549316
0.00796509
0.0102539
0.0123596
0.0142822
0.0160217
0.0175781
0.0189514
0.0201416
0.0211487
0.0219727
0.0226135
0.0230713
0.0233459
0.0234375
0.0233459
0.0230713
0.0226135
0.0219727
0.0211487
0.0201416
0.0189514
0.0175781
0.0160217
0.0142822
0.0123596
0.0102539
0.00796509
0.00549316
0.00283813
-0
0
0.00292091
0.00565338
0.0081974
0.010553
0.0127201
0.0146988
0.016489
0.0180908
0.0195042
0.0207291
0.0217655
0.0226135
0.0232731
0.0237442
0.0240269
0.0241211
0.0240269
0.0237442
0.0232731
0.0226135
0.0217655
0.0207291
0.0195042
0.0180908
0.016489
0.0146988
0.0127201
0.010553
0.0081974
0.00565338
0.00292091
-0
0
0.00298004
0.00576782
0.00836334
0.0107666
0.0129776
0.0149963
0.0168228
0.018457
0.019899
0.0211487
0.0222061
0.0230713
0.0237442
0.0242249
0.0245132
0.0246094
0.0245132
0.0242249
0.0237442
0.0230713
0.0222061
0.0211487
0.019899
0.018457
0.0168228
0.0149963
0.0129776
0.0107666
0.00836334
0.00576782
0.00298004
-0
0
0.00301552
0.00583649
0.00846291
0.0108948
0.0131321
0.0151749
0.0170231
0.0186768
0.0201359
0.0214005
0.0224705
0.0233459
0.0240269
0.0245132
0.0248051
0.0249023
0.0248051
0.0245132
0.0240269
0.0233459
0.0224705
0.0214005
0.0201359
0.0186768
0.0170231
0.0151749
0.0131321
0.0108948
0.00846291
0.00583649
0.00301552
-0
0
0.00302734
0.00585938
0.00849609
0.0109375
0.0131836
0.0152344
0.0170898
0.01875
0.0202148
0.0214844
0.0225586
0.0234375
0.0241211
0.0246094
0.0249023
0.025
0.0249023
0.0246094
0.0241211
0.0234375
0.0225586
0.0214844
0.0202148
0.01875
0.0170898
0.0152344
0.0131836
0.0109375
0.00849609
0.00585937
0.00302734
-0
0
0.00301552
0.00583649
0.00846291
0.0108948
0.0131321
0.0151749
0.0170231
0.0186768
0.0201359
0.0214005
0.0224705
0.0233459
0.0240269
0.0245132
0.0248051
0.0249023
0.0248051
0.0245132
0.0240269
0.0233459
0.0224705
0.0214005
0.0201359
0.0186768
0.0170231
0.0151749
0.0131321
0.0108948
0.00846291
0.00583649
0.00301552
-0
0
0.00298004
0.00576782
0.00836334
0.0107666
0.0129776
0.0149963
0.0168228
0.018457
0.019899
0.0211487
0.0222061
0.0230713
0.0237442
0.0242249
0.0245132
0.0246094
0.0245132
0.0242249
0.0237442
0.0230713
0.0222061
0.0211487
0.019899
0.018457
0.0168228
0.0149963
0.0129776
0.0107666
0.00836334
0.00576782
0.00298004
-0
0
0.00292091
0.00565338
0.0081974
0.010553
0.0127201
0.0146988
0.016489
0.0180908
0.0195042
0.0207291
0.0217655
0.0226135
0.0232731
0.0237442
0.0240269
0.0241211
0.0240269
0.0237442
0.0232731
0.0226135
0.0217655
0.0207291
0.0195042
0.0180908
0.016489
0.0146988
0.0127201
0.010553
0.0081974
0.00565338
0.00292091
-0
0
0.00283813
0.00549316
0.00796509
0.0102539
0.0123596
0.0142822
0.0160217
0.0175781
0.0189514
0.0201416
0.0211487
0.0219727
0.0226135
0.0230713
0.0233459
0.0234375
0.0233459
0.0230713
0.0226135
0.0219727
0.0211487
0.0201416
0.0189514
0.0175781
0.0160217
0.0142822
0.0123596
0.0102539
0.00796509
0.00549316
0.00283813
-0
0
0.0027317
0.00528717
0.0076664
0.00986938
0.0118961
0.0137466
0.0154209
0.0169189
0.0182407
0.0193863
0.0203556
0.0211487
0.0217655
0.0222061
0.0224705
0.0225586
0.0224705
0.0222061
0.0217655
0.0211487
0.0203556
0.0193863
0.0182407
0.0169189
0.0154209
0.0137466
0.0118961
0.00986938
0.0076664
0.00528717
0.0027317
-0
0
0.00260162
0.0050354
0.00730133
0.00939941
0.0113297
0.013092
0.0146866
0.0161133
0.0173721
0.0184631
0.0193863
0.0201416
0.0207291
0.0211487
0.0214005
0.0214844
0.0214005
0.0211487
0.0207291
0.0201416
0.0193863
0.0184631
0.0173721
0.0161133
0.0146866
0.013092
0.0113297
0.00939941
0.00730133
0.0050354
0.00260162
-0
0
0.00244789
0.00473785
0.00686989
0.00884399
0.0106602
0.0123184
0.0138187
0.0151611
0.0163456
0.0173721
0.0182407
0.0189514
0.0195042
0.019899
0.0201359
0.0202148
0.0201359
0.019899
0.0195042
0.0189514
0.0182407
0.0173721
0.0163456
0.0151611
0.0138187
0.0123184
0.0106602
0.00884399
0.00686989
0.00473785
0.00244789
-0
0
0.00227051
0.00439453
0.00637207
0.00820313
0.0098877
0.0114258
0.0128174
0.0140625
0.0151611
0.0161133
0.0169189
0.0175781
0.0180908
0.018457
0.0186768
0.01875
0.0186768
0.018457
0.0180908
0.0175781
0.0169189
0.0161133
0.0151611
0.0140625
0.0128174
0.0114258
0.0098877
0.00820313
0.00637207
0.00439453
0.00227051
-0
0
0.00206947
0.00400543
0.00580788
0.00747681
0.00901222
0.0104141
0.0116825
0.0128174
0.0138187
0.0146866
0.0154209
0.0160217
0.016489
0.0168228
0.0170231
0.0170898
0.0170231
0.0168228
0.016489
0.0160217
0.0154209
0.0146866
0.0138187
0.0128174
0.0116825
0.0104141
0.00901222
0.00747681
0.00580788
0.00400543
0.00206947
-0
0
0.00184479
0.00357056
0.00517731
0.00666504
0.00803375
0.00928345
0.0104141
0.0114258
0.0123184
0.013092
0.0137466
0.0142822
0.0146988
0.0149963
0.0151749
0.0152344
0.0151749
0.0149963
0.0146988
0.0142822
0.0137466
0.013092
0.0123184
0.0114258
0.0104141
0.00928345
0.00803375
0.00666504
0.00517731
0.00357056
0.00184479
-0
0
0.00159645
0.0030899
0.00448036
0.00576782
0.00695229
0.00803375
0.00901222
0.0098877
0.0106602
0.0113297
0.0118961
0.0123596
0.0127201
0.0129776
0.0131321
0.0131836
0.0131321
0.0129776
0.0127201
0.0123596
0.0118961
0.0113297
0.0106602
0.0098877
0.00901222
0.00803375
0.00695229
0.00576782
0.00448036
0.0030899
0.00159645
-0
0
0.00132446
0.00256348
0.00371704
0.00478516
0.00576782
0.00666504
0.00747681
0.00820312
0.00884399
0.00939941
0.00986938
0.0102539
0.010553
0.0107666
0.0108948
0.0109375
0.0108948
0.0107666
0.010553
0.0102539
0.00986938
0.00939941
0.00884399
0.00820313
0.00747681
0.00666504
0.00576782
0.00478516
0.00371704
0.00256348
0.00132446
-0
0
0.00102882
0.00199127
0.00288734
0.00371704
0.00448036
0.00517731
0.00580788
0.00637207
0.00686989
0.00730133
0.0076664
0.00796509
0.0081974
0.00836334
0.00846291
0.00849609
0.00846291
0.00836334
0.0081974
0.00796509
0.0076664
0.00730133
0.00686989
0.00637207
0.00580788
0.00517731
0.00448036
0.00371704
0.00288734
0.00199127
0.00102882
-0
0
0.000709534
0.00137329
0.00199127
0.00256348
0.0030899
0.00357056
0.00400543
0.00439453
0.00473785
0.0050354
0.00528717
0.00549316
0.00565338
0.00576782
0.00583649
0.00585938
0.00583649
0.00576782
0.00565338
0.00549316
0.00528717
0.0050354
0.00473785
0.00439453
0.00400543
0.00357056
0.0030899
0.00256348
0.00199127
0.00137329
0.000709534
-0
0
0.000366592
0.000709534
0.00102882
0.00132446
0.00159645
0.00184479
0.00206947
0.00227051
0.00244789
0.00260162
0.0027317
0.00283813
0.00292091
0.00298004
0.00301552
0.00302734
0.00301552
0.00298004
0.00292091
0.00283813
0.0027317
0.00260162
0.00244789
0.00227051
0.00206947
0.00184479
0.00159645
0.00132446
0.00102882
0.000709534
0.000366592
-0
-0
-0
-0
-0
-0
-0
-0
-0
-0
-0
-0
-0
-0
-0
-0
-0
-0
-0
-0
-0
-0
-0
-0
-0
-0
-0
-0
-0
-0
-0
-0
-0
0
