0
0
0
0
0
0
0
0
0
0
0
0
0
0
0
0
0
0
0
0
0
0
0
0
0
0
0
0
0
0
0
0
-0
0
0.000137472
0.000266075
0.000385809
0.000496674
0.000598669
0.000691795
0.000776052
0.00085144
0.000917959
0.000975609
0.00102439
0.0010643
0.00109534
0.00111752
0.00113082
0.00113525
0.00113082
0.00111752
0.00109534
0.0010643
0.00102439
0.000975609
0.000917959
0.00085144
0.000776052
0.000691795
0.000598669
0.000496674
0.000385809
0.000266075
0.000137472
-0
0
0.000266075
0.000514984
0.000746727
0.000961304
0.00115871
0.00133896
0.00150204
0.00164795
0.0017767
0.00188828
0.00198269
0.00205994
0.00212002
0.00216293
0.00218868
0.00219727
0.00218868
0.00216293
0.00212002
0.00205994
0.00198269
0.00188828
0.0017767
0.00164795
0.00150204
0.00133896
0.00115871
0.000961304
0.000746727
0.000514984
0.000266075
-0
0
0.000385809
0.000746727
0.00108275
0.00139389
0.00168014
0.00194149
0.00217795
0.00238953
0.00257621
0.002738
0.0028749
0.00298691
0.00307403
0.00313625
0.00317359
0.00318604
0.00317359
0.00313625
0.00307403
0.00298691
0.0028749
0.002738
0.00257621
0.00238953
0.00217795
0.00194149
0.00168014
0.00139389
0.00108275
0.000746727
0.000385809
-0
0
0.000496674
0.000961304
0.00139389
0.00179443
0.00216293
0.00249939
0.0028038
0.00307617
0.0033165
0.00352478
0.00370102
0.00384521
0.00395737
0.00403748
0.00408554
0.00410156
0.00408554
0.00403748
0.00395737
0.00384521
0.00370102
0.00352478
0.0033165
0.00307617
0.0028038
0.00249939
0.00216293
0.00179443
0.00139389
0.000961304
0.000496674
-0
0
0.000598669
0.00115871
0.00168014
0.00216293
0.00260711
0.00301266
0.00337958
0.00370789
0.00399756
0.00424862
0.00446105
0.00463486
0.00477004
0.0048666
0.00492454
0.00494385
0.00492454
0.0048666
0.00477004
0.00463486
0.00446105
0.00424862
0.00399756
0.00370789
0.00337958
0.00301266
0.00260711
0.00216293
0.00168014
0.00115871
0.000598669
-0
0
0.000691795
0.00133896
0.00194149
0.00249939
0.00301266
0.00348129
0.0039053
0.00428467
0.00461941
0.00490952
0.00515499
0.00535583
0.00551205
0.00562363
0.00569057
0.00571289
0.00569057
0.00562363
0.00551205
0.00535583
0.00515499
0.00490952
0.00461941
0.00428467
0.0039053
0.00348129
0.00301266
0.00249939
0.00194149
0.00133896
0.000691795
-0
0
0.000776052
0.00150204
0.00217795
0.0028038
0.00337958
0.0039053
0.00438094
0.00480652
0.00518203
0.00550747
0.00578284
0.00600815
0.00618339
0.00630856
0.00638366
0.00640869
0.00638366
0.00630856
0.00618339
0.00600815
0.00578284
0.00550747
0.00518203
0.00480652
0.00438094
0.0039053
0.00337958
0.0028038
0.00217795
0.00150204
0.000776052
-0
0
0.00085144
0.00164795
0.00238953
0.00307617
0.00370789
0.00428467
0.00480652
0.00527344
0.00568542
0.00604248
0.0063446
0.0065918
0.00678406
0.00692139
0.00700378
0.00703125
0.00700378
0.00692139
0.00678406
0.0065918
0.0063446
0.00604248
0.00568542
0.00527344
0.00480652
0.00428467
0.00370789
0.00307617
0.00238953
0.00164795
0.00085144
-0
0
0.000917959
0.0017767
0.00257621
0.0033165
0.00399756
0.00461941
0.00518203
0.00568542
0.0061296
0.00651455
0.00684028
0.00710678
0.00731406
0.00746212
0.00755095
0.00758057
0.00755095
0.00746212
0.00731406
0.00710678
0.00684028
0.00651455
0.0061296
0.00568542
0.00518203
0.00461941
0.00399756
0.0033165
0.00257621
0.0017767
0.000917959
-0
0
0.000975609
0.00188828
0.002738
0.00352478
0.00424862
0.00490952
0.00550747
0.00604248
0.00651455
0.00692368
0.00726986
0.0075531
0.0077734
0.00793076
0.00802517
0.00805664
0.00802517
0.00793076
0.0077734
0.0075531
0.00726986
0.00692368
0.00651455
0.00604248
0.00550747
0.00490952
0.00424862
0.00352478
0.002738
0.00188828
0.000975609
-0
0
0.00102439
0.00198269
0.0028749
0.00370102
0.00446105
0.00515499
0.00578284
0.0063446
0.00684028
0.00726986
0.00763335
0.00793076
0.00816207
0.00832729
0.00842643
0.00845947
0.00842643
0.00832729
0.00816207
0.00793076
0.00763335
0.00726986
0.00684028
0.0063446
0.00578284
0.00515499
0.00446105
0.00370102
0.0028749
0.00198269
0.00102439
-0
0
0.0010643
0.00205994
0.00298691
0.00384521
0.00463486
0.00535583
0.00600815
0.0065918
0.00710678
0.0075531
0.00793076
0.00823975
0.00848007
0.00865173
0.00875473
0.00878906
0.00875473
0.00865173
0.00848007
0.00823975
0.00793076
0.0075531
0.00710678
0.0065918
0.00600815
0.00535583
0.00463486
0.00384521
0.00298691
0.00205994
0.0010643
-0
0
0.00109534
0.00212002
0.00307403
0.00395737
0.00477004
0.00551205
0.00618339
0.00678406
0.00731406
0.0077734
0.00816207
0.00848007
0.00872741
0.00890408
0.00901008
0.00904541
0.00901008
0.00890408
0.00872741
0.00848007
0.00816207
0.0077734
0.00731406
0.00678406
0.00618339
0.00551205
0.00477004
0.00395737
0.00307403
0.00212002
0.00109534
-0
0
0.00111752
0.00216293
0.00313625
0.00403748
0.0048666
0.00562363
0.00630856
0.00692139
0.00746212
0.00793076
0.00832729
0.00865173
0.00890408
0.00908432
0.00919247
0.00922852
0.00919247
0.00908432
0.00890408
0.00865173
0.00832729
0.00793076
0.00746212
0.00692139
0.00630856
0.00562363
0.0048666
0.00403748
0.00313625
0.00216293
0.00111752
-0
0
0.00113082
0.00218868
0.00317359
0.00408554
0.00492454
0.00569057
0.00638366
0.00700378
0.00755095
0.00802517
0.00842643
0.00875473
0.00901008
0.00919247
0.0093019
0.00933838
0.0093019
0.00919247
0.00901008
0.00875473
0.00842643
0.00802517
0.00755095
0.00700378
0.00638366
0.00569057
0.00492454
0.00408554
0.00317359
0.00218868
0.00113082
-0
0
0.00113525
0.00219727
0.00318604
0.00410156
0.00494385
0.00571289
0.00640869
0.00703125
0.00758057
0.00805664
0.00845947
0.00878906
0.00904541
0.00922852
0.00933838
0.009375
0.00933838
0.00922852
0.00904541
0.00878906
0.00845947
0.00805664
0.00758057
0.00703125
0.00640869
0.00571289
0.00494385
0.00410156
0.00318604
0.00219727
0.00113525
-0
0
0.00113082
0.00218868
0.00317359
0.00408554
0.00492454
0.00569057
0.00638366
0.00700378
0.00755095
0.00802517
0.00842643
0.00875473
0.00901008
0.00919247
0.0093019
0.00933838
0.0093019
0.00919247
0.00901008
0.00875473
0.00842643
0.00802517
0.00755095
0.00700378
0.00638366
0.00569057
0.00492454
0.00408554
0.00317359
0.00218868
0.00113082
-0
0
0.00111752
0.00216293
0.00313625
0.00403748
0.0048666
0.00562363
0.00630856
0.00692139
0.00746212
0.00793076
0.00832729
0.00865173
0.00890408
0.00908432
0.00919247
0.00922852
0.00919247
0.00908432
0.00890408
0.00865173
0.00832729
0.00793076
0.00746212
0.00692139
0.00630856
0.00562363
0.0048666
0.00403748
0.00313625
0.00216293
0.00111752
-0
0
0.00109534
0.00212002
0.00307403
0.00395737
0.00477004
0.00551205
0.00618339
0.00678406
0.00731406
0.0077734
0.00816207
0.00848007
0.00872741
0.00890408
0.00901008
0.00904541
0.00901008
0.00890408
0.00872741
0.00848007
0.00816207
0.0077734
0.00731406
0.00678406
0.00618339
0.00551205
0.00477004
0.00395737
0.00307403
0.00212002
0.00109534
-0
0
0.0010643
0.00205994
0.00298691
0.00384521
0.00463486
0.00535583
0.00600815
0.0065918
0.00710678
0.0075531
0.00793076
0.00823975
0.00848007
0.00865173
0.00875473
0.00878906
0.00875473
0.00865173
0.00848007
0.00823975
0.00793076
0.0075531
0.00710678
0.0065918
0.00600815
0.00535583
0.00463486
0.00384521
0.00298691
0.00205994
0.0010643
-0
0
0.00102439
0.00198269
0.0028749
0.00370102
0.00446105
0.00515499
0.00578284
0.0063446
0.00684028
0.00726986
0.00763335
0.00793076
0.00816207
0.00832729
0.00842643
0.00845947
0.00842643
0.00832729
0.00816207
0.00793076
0.00763335
0.00726986
0.00684028
0.0063446
0.00578284
0.00515499
0.00446105
0.00370102
0.0028749
0.00198269
0.00102439
-0
0
0.000975609
0.00188828
0.002738
0.00352478
0.00424862
0.00490952
0.00550747
0.00604248
0.00651455
0.00692368
0.00726986
0.0075531
0.0077734
0.00793076
0.00802517
0.00805664
0.00802517
0.00793076
0.0077734
0.0075531
0.00726986
0.00692368
0.00651455
0.00604248
0.00550747
0.00490952
0.00424862
0.00352478
0.002738
0.00188828
0.000975609
-0
0
0.000917959
0.0017767
0.00257621
0.0033165
0.00399756
0.00461941
0.00518203
0.00568542
0.0061296
0.00651455
0.00684028
0.00710678
0.00731406
0.00746212
0.00755095
0.00758057
0.00755095
0.00746212
0.00731406
0.00710678
0.00684028
0.00651455
0.0061296
0.00568542
0.00518203
0.00461941
0.00399756
0.0033165
0.00257621
0.0017767
0.000917959
-0
0
0.00085144
0.00164795
0.00238953
0.00307617
0.00370789
0.00428467
0.00480652
0.00527344
0.00568542
0.00604248
0.0063446
0.0065918
0.00678406
0.00692139
0.00700378
0.00703125
0.00700378
0.00692139
0.00678406
0.0065918
0.0063446
0.00604248
0.00568542
0.00527344
0.00480652
0.00428467
0.00370789
0.00307617
0.00238953
0.00164795
0.00085144
-0
0
0.000776052
0.00150204
0.00217795
0.0028038
0.00337958
0.0039053
0.00438094
0.00480652
0.00518203
0.00550747
0.00578284
0.00600815
0.00618339
0.00630856
0.00638366
0.00640869
0.00638366
0.00630856
0.00618339
0.00600815
0.00578284
0.00550747
0.00518203
0.00480652
0.00438094
0.0039053
0.00337958
0.0028038
0.00217795
0.00150204
0.000776052
-0
0
0.000691795
0.00133896
0.00194149
0.00249939
0.00301266
0.00348129
0.0039053
0.00428467
0.00461941
0.00490952
0.00515499
0.00535583
0.00551205
0.00562363
0.00569057
0.00571289
0.00569057
0.00562363
0.00551205
0.00535583
0.00515499
0.00490952
0.00461941
0.00428467
0.0039053
0.00348129
0.00301266
0.00249939
0.00194149
0.00133896
0.000691795
-0
0
0.000598669
0.00115871
0.00168014
0.00216293
0.00260711
0.00301266
0.00337958
0.00370789
0.00399756
0.00424862
0.00446105
0.00463486
0.00477004
0.0048666
0.00492454
0.00494385
0.00492454
0.0048666
0.00477004
0.00463486
0.00446105
0.00424862
0.00399756
0.00370789
0.00337958
0.00301266
0.00260711
0.00216293
0.00168014
0.00115871
0.000598669
-0
0
0.000496674
0.000961304
0.00139389
0.00179443
0.00216293
0.00249939
0.0028038
0.00307617
0.0033165
0.00352478
0.00370102
0.00384521
0.00395737
0.00403748
0.00408554
0.00410156
0.00408554
0.00403748
0.00395737
0.00384521
0.00370102
0.00352478
0.0033165
0.00307617
0.0028038
0.00249939
0.00216293
0.00179443
0.00139389
0.000961304
0.000496674
-0
0
0.000385809
0.000746727
0.00108275
0.00139389
0.00168014
0.00194149
0.00217795
0.00238953
0.00257621
0.002738
0.0028749
0.00298691
0.00307403
0.00313625
0.00317359
0.00318604
0.00317359
0.00313625
0.00307403
0.00298691
0.0028749
0.002738
0.00257621
0.00238953
0.00217795
0.00194149
0.00168014
0.00139389
0.00108275
0.000746727
0.000385809
-0
0
0.000266075
0.000514984
0.000746727
0.000961304
0.00115871
0.00133896
0.00150204
0.00164795
0.0017767
0.00188828
0.00198269
0.00205994
0.00212002
0.00216293
0.00218868
0.00219727
0.00218868
0.00216293
0.00212002
0.00205994
0.00198269
0.00188828
0.0017767
0.00164795
0.00150204
0.00133896
0.00115871
0.000961304
0.000746727
0.000514984
0.000266075
-0
0
0.000137472
0.000266075
0.000385809
0.000496674
0.000598669
0.000691795
0.000776052
0.00085144
0.000917959
0.000975609
0.00102439
0.0010643
0.00109534
0.00111752
0.00113082
0.00113525
0.00113082
0.00111752
0.00109534
0.0010643
0.00102439
0.000975609
0.000917959
0.00085144
0.000776052
0.000691795
0.000598669
0.000496674
0.000385809
0.000266075
0.000137472
-0
-0
-0
-0
-0
-0
-0
-0
-0
-0
-0
-0
-0
-0
-0
-0
-0
-0
-0
-0
-0
-0
-0
-0
-0
-0
-0
-0
-0
-0
-0
-0
-0
0
