0
0
0
0
0
0
0
0
0
0
0
0
0
0
0
0
0
0
0
0
0
0
0
0
0
0
0
0
0
0
0
0
-0
0
9.16481e-05
0.000177383
0.000257206
0.000331116
0.000399113
0.000461197
0.000517368
0.000567627
0.000611973
0.000650406
0.000682926
0.000709534
0.000730228
0.00074501
0.00075388
0.000756836
0.00075388
0.00074501
0.000730228
0.000709534
0.000682926
0.000650406
0.000611973
0.000567627
0.000517368
0.000461197
0.000399113
0.000331116
0.000257206
0.000177383
9.16481e-05
-0
0
0.000177383
0.000343323
0.000497818
0.000640869
0.000772476
0.000892639
0.00100136
0.00109863
0.00118446
0.00125885
0.00132179
0.00137329
0.00141335
0.00144196
0.00145912
0.00146484
0.00145912
0.00144196
0.00141335
0.00137329
0.00132179
0.00125885
0.00118446
0.00109863
0.00100136
0.000892639
0.000772476
0.000640869
0.000497818
0.000343323
0.000177383
-0
0
0.000257206
0.000497818
0.000721836
0.00092926
0.00112009
0.00129433
0.00145197
0.00159302
0.00171747
0.00182533
0.0019166
0.00199127
0.00204935
0.00209084
0.00211573
0.00212402
0.00211573
0.00209084
0.00204935
0.00199127
0.0019166
0.00182533
0.00171747
0.00159302
0.00145197
0.00129433
0.00112009
0.00092926
0.000721836
0.000497818
0.000257206
-0
0
0.000331116
0.000640869
0.00092926
0.00119629
0.00144196
0.00166626
0.0018692
0.00205078
0.002211
0.00234985
0.00246735
0.00256348
0.00263824
0.00269165
0.00272369
0.00273438
0.00272369
0.00269165
0.00263824
0.00256348
0.00246735
0.00234985
0.002211
0.00205078
0.0018692
0.00166626
0.00144196
0.00119629
0.00092926
0.000640869
0.000331116
-0
0
0.000399113
0.000772476
0.00112009
0.00144196
0.00173807
0.00200844
0.00225306
0.00247192
0.00266504
0.00283241
0.00297403
0.0030899
0.00318003
0.0032444
0.00328302
0.0032959
0.00328302
0.0032444
0.00318003
0.0030899
0.00297403
0.00283241
0.00266504
0.00247192
0.00225306
0.00200844
0.00173807
0.00144196
0.00112009
0.000772476
0.000399113
-0
0
0.000461197
0.000892639
0.00129433
0.00166626
0.00200844
0.00232086
0.00260353
0.00285645
0.00307961
0.00327301
0.00343666
0.00357056
0.0036747
0.00374908
0.00379372
0.00380859
0.00379372
0.00374908
0.0036747
0.00357056
0.00343666
0.00327301
0.00307961
0.00285645
0.00260353
0.00232086
0.00200844
0.00166626
0.00129433
0.000892639
0.000461197
-0
0
0.000517368
0.00100136
0.00145197
0.0018692
0.00225306
0.00260353
0.00292063
0.00320435
0.00345469
0.00367165
0.00385523
0.00400543
0.00412226
0.0042057
0.00425577
0.00427246
0.00425577
0.0042057
0.00412226
0.00400543
0.00385523
0.00367165
0.00345469
0.00320435
0.00292063
0.00260353
0.00225306
0.0018692
0.00145197
0.00100136
0.000517368
-0
0
0.000567627
0.00109863
0.00159302
0.00205078
0.00247192
0.00285645
0.00320435
0.00351563
0.00379028
0.00402832
0.00422974
0.00439453
0.00452271
0.00461426
0.00466919
0.0046875
0.00466919
0.00461426
0.00452271
0.00439453
0.00422974
0.00402832
0.00379028
0.00351563
0.00320435
0.00285645
0.00247192
0.00205078
0.00159302
0.00109863
0.000567627
-0
0
0.000611973
0.00118446
0.00171747
0.002211
0.00266504
0.00307961
0.00345469
0.00379028
0.0040864
0.00434303
0.00456018
0.00473785
0.00487604
0.00497475
0.00503397
0.00505371
0.00503397
0.00497475
0.00487604
0.00473785
0.00456018
0.00434303
0.0040864
0.00379028
0.00345469
0.00307961
0.00266504
0.002211
0.00171747
0.00118446
0.000611973
-0
0
0.000650406
0.00125885
0.00182533
0.00234985
0.00283241
0.00327301
0.00367165
0.00402832
0.00434303
0.00461578
0.00484657
0.0050354
0.00518227
0.00528717
0.00535011
0.00537109
0.00535011
0.00528717
0.00518227
0.0050354
0.00484657
0.00461578
0.00434303
0.00402832
0.00367165
0.00327301
0.00283241
0.00234985
0.00182533
0.00125885
0.000650406
-0
0
0.000682926
0.00132179
0.0019166
0.00246735
0.00297403
0.00343666
0.00385523
0.00422974
0.00456018
0.00484657
0.0050889
0.00528717
0.00544138
0.00555153
0.00561762
0.00563965
0.00561762
0.00555153
0.00544138
0.00528717
0.0050889
0.00484657
0.00456018
0.00422974
0.00385523
0.00343666
0.00297403
0.00246735
0.0019166
0.00132179
0.000682926
-0
0
0.000709534
0.00137329
0.00199127
0.00256348
0.0030899
0.00357056
0.00400543
0.00439453
0.00473785
0.0050354
0.00528717
0.00549316
0.00565338
0.00576782
0.00583649
0.00585938
0.00583649
0.00576782
0.00565338
0.00549316
0.00528717
0.0050354
0.00473785
0.00439453
0.00400543
0.00357056
0.0030899
0.00256348
0.00199127
0.00137329
0.000709534
-0
0
0.000730228
0.00141335
0.00204935
0.00263824
0.00318003
0.0036747
0.00412226
0.00452271
0.00487604
0.00518227
0.00544138
0.00565338
0.00581827
0.00593605
0.00600672
0.00603027
0.00600672
0.00593605
0.00581827
0.00565338
0.00544138
0.00518227
0.00487604
0.00452271
0.00412226
0.0036747
0.00318003
0.00263824
0.00204935
0.00141335
0.000730228
-0
0
0.00074501
0.00144196
0.00209084
0.00269165
0.0032444
0.00374908
0.0042057
0.00461426
0.00497475
0.00528717
0.00555153
0.00576782
0.00593605
0.00605621
0.00612831
0.00615234
0.00612831
0.00605621
0.00593605
0.00576782
0.00555153
0.00528717
0.00497475
0.00461426
0.0042057
0.00374908
0.0032444
0.00269165
0.00209084
0.00144196
0.00074501
-0
0
0.00075388
0.00145912
0.00211573
0.00272369
0.00328302
0.00379372
0.00425577
0.00466919
0.00503397
0.00535011
0.00561762
0.00583649
0.00600672
0.00612831
0.00620127
0.00622559
0.00620127
0.00612831
0.00600672
0.00583649
0.00561762
0.00535011
0.00503397
0.00466919
0.00425577
0.00379372
0.00328302
0.00272369
0.00211573
0.00145912
0.00075388
-0
0
0.000756836
0.00146484
0.00212402
0.00273437
0.0032959
0.00380859
0.00427246
0.0046875
0.00505371
0.00537109
0.00563965
0.00585938
0.00603027
0.00615234
0.00622559
0.00625
0.00622559
0.00615234
0.00603027
0.00585938
0.00563965
0.00537109
0.00505371
0.0046875
0.00427246
0.00380859
0.0032959
0.00273438
0.00212402
0.00146484
0.000756836
-0
0
0.00075388
0.00145912
0.00211573
0.00272369
0.00328302
0.00379372
0.00425577
0.00466919
0.00503397
0.00535011
0.00561762
0.00583649
0.00600672
0.00612831
0.00620127
0.00622559
0.00620127
0.00612831
0.00600672
0.00583649
0.00561762
0.00535011
0.00503397
0.00466919
0.00425577
0.00379372
0.00328302
0.00272369
0.00211573
0.00145912
0.00075388
-0
0
0.00074501
0.00144196
0.00209084
0.00269165
0.0032444
0.00374908
0.0042057
0.00461426
0.00497475
0.00528717
0.00555153
0.00576782
0.00593605
0.00605621
0.00612831
0.00615234
0.00612831
0.00605621
0.00593605
0.00576782
0.00555153
0.00528717
0.00497475
0.00461426
0.0042057
0.00374908
0.0032444
0.00269165
0.00209084
0.00144196
0.00074501
-0
0
0.000730228
0.00141335
0.00204935
0.00263824
0.00318003
0.0036747
0.00412226
0.00452271
0.00487604
0.00518227
0.00544138
0.00565338
0.00581827
0.00593605
0.00600672
0.00603027
0.00600672
0.00593605
0.00581827
0.00565338
0.00544138
0.00518227
0.00487604
0.00452271
0.00412226
0.0036747
0.00318003
0.00263824
0.00204935
0.00141335
0.000730228
-0
0
0.000709534
0.00137329
0.00199127
0.00256348
0.0030899
0.00357056
0.00400543
0.00439453
0.00473785
0.0050354
0.00528717
0.00549316
0.00565338
0.00576782
0.00583649
0.00585938
0.00583649
0.00576782
0.00565338
0.00549316
0.00528717
0.0050354
0.00473785
0.00439453
0.00400543
0.00357056
0.0030899
0.00256348
0.00199127
0.00137329
0.000709534
-0
0
0.000682926
0.00132179
0.0019166
0.00246735
0.00297403
0.00343666
0.00385523
0.00422974
0.00456018
0.00484657
0.0050889
0.00528717
0.00544138
0.00555153
0.00561762
0.00563965
0.00561762
0.00555153
0.00544138
0.00528717
0.0050889
0.00484657
0.00456018
0.00422974
0.00385523
0.00343666
0.00297403
0.00246735
0.0019166
0.00132179
0.000682926
-0
0
0.000650406
0.00125885
0.00182533
0.00234985
0.00283241
0.00327301
0.00367165
0.00402832
0.00434303
0.00461578
0.00484657
0.0050354
0.00518227
0.00528717
0.00535011
0.00537109
0.00535011
0.00528717
0.00518227
0.0050354
0.00484657
0.00461578
0.00434303
0.00402832
0.00367165
0.00327301
0.00283241
0.00234985
0.00182533
0.00125885
0.000650406
-0
0
0.000611973
0.00118446
0.00171747
0.002211
0.00266504
0.00307961
0.00345469
0.00379028
0.0040864
0.00434303
0.00456018
0.00473785
0.00487604
0.00497475
0.00503397
0.00505371
0.00503397
0.00497475
0.00487604
0.00473785
0.00456018
0.00434303
0.0040864
0.00379028
0.00345469
0.00307961
0.00266504
0.002211
0.00171747
0.00118446
0.000611973
-0
0
0.000567627
0.00109863
0.00159302
0.00205078
0.00247192
0.00285645
0.00320435
0.00351562
0.00379028
0.00402832
0.00422974
0.00439453
0.00452271
0.00461426
0.00466919
0.0046875
0.00466919
0.00461426
0.00452271
0.00439453
0.00422974
0.00402832
0.00379028
0.00351562
0.00320435
0.00285645
0.00247192
0.00205078
0.00159302
0.00109863
0.000567627
-0
0
0.000517368
0.00100136
0.00145197
0.0018692
0.00225306
0.00260353
0.00292063
0.00320435
0.00345469
0.00367165
0.00385523
0.00400543
0.00412226
0.0042057
0.00425577
0.00427246
0.00425577
0.0042057
0.00412226
0.00400543
0.00385523
0.00367165
0.00345469
0.00320435
0.00292063
0.00260353
0.00225306
0.0018692
0.00145197
0.00100136
0.000517368
-0
0
0.000461197
0.000892639
0.00129433
0.00166626
0.00200844
0.00232086
0.00260353
0.00285645
0.00307961
0.00327301
0.00343666
0.00357056
0.0036747
0.00374908
0.00379372
0.00380859
0.00379372
0.00374908
0.0036747
0.00357056
0.00343666
0.00327301
0.00307961
0.00285645
0.00260353
0.00232086
0.00200844
0.00166626
0.00129433
0.000892639
0.000461197
-0
0
0.000399113
0.000772476
0.00112009
0.00144196
0.00173807
0.00200844
0.00225306
0.00247192
0.00266504
0.00283241
0.00297403
0.0030899
0.00318003
0.0032444
0.00328302
0.0032959
0.00328302
0.0032444
0.00318003
0.0030899
0.00297403
0.00283241
0.00266504
0.00247192
0.00225306
0.00200844
0.00173807
0.00144196
0.00112009
0.000772476
0.000399113
-0
0
0.000331116
0.000640869
0.00092926
0.00119629
0.00144196
0.00166626
0.0018692
0.00205078
0.002211
0.00234985
0.00246735
0.00256348
0.00263824
0.00269165
0.00272369
0.00273437
0.00272369
0.00269165
0.00263824
0.00256348
0.00246735
0.00234985
0.002211
0.00205078
0.0018692
0.00166626
0.00144196
0.00119629
0.00092926
0.000640869
0.000331116
-0
0
0.000257206
0.000497818
0.000721836
0.00092926
0.00112009
0.00129433
0.00145197
0.00159302
0.00171747
0.00182533
0.0019166
0.00199127
0.00204935
0.00209084
0.00211573
0.00212402
0.00211573
0.00209084
0.00204935
0.00199127
0.0019166
0.00182533
0.00171747
0.00159302
0.00145197
0.00129433
0.00112009
0.00092926
0.000721836
0.000497818
0.000257206
-0
0
0.000177383
0.000343323
0.000497818
0.000640869
0.000772476
0.000892639
0.00100136
0.00109863
0.00118446
0.00125885
0.00132179
0.00137329
0.00141335
0.00144196
0.00145912
0.00146484
0.00145912
0.00144196
0.00141335
0.00137329
0.00132179
0.00125885
0.00118446
0.00109863
0.00100136
0.000892639
0.000772476
0.000640869
0.000497818
0.000343323
0.000177383
-0
0
9.16481e-05
0.000177383
0.000257206
0.000331116
0.000399113
0.000461197
0.000517368
0.000567627
0.000611973
0.000650406
0.000682926
0.000709534
0.000730228
0.00074501
0.00075388
0.000756836
0.00075388
0.00074501
0.000730228
0.000709534
0.000682926
0.000650406
0.000611973
0.000567627
0.000517368
0.000461197
0.000399113
0.000331116
0.000257206
0.000177383
9.16481e-05
-0
-0
-0
-0
-0
-0
-0
-0
-0
-0
-0
-0
-0
-0
-0
-0
-0
-0
-0
-0
-0
-0
-0
-0
-0
-0
-0
-0
-0
-0
-0
-0
-0
0
