    0.4962
    0.5571
    0.6061
    0.6449
    0.6271
    0.5932
    0.5689
    0.5398
    0.5005
    0.4860
    0.4817
    0.4935
    0.4957
    0.4968
    0.4898
    0.4779
    0.4618
    0.4575
    0.4569
    0.4564
    0.4483
    0.4375
    0.4181
    0.4052
    0.3961
    0.3815
    0.3691
    0.3514
    0.3298
    0.3347
    0.3487
    0.3546
    0.3724
    0.3605
    0.3390
    0.3142
    0.2798
    0.2722
    0.2561
    0.2496
    0.2561
    0.2873
    0.2970
    0.3228
    0.3126
    0.2884
    0.2518
    0.2313
    0.2151
    0.2130
    0.2351
    0.2507
    0.2894
    0.2991
    0.3061
    0.3131
    0.3239
    0.3363
    0.3562
