    0.2086
    0.3199
    0.4158
    0.5009
    0.5344
    0.5127
    0.4692
    0.4240
    0.4339
    0.5018
    0.5697
    0.6638
    0.7335
    0.7833
    0.8403
    0.8557
    0.8502
    0.8222
    0.7706
    0.7362
    0.6783
    0.6122
    0.5950
    0.6421
    0.7145
    0.7733
    0.8620
    0.8855
    0.8665
    0.8176
    0.7443
    0.6882
    0.5860
    0.5860
    0.6412
    0.7018
    0.8113
    0.8158
    0.8086
    0.7869
    0.7543
    0.6566
    0.6222
    0.5371
    0.5308
    0.5579
    0.6267
    0.6575
    0.6566
    0.6213
    0.5724
    0.5353
    0.4611
    0.4204
    0.3633
    0.3190
    0.2647
    0.2357
    0.2176
