        0.6470015211244579        0.3405615907176662
        0.7014877740477132        0.2407234577302769
        0.7588507754498898        0.2660268382603966
        0.8415987244755915        0.2894085192263237
        0.7847124713408666        0.3080743405679074
        0.7854992895526370        0.3055045128930234
        0.6717497595256198        0.4605210163529472
        0.7645472003821072        0.3470431800937082
        0.7930528002960725        0.3483896894734060
        0.8646538693744327        0.4104541771703800
        0.8600017026716492        0.4535047040955092
        0.8946187834245662        0.4123047363521016
        0.8354456929862162        0.3704852132881427
        0.8283286777018267        0.3758646751281045
        0.7538368078918657        0.4582208887461109
        0.7637411186154943        0.4999719224219600
        0.7512248135559074        0.5390528944050036
        0.7688033036530466        0.5462516937223088
        0.7771293540936696        0.4994045893373764
        0.7922290162482134        0.4883429079973923
        0.7891731279919874        0.4903648606581475
        0.8113088208151064        0.4928537259165731
        0.7590828234195911        0.5492799096770253
        0.8268838623037341        0.5617887673648514
        0.9104263189591584        0.6348081235273975
        0.9296503085498836        0.7036374957806358
        0.9626679164134030        0.6195026432151511
        0.9643705698300316        0.6045593201577788
        0.9960674272448773        0.5637892155721784
        0.9770519551604745        0.5614202887971204
        0.9302951909063174        0.7331271290143253
        0.9174025655440640        0.7410524939268213
        0.9809259813755921        0.7266034201208654
        0.9521695962460621        0.6851016160323624
        0.9956250127571463        0.6086719177932789
        1.0000000000000000        0.5817619310381398
        0.9309799318421974        0.6465950635534019
        0.9365597266067771        0.5680324822975230
        0.9317151045499007        0.5863294790916256
        0.9235149407046906        0.6035773423271251
        0.9376178179234427        0.5989141342246008
        0.9741824572786983        0.6262880785772330
        0.9718696182681402        0.6184145532823436
        0.9774458406533126        0.6200781971652881
        0.9216772204096980        0.5744507470116221
        0.9211475507110882        0.5745530505511963
        0.9466491924419602        0.5437742296578940
        0.9609847524183723        0.5651389193272074
        0.9798211400671741        0.5906184629808732
        0.9552476947401529        0.5729183455164460
        0.8884047098269181        0.4925123916718955
        0.7798624241152117        0.3777888519463181
        0.7186349305258889        0.3895168199143193
        0.7189999804534872        0.3863927393872564
        0.6769246736911378        0.3617591425381396
        0.6849767556119509        0.3206722194541544
        0.6685813323950652        0.3094461460163174
        0.6971615639921751        0.2693615380854344
        0.6016021520853622        0.3290726635365934
        0.5461994190273598        0.3155740528043489
        0.5297647768130356        0.3609328958980725
        0.5518906537275917        0.4224253039395218
        0.5311663828283635        0.4532135117005665
        0.5088534697326279        0.3938101235533654
        0.4936783339232901        0.3072384406709532
        0.3449437241678647        0.3388755253698798
        0.3586672957038149        0.3653058398672810
        0.3609324992353400        0.3754142814539070
        0.3562807835892560        0.4425373237673415
        0.3332181410226910        0.4736501804691756
        0.4377044857640189        0.5369779707283466
        0.5055172982155636        0.4991993938367965
        0.4944124401370504        0.4366219922230295
        0.5676189286482004        0.4759921141533726
        0.5605726768702916        0.4875033586670625
        0.5931063385935557        0.4663774389250564
        0.5888614664478133        0.5500718622799367
        0.6833186613323577        0.5328769824907613
        0.6361411790269131        0.4908397850310201
        0.5811940760282231        0.5130476788073307
        0.6631217657275615        0.5488122554545962
        0.4384468426978793        0.5678296779177848
        0.4249019782408169        0.6198629288111830
        0.4222939321100738        0.6298957938380828
        0.2540050079625203        0.6189853220067447
        0.2817810582742880        0.6579341988273942
        0.2864612820711147        0.7131673235655157
        0.2771497235218626        0.7592765422697230
        0.2885582939675945        0.7365342199532164
        0.2923667313615517        0.7418852330871849
        0.2772286537601211        0.7476821008285217
        0.2829261008194614        0.7415990513961899
        0.2494194969018800        0.7085538504376212
        0.2169978094253670        0.6924655213908431
        0.2614124241350131        0.6993274247752327
        0.1648453352154957        0.5616194695420674
        0.0948998759834477        0.4974109432992135
        0.0076607818691560        0.4792683314805998
        0.0000000000000000        0.4799899158949418
        0.0014295464184053        0.4343542527706051
