        0.3179887384176254       -0.7880493770168154
       -0.1820112615823746       -0.1213827103501488
        0.8179887384176254        0.5452839563165177
       -0.8070112615823746       -0.5658271547945932
        0.1929887384176254        0.1008395118720733
       -0.3070112615823746        0.7675061785387398
        0.6929887384176254       -0.3436049325723710
       -0.5570112615823746        0.3230617340942956
       -0.0570112615823746       -0.9773497885394492
        0.9429887384176254       -0.3106831218727825
        0.0367387384176254       -0.7551275663172270
       -0.4632612615823746       -0.0884608996505603
        0.5367387384176254        0.5782057670161060
       -0.7132612615823746       -0.5329053440950047
        0.2867387384176254        0.1337613225716618
       -0.2132612615823746        0.8004279892383284
       -0.8382612615823746       -0.2366090477987084
        0.1617387384176254        0.4300576188679581
       -0.3382612615823746       -0.6810534922431528
        0.6617387384176254       -0.0143868255764862
       -0.5882612615823746        0.6522798410901800
        0.4117387384176254       -0.4588312700209306
       -0.0882612615823746        0.2078353966457358
        0.0992387384176254       -0.1625349737246343
       -0.4007612615823746        0.5041316929420321
        0.5992387384176254       -0.6069794181690789
       -0.6507612615823746        0.0596872484975877
        0.3492387384176254        0.7263539151642542
       -0.1507612615823746       -0.3847571959468565
        0.8492387384176254        0.2819094707198100
        0.2242387384176254       -0.9526584305147578
       -0.2757612615823746       -0.2859917638480911
        0.7242387384176254        0.3806749028185752
       -0.5257612615823746       -0.7304362082925355
        0.4742387384176254       -0.0637695416258689
       -0.0257612615823746        0.6028971250407975
       -0.9788862615823746        0.1584526805963533
        0.0211137384176254        0.8251193472630198
        0.5211137384176254       -0.2119176897740170
       -0.7288862615823746        0.4547489768926496
        0.2711137384176254       -0.6563621342184616
       -0.2288862615823746        0.0103045324482050
       -0.8538862615823746       -0.4341399119962392
        0.1461137384176254        0.2325267546704273
       -0.3538862615823746        0.8991934213370938
       -0.6038862615823746       -0.1378436156999430
        0.3961137384176254        0.5288230509667236
       -0.1038862615823746       -0.5822880601443874
        0.8961137384176254        0.0843786065222789
        0.0836137384176254       -0.3600658379221652
       -0.4163862615823746        0.3066008287445012
        0.3336137384176254       -0.2613004058233998
       -0.1663862615823746        0.4053662608432667
       -0.7913862615823746       -0.0390781836011775
        0.2086137384176254        0.6275884830654888
       -0.2913862615823746       -0.4835226280456220
        0.7086137384176254        0.1831440386210446
        0.4586137384176254       -0.8538929984159924
       -0.0413862615823746       -0.1872263317493257
        0.0523637384176254        0.0349958904728964
       -0.4476362615823746        0.7016625571395627
        0.5523637384176254       -0.4094485539715479
       -0.6976362615823746        0.2572181126951185
        0.3023637384176254        0.9238847793617850
       -0.1976362615823746       -0.7798189243419182
        0.8023637384176254       -0.1131522576752516
       -0.8226362615823746        0.5535144089914148
        0.1773637384176254       -0.5575967021196961
       -0.3226362615823746        0.1090699645469704
       -0.5726362615823746       -0.3353744798974738
        0.4273637384176254        0.3312921867691927
       -0.8851362615823746       -0.3317165009308529
        0.1148637384176254        0.3349501657358136
       -0.3851362615823746       -0.7761609453752973
        0.6148637384176254       -0.1094942787086307
       -0.6351362615823746        0.5571723879580357
        0.3648637384176254       -0.5539387231530751
       -0.1351362615823746        0.1127279435135915
        0.2398637384176254       -0.2576424268567789
       -0.2601362615823746        0.4090242398098878
       -0.5101362615823746       -0.0354202046345566
        0.4898637384176254        0.6312464620321097
       -0.0101362615823746       -0.4798646490790011
        0.0133012384176254       -0.8502350194493714
       -0.4866987615823746       -0.1835683527827048
        0.5133012384176254        0.4830983138839617
       -0.7366987615823746       -0.6280127972271492
        0.2633012384176254        0.0386538694395173
       -0.2366987615823746        0.7053205361061838
        0.7633012384176254       -0.4057905750049270
       -0.8616987615823746        0.2608760916617396
        0.1383012384176254        0.9275427583284062
        0.6383012384176254       -0.3070251429061616
       -0.6116987615823746        0.3596415237605048
        0.3883012384176254       -0.7514695873506060
       -0.1116987615823746       -0.0848029206839394
        0.0758012384176254        0.1374193015382830
       -0.4241987615823746        0.8040859682049495
       -0.6741987615823746       -0.2329510688320875
        0.3258012384176254        0.4337155978345792
       -0.1741987615823746       -0.6773955132765319
        0.8258012384176254       -0.0107288466098653
        0.2008012384176254       -0.4551732910543097
       -0.2991987615823746        0.2114933756123569
       -0.5491987615823746       -0.8255436614246801
        0.4508012384176254       -0.1588769947580134
       -0.0491987615823746        0.5077896719086532
       -0.9554487615823746        0.0633452274642086
        0.0445512384176254        0.7300118941308751
       -0.4554487615823746       -0.3810992169802356
        0.5445512384176254        0.2855674496864309
        0.2945512384176254       -0.9490004515481369
       -0.2054487615823746       -0.2823337848814702
        0.7945512384176254        0.3843328817851963
        0.1695512384176254       -0.0601115626592480
       -0.3304487615823746        0.6065551040074184
        0.6695512384176254       -0.5045560071036924
       -0.5804487615823746        0.1621106595629742
        0.4195512384176254        0.8287773262296407
       -0.0804487615823746       -0.8749263774740628
        0.9195512384176254       -0.2082597108073961
        0.1070512384176254       -0.6527041552518406
       -0.3929487615823746        0.0139625114148261
        0.6070512384176254        0.6806291780814924
       -0.6429487615823746       -0.4304819330296183
        0.3570512384176254        0.2361847336370482
       -0.1429487615823746        0.9028514003037147
       -0.7679487615823746       -0.1341856367333221
        0.2320512384176254        0.5324810299333445
       -0.2679487615823746       -0.5786300811777665
        0.7320512384176254        0.0880365854889000
       -0.5179487615823746        0.7547032521555666
        0.4820512384176254       -0.3564078589555443
       -0.0179487615823746        0.3102588077111224
        0.0289262384176254       -0.3234860482559558
       -0.4710737615823746        0.3431806184107107
        0.5289262384176254       -0.7679304927004003
       -0.7210737615823746       -0.1012638260337336
        0.2789262384176254        0.5654028406329328
       -0.2210737615823746       -0.5457082704781779
        0.7789262384176254        0.1209583961884886
        0.1539262384176254       -0.9160786408485484
       -0.3460737615823746       -0.2494119741818818
        0.6539262384176254        0.4172546924847849
       -0.5960737615823746       -0.6938564186263261
        0.4039262384176254       -0.0271897519596596
       -0.0960737615823746        0.6394769147070067
       -0.9085737615823746        0.1950324702625625
        0.0914262384176254        0.8616991369292291
       -0.4085737615823746       -0.8420045667744743
        0.5914262384176254       -0.1753379001078077
       -0.6585737615823746        0.4913287665588588
        0.3414262384176254       -0.6197823445522521
       -0.1585737615823746        0.0468843221144144
       -0.7835737615823746       -0.3975601223300299
        0.2164262384176254        0.2691065443366367
       -0.2835737615823746        0.9357732110033032
       -0.5335737615823746       -0.2987946902312645
        0.4664262384176254        0.3678719764354019
       -0.0335737615823746       -0.7432391346757088
        0.9664262384176254       -0.0765724680090423
        0.0601762384176254       -0.5210169124534867
       -0.4398237615823746        0.1456497542131800
        0.5601762384176254        0.8123164208798466
        0.3101762384176254       -0.2247206161571904
       -0.1898237615823746        0.4419460505094763
       -0.8148237615823746       -0.0024983939349682
        0.1851762384176254        0.6641682727316982
       -0.3148237615823746       -0.4469428383794126
        0.6851762384176254        0.2197238282872540
        0.4351762384176254       -0.8173132087497830
       -0.0648237615823746       -0.1506465420831163
        0.1226762384176254        0.0715756801391056
       -0.3773237615823746        0.7382423468057722
        0.6226762384176254       -0.3728687643053386
       -0.6273237615823746        0.2937979023613280
       -0.1273237615823746       -0.9407699988732398
        0.8726762384176254       -0.2741033322065731
       -0.7523237615823746        0.3925633344600934
        0.2476762384176254       -0.7185477766510175
       -0.2523237615823746       -0.0518811099843509
        0.7476762384176254        0.6147855566823155
       -0.5023237615823746       -0.4963255544287953
        0.4976762384176254        0.1703411122378713
       -0.0023237615823746        0.8370077789045378
        0.0035356134176254        0.4666374085341676
       -0.4964643865823746       -0.6444737025769434
        0.5035356134176254        0.0221929640897232
        0.2535356134176254       -0.4222514803547213
       -0.2464643865823746        0.2444151863119453
        0.1285356134176254       -0.1259551840584250
       -0.3714643865823746        0.5407114826082415
        0.6285356134176254       -0.5703996285028694
       -0.6214643865823746        0.0962670381637971
        0.3785356134176254        0.7629337048304636
       -0.1214643865823746       -0.3481774062806472
        0.8785356134176254        0.3184892603860194
        0.0660356134176254       -0.9819222622477254
       -0.4339643865823746       -0.3152555955810586
        0.5660356134176254        0.3514110710856078
        0.3160356134176254       -0.0930333733588364
       -0.1839643865823746        0.5736332933078299
        0.8160356134176254       -0.5374778178032809
       -0.8089643865823746        0.1291888488633857
        0.1910356134176254        0.7958555155300522
       -0.3089643865823746       -0.9078481881736513
        0.6910356134176254       -0.2411815215069846
       -0.5589643865823746        0.4254851451596819
        0.4410356134176254       -0.6856259659514290
       -0.0589643865823746       -0.0189592992847624
        0.0347856134176254        0.2032629229374596
       -0.4652143865823746        0.8699295896041261
        0.5347856134176254       -0.8337741140995771
       -0.7152143865823746       -0.1671074474329105
        0.2847856134176254        0.4995592192337559
       -0.2152143865823746       -0.6115518918773550
        0.7847856134176254        0.0551147747893115
        0.1597856134176254       -0.3893296696551327
       -0.3402143865823746        0.2773369970115338
        0.4097856134176254       -0.2905642375563673
       -0.0902143865823746        0.3761024291102990
       -0.9027143865823746       -0.0683420153341451
        0.0972856134176254        0.5983246513325213
       -0.4027143865823746       -0.5127864597785896
        0.5972856134176254        0.1538802068880771
        0.3472856134176254       -0.8831568301489600
       -0.1527143865823746       -0.2164901634822932
        0.8472856134176254        0.4501765031843734
        0.2222856134176254        0.0057320587399288
       -0.2777143865823746        0.6723987254065953
        0.7222856134176254       -0.4387123857045154
       -0.5277143865823746        0.2279542809621511
       -0.0277143865823746       -0.8090827560748859
        0.9722856134176254       -0.1424160894082191
        0.0191606134176254       -0.5868605338526636
       -0.4808393865823746        0.0798061328140027
        0.5191606134176254        0.7464727994806692
       -0.7308393865823746       -0.3646383116304414
        0.2691606134176254        0.3020283550362250
       -0.2308393865823746        0.9686950217028916
       -0.8558393865823746       -0.2658728795316759
        0.1441606134176254        0.4007937871349905
       -0.3558393865823746       -0.7103173239761205
        0.6441606134176254       -0.0436506573094537
       -0.6058393865823746        0.6230160093572126
        0.3941606134176254       -0.4880951017538981
       -0.1058393865823746        0.1785715649127684
        0.0816606134176254       -0.1917988054576019
       -0.4183393865823746        0.4748678612090647
        0.5816606134176254       -0.6362432499020463
       -0.6683393865823746        0.0304234167646202
        0.3316606134176254        0.6970900834312865
       -0.1683393865823746       -0.4140210276798241
        0.8316606134176254        0.2526456389868423
        0.2066606134176254       -0.7843913980501944
       -0.2933393865823746       -0.1177247313835278
        0.7066606134176254        0.5489419352831386
       -0.5433393865823746       -0.5621691758279723
        0.4566606134176254        0.1044974908386942
       -0.0433393865823746        0.7711641575053607
        0.0504106134176254        0.9933863797275830
        0.5504106134176254       -0.3289730167058872
       -0.6995893865823746        0.3376936499607792
        0.3004106134176254       -0.7734174611503317
       -0.1995893865823746       -0.1067507944836650
        0.8004106134176254        0.5599158721830013
       -0.8245893865823746       -0.5511952389281094
        0.1754106134176254        0.1154714277385571
       -0.3245893865823746        0.7821380944052236
       -0.5745893865823746       -0.2548989426318131
        0.4254106134176254        0.4117677240348534
       -0.0745893865823746       -0.6993433870762575
        0.9254106134176254       -0.0326767204095909
        0.1129106134176254       -0.4771211648540353
       -0.3870893865823746        0.1895455018126311
        0.3629106134176254       -0.1808248685577390
       -0.1370893865823746        0.4858417981089274
       -0.7620893865823746        0.0413973536644829
        0.2379106134176254        0.7080640203311495
       -0.2620893865823746       -0.4030470907799613
        0.7379106134176254        0.2636195758867053
       -0.0120893865823746       -0.3042816586811958
        0.0113481134176254       -0.0820594364589736
       -0.4886518865823746        0.5846072302076928
        0.5113481134176254       -0.5265038809034180
       -0.7386518865823746        0.1401627857632486
        0.2613481134176254        0.8068294524299151
       -0.2386518865823746       -0.8968742512737885
        0.7613481134176254       -0.2302075846071218
       -0.8636518865823746        0.4364590820595449
        0.1363481134176254       -0.6746520290515662
       -0.3636518865823746       -0.0079853623848996
        0.6363481134176254        0.6586813042817667
       -0.6136518865823746       -0.4524298068293440
        0.3863481134176254        0.2142368598373225
       -0.1136518865823746        0.8809035265039891
       -0.9261518865823746       -0.1561335105330477
        0.0738481134176254        0.5105331561336188
       -0.4261518865823746       -0.6005779549774921
        0.5738481134176254        0.0660887116891742
       -0.6761518865823746        0.7327553783558407
        0.3238481134176254       -0.3783557327552699
       -0.1761518865823746        0.2883109339113965
        0.1988481134176254       -0.2795903006565045
       -0.3011518865823746        0.3870763660101619
       -0.5511518865823746       -0.0573680784342823
        0.4488481134176254        0.6092985882323840
       -0.0511518865823746       -0.5018125228787267
        0.9488481134176254        0.1648541437879398
        0.0425981134176254       -0.8721828932490971
       -0.4574018865823746       -0.2055162265824304
        0.5425981134176254        0.4611504400842361
       -0.7074018865823746       -0.6499606710268748
        0.2925981134176254        0.0167059956397917
       -0.2074018865823746        0.6833726623064580
        0.7925981134176254       -0.4277384488046526
       -0.8324018865823746        0.2389282178620138
        0.1675981134176254        0.9055948845286803
       -0.3324018865823746       -0.7981088191750230
        0.6675981134176254       -0.1314421525083563
       -0.5824018865823746        0.5352245141583101
        0.4175981134176254       -0.5758865969528008
       -0.0824018865823746        0.0907800697138657
       -0.8949018865823746       -0.3536643747305785
        0.1050981134176254        0.3130022919360880
       -0.6449018865823746       -0.3207425640309901
        0.3550981134176254        0.3459241026356763
       -0.1449018865823746       -0.7651870084754345
        0.8550981134176254       -0.0985203418087679
       -0.7699018865823746        0.5681463248578984
        0.2300981134176254       -0.5429647862532123
       -0.2699018865823746        0.1237018804134542
        0.4800981134176254       -0.2466684899569160
       -0.0199018865823746        0.4199981767097505
       -0.9730268865823746       -0.0244462677346938
        0.0269731134176254        0.6422203989319724
       -0.4730268865823746       -0.4688907121791382
        0.5269731134176254        0.1977759544875282
        0.2769731134176254       -0.8392610825495086
       -0.2230268865823746       -0.1725944158828420
        0.7769731134176254        0.4940722507838244
        0.1519731134176254        0.0496278063393800
       -0.3480268865823746        0.7162944730060465
        0.6519731134176254       -0.3948166381050642
       -0.5980268865823746        0.2718500285616023
       -0.0980268865823746       -0.9627178726729655
        0.9019731134176254       -0.2960512060062988
       -0.9105268865823746        0.3706154606603675
        0.0894731134176254       -0.7404956504507432
       -0.4105268865823746       -0.0738289837840765
        0.5894731134176254        0.5928376828825899
       -0.6605268865823746       -0.5182734282285208
        0.3394731134176254        0.1483932384381457
       -0.1605268865823746        0.8150599051048122
       -0.7855268865823746       -0.2219771319322247
        0.2144731134176254        0.4446895347344419
       -0.2855268865823746       -0.6664215763766690
        0.7144731134176254        0.0002450902899975
       -0.5355268865823746        0.6669117569566638
        0.4644731134176254       -0.4441993541544469
       -0.0355268865823746        0.2224673125122196
        0.0582231134176254       -0.1479030578581506
       -0.4417768865823746        0.5187636088085159
        0.5582231134176254       -0.5923475023025950
       -0.6917768865823746        0.0743191643640713
        0.3082231134176254        0.7409858310307378
       -0.1917768865823746       -0.3701252800803728
        0.8082231134176254        0.2965413865862936
        0.1832231134176254       -0.9380265146482741
       -0.3167768865823746       -0.2713598479816074
        0.6832231134176254        0.3953068186850590
       -0.5667768865823746       -0.7158042924260517
        0.4332231134176254       -0.0491376257593852
       -0.0667768865823746        0.6175290409072811
       -0.8792768865823746        0.1730845964628369
        0.1207231134176254        0.8397512631295034
       -0.3792768865823746       -0.8639524405742000
        0.6207231134176254       -0.1972857739075333
       -0.6292768865823746        0.4693808927591332
        0.3707231134176254       -0.6417302183519777
       -0.1292768865823746        0.0249364483146888
       -0.7542768865823746       -0.4195079961297555
        0.2457231134176254        0.2471586705369109
       -0.2542768865823746        0.9138253372035774
       -0.5042768865823746       -0.1232116998334593
        0.4957231134176254        0.5434549668332072
       -0.0042768865823746       -0.5676561442779036
        0.0074418634176254       -0.3454339220556815
       -0.4925581365823746        0.3212327446109851
        0.2574418634176254       -0.3125121113560929
       -0.2425581365823746        0.3541545553105734
       -0.8675581365823746       -0.0902898891338707
        0.1324418634176254        0.5763767775327955
       -0.3675581365823746       -0.5347343335783152
        0.6324418634176254        0.1319323330883513
        0.3824418634176254       -0.9051047039486856
       -0.1175581365823746       -0.2384380372820188
        0.8824418634176254        0.4282286293846476
        0.0699418634176254       -0.0162158150597966
       -0.4300581365823746        0.6504508516068694
