        0.6589943692088127        0.1059753114915923
        0.4089943692088127        0.4393086448249256
        0.9089943692088127        0.7726419781582589
        0.0964943692088127        0.2170864226027034
        0.5964943692088127        0.5504197559360366
        0.3464943692088127        0.8837530892693699
        0.8464943692088127        0.3281975337138145
        0.2214943692088127        0.6615308670471478
        0.7214943692088127        0.9948642003804811
        0.4714943692088127        0.0113251057302754
        0.9714943692088127        0.3446584390636088
        0.0183693692088127        0.6779917723969420
        0.5183693692088127        0.1224362168413865
        0.2683693692088127        0.4557695501747199
        0.7683693692088127        0.7891028835080530
        0.1433693692088127        0.2335473279524976
        0.6433693692088127        0.5668806612858309
        0.3933693692088127        0.9002139946191642
        0.8933693692088127        0.0483621427673124
        0.0808693692088127        0.3816954761006458
        0.5808693692088127        0.7150288094339791
        0.3308693692088127        0.1594732538784236
        0.8308693692088127        0.4928065872117569
        0.2058693692088127        0.8261399205450900
        0.7058693692088127        0.2705843649895347
        0.4558693692088127        0.6039176983228679
        0.9558693692088127        0.9372510316562012
        0.0496193692088127        0.0853991798043495
        0.5496193692088127        0.4187325131376828
        0.2996193692088127        0.7520658464710160
        0.7996193692088127        0.1965102909154606
        0.1746193692088127        0.5298436242487938
        0.6746193692088127        0.8631769575821271
        0.4246193692088127        0.3076214020265717
        0.9246193692088127        0.6409547353599050
        0.1121193692088127        0.9742880686932383
        0.6121193692088127        0.0236707847426211
        0.3621193692088127        0.3570041180759544
        0.8621193692088127        0.6903374514092876
        0.2371193692088127        0.1347818958537322
        0.7371193692088127        0.4681152291870656
        0.4871193692088127        0.8014485625203988
        0.9871193692088127        0.2458930069648433
        0.0105568692088127        0.5792263402981767
        0.5105568692088127        0.9125596736315099
        0.2605568692088127        0.0607078217796581
        0.7605568692088127        0.3940411551129915
        0.1355568692088127        0.7273744884463248
        0.6355568692088127        0.1718189328907692
        0.3855568692088127        0.5051522662241025
        0.8855568692088127        0.8384855995574357
        0.0730568692088127        0.2829300440018804
        0.5730568692088127        0.6162633773352136
        0.3230568692088127        0.9495967106685469
        0.8230568692088127        0.0977448588166952
        0.1980568692088127        0.4310781921500285
        0.6980568692088127        0.7644115254833618
        0.4480568692088127        0.2088559699278063
        0.9480568692088127        0.5421893032611395
        0.0418068692088127        0.8755226365944727
        0.5418068692088127        0.3199670810389174
        0.2918068692088127        0.6533004143722506
        0.7918068692088127        0.9866337477055839
        0.1668068692088127        0.0360164637549667
        0.6668068692088127        0.3693497970883001
        0.4168068692088127        0.7026831304216333
        0.9168068692088127        0.1471275748660779
        0.1043068692088127        0.4804609081994112
        0.6043068692088127        0.8137942415327444
        0.3543068692088127        0.2582386859771890
        0.8543068692088127        0.5915720193105223
        0.2293068692088127        0.9249053526438555
        0.7293068692088127        0.0730535007920038
        0.4793068692088127        0.4063868341253372
        0.9793068692088127        0.7397201674586704
        0.0261818692088127        0.1841646119031149
        0.5261818692088127        0.5174979452364482
        0.2761818692088127        0.8508312785697814
        0.7761818692088127        0.2952757230142261
        0.1511818692088127        0.6286090563475593
        0.6511818692088127        0.9619423896808925
        0.4011818692088127        0.1100905378290409
        0.9011818692088127        0.4434238711623742
        0.0886818692088127        0.7767572044957074
        0.5886818692088127        0.2212016489401520
        0.3386818692088127        0.5545349822734852
        0.8386818692088127        0.8878683156068184
        0.2136818692088127        0.3323127600512631
        0.7136818692088127        0.6656460933845963
        0.4636818692088127        0.9989794267179296
        0.9636818692088127        0.0008084162012402
        0.0574318692088127        0.3341417495345735
        0.5574318692088127        0.6674750828679068
        0.3074318692088127        0.1119195273123513
        0.8074318692088127        0.4452528606456846
        0.1824318692088127        0.7785861939790178
        0.6824318692088127        0.2230306384234624
        0.4324318692088127        0.5563639717567957
        0.9324318692088127        0.8896973050901290
        0.1199318692088127        0.0378454532382772
        0.6199318692088127        0.3711787865716106
        0.3699318692088127        0.7045121199049439
        0.8699318692088127        0.1489565643493884
        0.2449318692088127        0.4822898976827217
        0.7449318692088127        0.8156232310160548
        0.4949318692088127        0.2600676754604995
        0.9949318692088127        0.5934010087938327
        0.0066506192088127        0.9267343421271660
        0.5066506192088127        0.0748824902753143
        0.2566506192088127        0.4082158236086476
        0.7566506192088127        0.7415491569419809
        0.1316506192088127        0.1859936013864254
        0.6316506192088127        0.5193269347197587
        0.3816506192088127        0.8526602680530919
        0.8816506192088127        0.2971047124975365
        0.0691506192088127        0.6304380458308698
        0.5691506192088127        0.9637713791642031
        0.3191506192088127        0.0131540952135859
        0.8191506192088127        0.3464874285469192
        0.1941506192088127        0.6798207618802524
        0.6941506192088127        0.1242652063246970
        0.4441506192088127        0.4575985396580303
        0.9441506192088127        0.7909318729913636
        0.0379006192088127        0.2353763174358081
        0.5379006192088127        0.5687096507691415
        0.2879006192088127        0.9020429841024747
        0.7879006192088127        0.0501911322506229
        0.1629006192088127        0.3835244655839563
        0.6629006192088127        0.7168577989172896
        0.4129006192088127        0.1613022433617340
        0.9129006192088127        0.4946355766950674
        0.1004006192088127        0.8279689100284006
        0.6004006192088127        0.2724133544728451
        0.3504006192088127        0.6057466878061785
        0.8504006192088127        0.9390800211395117
        0.2254006192088127        0.0872281692876600
        0.7254006192088127        0.4205615026209933
        0.4754006192088127        0.7538948359543266
        0.9754006192088127        0.1983392803987711
        0.0222756192088127        0.5316726137321043
        0.5222756192088127        0.8650059470654375
        0.2722756192088127        0.3094503915098822
        0.7722756192088127        0.6427837248432154
        0.1472756192088127        0.9761170581765487
        0.6472756192088127        0.0254997742259315
        0.3972756192088127        0.3588331075592649
        0.8972756192088127        0.6921664408925982
        0.0847756192088127        0.1366108853370427
        0.5847756192088127        0.4699442186703760
        0.3347756192088127        0.8032775520037092
        0.8347756192088127        0.2477219964481538
        0.2097756192088127        0.5810553297814871
        0.7097756192088127        0.9143886631148204
        0.4597756192088127        0.0625368112629686
        0.9597756192088127        0.3958701445963019
        0.0535256192088127        0.7292034779296352
        0.5535256192088127        0.1736479223740797
        0.3035256192088127        0.5069812557074130
        0.8035256192088127        0.8403145890407462
        0.1785256192088127        0.2847590334851908
        0.6785256192088127        0.6180923668185241
        0.4285256192088127        0.9514257001518573
        0.9285256192088127        0.0995738483000056
        0.1160256192088127        0.4329071816333390
        0.6160256192088127        0.7662405149666722
        0.3660256192088127        0.2106849594111168
        0.8660256192088127        0.5440182927444500
        0.2410256192088127        0.8773516260777833
        0.7410256192088127        0.3217960705222279
        0.4910256192088127        0.6551294038555612
        0.9910256192088127        0.9884627371888944
        0.0144631192088127        0.0049236425386888
        0.5144631192088127        0.3382569758720221
        0.2644631192088127        0.6715903092053553
        0.7644631192088127        0.1160347536497999
        0.1394631192088127        0.4493680869831332
        0.6394631192088127        0.7827014203164664
        0.3894631192088127        0.2271458647609110
        0.8894631192088127        0.5604791980942443
        0.0769631192088127        0.8938125314275776
        0.5769631192088127        0.0419606795757258
        0.3269631192088127        0.3752940129090591
        0.8269631192088127        0.7086273462423924
        0.2019631192088127        0.1530717906868369
        0.7019631192088127        0.4864051240201702
        0.4519631192088127        0.8197384573535034
        0.9519631192088127        0.2641829017979480
        0.0457131192088127        0.5975162351312813
        0.5457131192088127        0.9308495684646145
        0.2957131192088127        0.0789977166127628
        0.7957131192088127        0.4123310499460962
        0.1707131192088127        0.7456643832794294
        0.6707131192088127        0.1901088277238740
        0.4207131192088127        0.5234421610572072
        0.9207131192088127        0.8567754943905405
        0.1082131192088127        0.3012199388349850
        0.6082131192088127        0.6345532721683184
        0.3582131192088127        0.9678866055016516
        0.8582131192088127        0.0172693215510344
        0.2332131192088127        0.3506026548843678
        0.7332131192088127        0.6839359882177010
        0.4832131192088127        0.1283804326621456
        0.9832131192088127        0.4617137659954789
        0.0300881192088127        0.7950470993288121
        0.5300881192088127        0.2394915437732567
        0.2800881192088127        0.5728248771065900
        0.7800881192088127        0.9061582104399233
        0.1550881192088127        0.0543063585880715
        0.6550881192088127        0.3876396919214048
        0.4050881192088127        0.7209730252547382
        0.9050881192088127        0.1654174696991826
        0.0925881192088127        0.4987508030325159
        0.5925881192088127        0.8320841363658491
        0.3425881192088127        0.2765285808102937
        0.8425881192088127        0.6098619141436270
        0.2175881192088127        0.9431952474769603
        0.7175881192088127        0.0913433956251085
        0.4675881192088127        0.4246767289584418
        0.9675881192088127        0.7580100622917751
        0.0613381192088127        0.2024545067362196
        0.5613381192088127        0.5357878400695528
        0.3113381192088127        0.8691211734028861
        0.8113381192088127        0.3135656178473307
        0.1863381192088127        0.6468989511806640
        0.6863381192088127        0.9802322845139972
        0.4363381192088127        0.0296150005633801
        0.9363381192088127        0.3629483338967134
        0.1238381192088127        0.6962816672300467
        0.6238381192088127        0.1407261116744913
        0.3738381192088127        0.4740594450078245
        0.8738381192088127        0.8073927783411577
        0.2488381192088127        0.2518372227856023
        0.7488381192088127        0.5851705561189356
        0.4988381192088127        0.9185038894522689
        0.9988381192088127        0.0666520376004172
        0.0017678067088127        0.3999853709337505
        0.5017678067088127        0.7333187042670838
        0.2517678067088127        0.1777631487115283
        0.7517678067088127        0.5110964820448616
        0.1267678067088127        0.8444298153781947
        0.6267678067088127        0.2888742598226394
        0.3767678067088127        0.6222075931559726
        0.8767678067088127        0.9555409264893059
        0.0642678067088127        0.1036890746374542
        0.5642678067088127        0.4370224079707875
        0.3142678067088127        0.7703557413041208
        0.8142678067088127        0.2148001857485653
        0.1892678067088127        0.5481335190818986
        0.6892678067088127        0.8814668524152318
        0.4392678067088127        0.3259112968596764
        0.9392678067088127        0.6592446301930097
        0.0330178067088127        0.9925779635263430
        0.5330178067088127        0.0090388688761373
        0.2830178067088127        0.3423722022094707
        0.7830178067088127        0.6757055355428039
        0.1580178067088127        0.1201499799872484
        0.6580178067088127        0.4534833133205818
        0.4080178067088127        0.7868166466539149
        0.9080178067088127        0.2312610910983595
        0.0955178067088127        0.5645944244316928
        0.5955178067088127        0.8979277577650261
        0.3455178067088127        0.0460759059131743
        0.8455178067088127        0.3794092392465077
        0.2205178067088127        0.7127425725798410
        0.7205178067088127        0.1571870170242855
        0.4705178067088127        0.4905203503576188
        0.9705178067088127        0.8238536836909519
        0.0173928067088127        0.2682981281353966
        0.5173928067088127        0.6016314614687298
        0.2673928067088127        0.9349647948020631
        0.7673928067088127        0.0831129429502114
        0.1423928067088127        0.4164462762835447
        0.6423928067088127        0.7497796096168780
        0.3923928067088127        0.1942240540613225
        0.8923928067088127        0.5275573873946557
        0.0798928067088127        0.8608907207279890
        0.5798928067088127        0.3053351651724336
        0.3298928067088127        0.6386684985057669
        0.8298928067088127        0.9720018318391002
        0.2048928067088127        0.0213845478884830
        0.7048928067088127        0.3547178812218164
        0.4548928067088127        0.6880512145551495
        0.9548928067088127        0.1324956589995941
        0.0486428067088127        0.4658289923329275
        0.5486428067088127        0.7991623256662607
        0.2986428067088127        0.2436067701107052
        0.7986428067088127        0.5769401034440386
        0.1736428067088127        0.9102734367773718
        0.6736428067088127        0.0584215849255200
        0.4236428067088127        0.3917549182588534
        0.9236428067088127        0.7250882515921867
        0.1111428067088127        0.1695326960366312
        0.6111428067088127        0.5028660293699644
        0.3611428067088127        0.8361993627032976
        0.8611428067088127        0.2806438071477423
        0.2361428067088127        0.6139771404810755
        0.7361428067088127        0.9473104738144088
        0.4861428067088127        0.0954586219625571
        0.9861428067088127        0.4287919552958904
        0.0095803067088127        0.7621252886292237
        0.5095803067088127        0.2065697330736682
        0.2595803067088127        0.5399030664070014
        0.7595803067088127        0.8732363997403346
        0.1345803067088127        0.3176808441847793
        0.6345803067088127        0.6510141775181125
        0.3845803067088127        0.9843475108514458
        0.8845803067088127        0.0337302269008287
        0.0720803067088127        0.3670635602341620
        0.5720803067088127        0.7003968935674952
        0.3220803067088127        0.1448413380119398
        0.8220803067088127        0.4781746713452731
        0.1970803067088127        0.8115080046786063
        0.6970803067088127        0.2559524491230509
        0.4470803067088127        0.5892857824563842
        0.9470803067088127        0.9226191157897174
        0.0408303067088127        0.0707672639378657
        0.5408303067088127        0.4041005972711991
        0.2908303067088127        0.7374339306045323
        0.7908303067088127        0.1818783750489768
        0.1658303067088127        0.5152117083823101
        0.6658303067088127        0.8485450417156433
        0.4158303067088127        0.2929894861600880
        0.9158303067088127        0.6263228194934212
        0.1033303067088127        0.9596561528267544
        0.6033303067088127        0.1078043009749028
        0.3533303067088127        0.4411376343082361
        0.8533303067088127        0.7744709676415693
        0.2283303067088127        0.2189154120860139
        0.7283303067088127        0.5522487454193471
        0.4783303067088127        0.8855820787526804
        0.9783303067088127        0.3300265231971250
        0.0252053067088127        0.6633598565304583
        0.5252053067088127        0.9966931898637915
        0.2752053067088127        0.0021801583137231
        0.7752053067088127        0.3355134916470564
        0.1502053067088127        0.6688468249803896
        0.6502053067088127        0.1132912694248342
        0.4002053067088127        0.4466246027581675
        0.9002053067088127        0.7799579360915007
        0.0877053067088127        0.2244023805359453
        0.5877053067088127        0.5577357138692786
        0.3377053067088127        0.8910690472026118
        0.8377053067088127        0.0392171953507601
        0.2127053067088127        0.3725505286840934
        0.7127053067088127        0.7058838620174267
        0.4627053067088127        0.1503283064618712
        0.9627053067088127        0.4836616397952045
        0.0564553067088127        0.8169949731285376
        0.5564553067088127        0.2614394175729823
        0.3064553067088127        0.5947727509063155
        0.8064553067088127        0.9281060842396488
        0.1814553067088127        0.0762542323877971
        0.6814553067088127        0.4095875657211305
        0.4314553067088127        0.7429208990544637
        0.9314553067088127        0.1873653434989083
        0.1189553067088127        0.5206986768322415
        0.6189553067088127        0.8540320101655747
        0.3689553067088127        0.2984764546100194
        0.8689553067088127        0.6318097879433526
        0.2439553067088127        0.9651431212766859
        0.7439553067088127        0.0145258373260687
        0.4939553067088127        0.3478591706594021
        0.9939553067088127        0.6811925039927352
        0.0056740567088127        0.1256369484371799
        0.5056740567088127        0.4589702817705132
        0.2556740567088127        0.7923036151038464
        0.7556740567088127        0.2367480595482910
        0.1306740567088127        0.5700813928816243
        0.6306740567088127        0.9034147262149576
        0.3806740567088127        0.0515628743631058
        0.8806740567088127        0.3848962076964391
        0.0681740567088127        0.7182295410297724
        0.5681740567088127        0.1626739854742169
        0.3181740567088127        0.4960073188075502
        0.8181740567088127        0.8293406521408834
        0.1931740567088127        0.2737850965853280
        0.6931740567088127        0.6071184299186613
        0.4431740567088127        0.9404517632519945
        0.9431740567088127        0.0885999114001428
        0.0369240567088127        0.4219332447334762
        0.5369240567088127        0.7552665780668094
        0.2869240567088127        0.1997110225112539
        0.7869240567088127        0.5330443558445871
        0.1619240567088127        0.8663776891779204
        0.6619240567088127        0.3108221336223650
        0.4119240567088127        0.6441554669556983
        0.9119240567088127        0.9774888002890315
        0.0994240567088127        0.0268715163384144
        0.5994240567088127        0.3602048496717478
        0.3494240567088127        0.6935381830050810
        0.8494240567088127        0.1379826274495256
        0.2244240567088127        0.4713159607828589
        0.7244240567088127        0.8046492941161920
        0.4744240567088127        0.2490937385606367
        0.9744240567088127        0.5824270718939699
        0.0212990567088127        0.9157604052273032
        0.5212990567088127        0.0639085533754515
        0.2712990567088127        0.3972418867087848
        0.7712990567088127        0.7305752200421181
        0.1462990567088127        0.1750196644865626
        0.6462990567088127        0.5083529978198958
        0.3962990567088127        0.8416863311532290
        0.8962990567088127        0.2861307755976737
        0.0837990567088127        0.6194641089310069
        0.5837990567088127        0.9527974422643402
        0.3337990567088127        0.1009455904124885
        0.8337990567088127        0.4342789237458218
        0.2087990567088127        0.7676122570791550
        0.7087990567088127        0.2120567015235996
        0.4587990567088127        0.5453900348569328
        0.9587990567088127        0.8787233681902661
        0.0525490567088127        0.3231678126347107
        0.5525490567088127        0.6565011459680440
        0.3025490567088127        0.9898344793013772
        0.8025490567088127        0.0062953846511716
        0.1775490567088127        0.3396287179845049
        0.6775490567088127        0.6729620513178382
        0.4275490567088127        0.1174064957622827
        0.9275490567088127        0.4507398290956161
        0.1150490567088127        0.7840731624289492
        0.6150490567088127        0.2285176068733939
        0.3650490567088127        0.5618509402067271
        0.8650490567088127        0.8951842735400604
        0.2400490567088127        0.0433324216882086
        0.7400490567088127        0.3766657550215420
        0.4900490567088127        0.7099990883548752
        0.9900490567088127        0.1544435327993198
        0.0134865567088127        0.4877768661326531
        0.5134865567088127        0.8211101994659862
        0.2634865567088127        0.2655546439104309
        0.7634865567088127        0.5988879772437641
        0.1384865567088127        0.9322213105770973
        0.6384865567088127        0.0803694587252457
        0.3884865567088127        0.4137027920585790
        0.8884865567088127        0.7470361253919122
        0.0759865567088127        0.1914805698363568
        0.5759865567088127        0.5248139031696900
        0.3259865567088127        0.8581472365030233
        0.8259865567088127        0.3025916809474679
        0.2009865567088127        0.6359250142808012
        0.7009865567088127        0.9692583476141344
        0.4509865567088127        0.0186410636635173
        0.9509865567088127        0.3519743969968506
        0.0447365567088127        0.6853077303301838
        0.5447365567088127        0.1297521747746284
        0.2947365567088127        0.4630855081079617
        0.7947365567088127        0.7964188414412949
        0.1697365567088127        0.2408632858857395
        0.6697365567088127        0.5741966192190728
        0.4197365567088127        0.9075299525524061
        0.9197365567088127        0.0556781007005543
        0.1072365567088127        0.3890114340338877
        0.6072365567088127        0.7223447673672210
        0.3572365567088127        0.1667892118116655
        0.8572365567088127        0.5001225451449988
        0.2322365567088127        0.8334558784783319
        0.7322365567088127        0.2779003229227766
        0.4822365567088127        0.6112336562561098
        0.9822365567088127        0.9445669895894431
        0.0291115567088127        0.0927151377375914
        0.5291115567088127        0.4260484710709247
        0.2791115567088127        0.7593818044042580
        0.7791115567088127        0.2038262488487025
        0.1541115567088127        0.5371595821820356
        0.6541115567088127        0.8704929155153689
        0.4041115567088127        0.3149373599598136
        0.9041115567088127        0.6482706932931468
        0.0916115567088127        0.9816040266264801
        0.5916115567088127        0.0309867426758630
        0.3416115567088127        0.3643200760091963
        0.8416115567088127        0.6976534093425295
        0.2166115567088127        0.1420978537869741
        0.7166115567088127        0.4754311871203074
        0.4666115567088127        0.8087645204536406
        0.9666115567088127        0.2532089648980852
        0.0603615567088127        0.5865422982314185
        0.5603615567088127        0.9198756315647517
        0.3103615567088127        0.0680237797129000
        0.8103615567088127        0.4013571130462333
        0.1853615567088127        0.7346904463795666
        0.6853615567088127        0.1791348908240112
        0.4353615567088127        0.5124682241573444
        0.9353615567088127        0.8458015574906775
        0.1228615567088127        0.2902460019351222
        0.6228615567088127        0.6235793352684554
        0.3728615567088127        0.9569126686017887
        0.8728615567088127        0.1050608167499370
        0.2478615567088127        0.4383941500832704
        0.7478615567088127        0.7717274834166036
        0.4978615567088127        0.2161719278610482
        0.9978615567088127        0.5495052611943814
        0.0037209317088127        0.8828385945277146
        0.5037209317088127        0.3272830389721593
        0.2537209317088127        0.6606163723054925
        0.7537209317088127        0.9939497056388258
        0.1287209317088127        0.0104106109886202
        0.6287209317088127        0.3437439443219535
        0.3787209317088127        0.6770772776552867
        0.8787209317088127        0.1215217220997313
        0.0662209317088127        0.4548550554330646
        0.5662209317088127        0.7881883887663977
        0.3162209317088127        0.2326328332108424
        0.8162209317088127        0.5659661665441756
        0.1912209317088127        0.8992994998775089
        0.6912209317088127        0.0474476480256572
        0.4412209317088127        0.3807809813589906
        0.9412209317088127        0.7141143146923238
        0.0349709317088127        0.1585587591367683
        0.5349709317088127        0.4918920924701017
        0.2849709317088127        0.8252254258034347
