        0.9000000000000000        0.6589943692088127
        0.9100000000000000        0.4089943692088127
        0.9200000000000000        0.9089943692088127
        0.9300000000000000        0.0964943692088127
        0.9399999999999999        0.5964943692088127
        0.9500000000000000        0.3464943692088127
        0.9600000000000000        0.8464943692088127
        0.9700000000000000        0.2214943692088127
        0.9800000000000000        0.7214943692088127
        0.9900000000000000        0.4714943692088127
        1.0000000000000000        0.9714943692088127
        0.0100000000000000        0.0183693692088127
        0.0200000000000000        0.5183693692088127
        0.0300000000000000        0.2683693692088127
        0.0400000000000000        0.7683693692088127
        0.0500000000000000        0.1433693692088127
        0.0600000000000000        0.6433693692088127
        0.0700000000000000        0.3933693692088127
        0.0800000000000000        0.8933693692088127
        0.0900000000000000        0.0808693692088127
        0.1000000000000000        0.5808693692088127
        0.1100000000000000        0.3308693692088127
        0.1200000000000000        0.8308693692088127
        0.1300000000000000        0.2058693692088127
        0.1400000000000000        0.7058693692088127
        0.1500000000000000        0.4558693692088127
        0.1600000000000000        0.9558693692088127
        0.1700000000000000        0.0496193692088127
        0.1800000000000000        0.5496193692088127
        0.1900000000000000        0.2996193692088127
        0.2000000000000000        0.7996193692088127
        0.2100000000000000        0.1746193692088127
        0.2200000000000000        0.6746193692088127
        0.2300000000000000        0.4246193692088127
        0.2400000000000000        0.9246193692088127
        0.2500000000000000        0.1121193692088127
        0.2600000000000000        0.6121193692088127
        0.2700000000000000        0.3621193692088127
        0.2800000000000000        0.8621193692088127
        0.2900000000000000        0.2371193692088127
        0.3000000000000000        0.7371193692088127
        0.3100000000000000        0.4871193692088127
        0.3200000000000000        0.9871193692088127
        0.3300000000000000        0.0105568692088127
        0.3400000000000000        0.5105568692088127
        0.3500000000000000        0.2605568692088127
        0.3600000000000000        0.7605568692088127
        0.3700000000000000        0.1355568692088127
        0.3800000000000000        0.6355568692088127
        0.3900000000000000        0.3855568692088127
        0.4000000000000000        0.8855568692088127
        0.4100000000000000        0.0730568692088127
        0.4200000000000000        0.5730568692088127
        0.4300000000000000        0.3230568692088127
        0.4400000000000000        0.8230568692088127
        0.4500000000000000        0.1980568692088127
        0.4600000000000000        0.6980568692088127
        0.4700000000000000        0.4480568692088127
        0.4800000000000000        0.9480568692088127
        0.4900000000000000        0.0418068692088127
        0.5000000000000000        0.5418068692088127
        0.5100000000000000        0.2918068692088127
        0.5200000000000000        0.7918068692088127
        0.5300000000000000        0.1668068692088127
        0.5400000000000000        0.6668068692088127
        0.5500000000000000        0.4168068692088127
        0.5600000000000001        0.9168068692088127
        0.5700000000000000        0.1043068692088127
        0.5800000000000000        0.6043068692088127
        0.5900000000000000        0.3543068692088127
        0.6000000000000000        0.8543068692088127
        0.6100000000000000        0.2293068692088127
        0.6200000000000000        0.7293068692088127
        0.6300000000000000        0.4793068692088127
        0.6400000000000000        0.9793068692088127
        0.6500000000000000        0.0261818692088127
        0.6600000000000000        0.5261818692088127
        0.6700000000000000        0.2761818692088127
        0.6800000000000000        0.7761818692088127
        0.6899999999999999        0.1511818692088127
        0.7000000000000000        0.6511818692088127
        0.7100000000000000        0.4011818692088127
        0.7200000000000000        0.9011818692088127
        0.7300000000000000        0.0886818692088127
        0.7400000000000000        0.5886818692088127
        0.7500000000000000        0.3386818692088127
        0.7600000000000000        0.8386818692088127
        0.7700000000000000        0.2136818692088127
        0.7800000000000000        0.7136818692088127
        0.7900000000000000        0.4636818692088127
        0.8000000000000000        0.9636818692088127
        0.8100000000000001        0.0574318692088127
        0.8200000000000000        0.5574318692088127
        0.8300000000000000        0.3074318692088127
        0.8400000000000000        0.8074318692088127
        0.8500000000000000        0.1824318692088127
        0.8600000000000000        0.6824318692088127
        0.8700000000000000        0.4324318692088127
        0.8800000000000000        0.9324318692088127
        0.8900000000000000        0.1199318692088127
