        0.7405703263451608        0.4159185820719758
        0.3874747598831512        0.4539229733686916
        0.6672640277681889        0.5744201176649560
        0.6761415731190922        0.6553383915634970
        0.2144692832970964        0.1969211846010587
        0.1238201870067738        0.6059963290311707
        0.4827410025154309        0.2778373532971737
        0.5823572116700896        0.4914955379626171
        0.4332308327425483        0.5492410650407775
        0.8168425728489468        0.5194627612102103
        0.5233350085406105        0.4173357971422364
        0.7980531891319006        0.5054618025715832
        0.6964987723252807        0.3554270766710352
        0.2810121015862164        0.7536303850417536
        0.4659506679483777        0.5879057338927681
        0.3515634393353972        0.4392904520217973
        0.3941260828344992        0.5148834537330333
        0.4213661139351673        0.4513070410050921
        0.4972141046777915        0.2039154759505538
        0.5610169843412326        0.6866396779441279
        0.3654003352524028        0.6131028675721932
        0.3768765794878637        0.6083700471380231
        0.4152612501086150        0.2205142082498517
        0.3772715786244525        0.8001077338032369
        0.5206033289035588        0.4032584679582208
        0.3859917055935402        0.1304448121509070
        0.5371368171739378        0.1491020811038733
        0.4330432982387508        0.6027621774955535
        0.4826545244872063        0.4181006956378190
        0.3797318731241573        0.5543009334481162
        0.4247843362314658        0.4690075144935748
        0.0301514531701150        0.4871787159316101
        0.2074132560410723        0.7810016123681918
        0.6365732038580412        0.2932066640930371
        0.8924221012463373        0.5360381815347607
        0.7062029290669778        0.6910410254717679
        0.6424200085955463        0.6447285151285406
        0.5409754178684462        0.7620141783116386
        0.5333475449157293        0.3454178985089991
        0.5114199522732283        0.6487889239026841
        0.4574206766584732        0.3776196807470451
        0.5988278241071758        0.3329300221818092
        0.5209911544352203        0.4616673594013265
        0.6532058357213478        0.5242049775755464
        0.4265118957989781        0.6738504991852625
        0.4413646990332258        0.4283636649964065
        0.5920525933917856        0.6648615523708729
        0.5691224168727960        0.4692050762232512
        0.3592751991877059        0.5234541116609049
        0.3556020830088753        0.5704225387633318
        0.5627262704531125        0.3386194420216558
        0.4132032593222756        0.1881732751582054
        0.4038211093896616        0.5756287242763551
        0.3475430392320708        0.6114079606778530
        0.6593613925050862        0.3128856964329103
        0.5759882165863459        0.4303127980555420
        0.3960587193641454        0.7940849717242577
        0.5208413592592167        0.1682995311098694
        0.6467600789321445        0.3250997348462059
        0.6077749437979292        0.4468662330624190
        0.5825485309833965        0.5045955523405677
        0.8118610113277935        0.4721468091937466
        0.4290074051384786        0.3285912088573644
        0.4629908132886082        0.4798832705004129
        0.1156670737125653        0.3420598933749419
        0.1392120834555074        0.2143175508549514
        0.4752486990037897        0.3651752644600164
        0.6041983524133230        0.6354728348877872
        0.6558724750183980        0.2737832801024759
        0.5362358041165288        0.0966946046773068
        0.7169215886745832        0.3055368432841241
        0.5886339449767515        0.6419521502562419
        0.4061889764672227        0.5154832962721135
        0.4977463232781396        0.6479848665005141
        0.3702805540454439        0.3624991363211676
        0.8431788830602868        0.4951571274807115
        0.3472935039577877        0.5690703818380259
        0.3276066672258649        0.5187931164853442
        0.4838037823390227        0.2316781518216729
        0.3825213888628053        0.5550273364364092
        0.3528273658347165        0.4178661388330395
        0.3792940101747668        0.2681540279165339
        0.5702413355844291        0.4315065493963250
        0.2149721303580664        0.3112017937841395
        0.5908000177558921        0.3413005485396563
        0.5546057226834645        0.5352419695529476
        0.2919603571165548        0.6055846856431996
        0.3441083454064955        0.5937803094501718
        0.5041582845146587        0.3173620097250138
        0.4143103383517029        0.6619165556305613
        0.3247720032334747        0.4304432087295105
        0.6523448100948321        0.2667930194786133
        0.3774668594416553        0.6373992410727537
        0.3291744060325407        0.5887253835918471
        0.5736123285190299        0.5836786797163447
        0.4615282234921358        0.4048545061673883
        0.1234546623677828        0.5078455366191433
        0.6166740109169181        0.3558956831457784
        0.5516417209654799        0.6349864191161437
        0.4524500998081181        0.6250218379520273
        0.7269077917633532        0.6058478154906036
        0.4669403962339274        0.6282322962122502
        0.3865842690558372        0.5244704348161824
        0.6991205078946924        0.5367571476225408
        0.6060482305862335        0.5687895143456827
        0.6567274780642247        0.5027518293647161
        0.4249862858943211        0.5292505448862289
        0.4620720210555717        0.4089624947213276
        0.6694866602169558        0.4494267238478582
        0.7205763936895171        0.2327999225412887
        0.4055164941167816        0.6062382452988759
        0.5665632878491259        0.8851385026087893
        0.4101672828002962        0.5091340579445455
        0.4667714392041650        0.6821100097600798
        0.2535934502768733        0.5878311192690295
        0.4571092440349899        0.5228673648914814
        0.3083553270513971        0.3404474639223459
        0.3389034367539275        0.6434503462128035
        0.6544837903426618        0.5854751098944646
        0.5588699979535025        0.5262299071925386
        1.0000000000000000        0.5177922074886824
        0.3407486064837547        0.3590887958063746
        0.4363500946556143        0.6445150717887937
        0.5005688902861737        0.4428407904012906
        0.7164443507824683        0.5501381518445807
        0.0686853347395445        0.4638333288199230
        0.3654332622610970        0.5735760584927813
        0.3164173324992209        0.2299599329520015
        0.4937843471066944        0.6942381370133929
        0.3672871179051306        0.3853103573388915
        0.5067883891235064        0.2417681412359100
        0.5404095848360821        0.3628750565114369
        0.4612522736049993        0.5110854582608126
        0.6078733256155326        0.7661025134265294
        0.3704694153481297        0.5308758064477421
        0.4958516661744755        0.2340335238078347
        0.4093380862418509        0.4413826613639418
        0.3687398756192164        0.3839953875892382
        0.5605335323913393        0.4439172690445790
        0.3558240626063237        0.3764364907610797
        0.6960443285189375        0.5241914119746478
        0.0860045854318585        0.6715996847649376
        0.3744664136147041        0.5937001958847541
        0.3389040138446963        0.3639613297477850
        0.2696223512806580        0.8075017689048498
        0.6497658576094866        0.4564840967982097
        0.3794452378822422        0.4994146522643379
        0.3704957191736483        0.7156518839337531
        0.5938979158841814        0.5013191754941062
        0.5180813706830606        0.5116826751318385
        0.4549420385685873        0.4331676992209970
        0.4047224688654802        0.6235792051307139
        0.5091811149281216        0.5019143273324387
        0.2620797544830301        0.4797374921782305
        0.5669730650189220        0.4516497465049480
        0.3950997922242209        0.5906695441119383
        0.5579052119020731        0.7892835274936906
        0.3574190093380131        0.4976274607143594
        0.3468558312336099        0.6215597632138797
        0.5141669192442099        0.5896335526524040
        0.4298002663302126        0.3142810223402869
        0.4534940070149105        0.6938403014471893
        0.5838509284948337        0.4824573787086617
        0.3811450644865733        0.6171146086285507
        0.8123754119371615        0.4201836130376856
        0.5049147540666860        0.6189396921168503
        0.3172867245521847        0.6414728305094920
        0.6061038370701602        0.4363836249871817
        0.4315540581218167        0.5254273851414147
        0.0428208703392993        0.4297732744338443
        0.6908330511454536        0.3495880137134668
        0.7306838452216320        0.5133974575753678
        0.6015350546215457        0.4360841664604307
        0.8155255249456869        0.3752683462837387
        0.2013649057591227        0.4153820908166077
        0.6960187170039374        0.5028593429233577
        0.6697446952282481        0.6927256241727339
        0.3114895246129729        0.2109704099943418
        0.5087838238902644        0.4039975778889985
        0.0461419463233015        0.3266980626689276
        0.5464115085082705        0.8238355826082567
        0.2992151250457126        0.2207158979922277
        0.6298257125160635        0.8127369086825825
        0.5798800188283756        0.3430559302364321
        0.5562362856097784        0.5049296239578339
        0.5911594075087591        0.2643959344247336
        0.4469601518733788        0.3642361513225166
        0.6688018267262662        0.4042014775047278
        0.7070506596775050        0.3851778143589391
        0.4433233853394434        0.5421652351028483
        0.3973274319270097        0.6897861424873867
        0.7310832526547629        0.5201869407895306
        0.4649808913675975        0.4102907243393485
        0.6334738342223308        0.4615844645962898
        0.3367543396074875        0.3563832852188152
        0.7542936204960059        0.3304726503006427
        0.4382408172410705        0.3450843638683441
        0.5366835342395656        0.9282728655872726
        0.4810345770180732        0.6763202274912040
        0.3635448693797525        0.3723859124642157
        0.6509499044264259        0.4277107353720176
        0.4330067431698934        0.4431248572373739
        0.1760112051438221        0.5876502557158603
        0.3891358166131152        0.2329589195122014
        0.5313236201679049        0.6090453515923928
        0.0443574940845892        0.6383751489676983
        0.7081053335097118        0.5414500384948135
        0.6025216902260557        0.4875088813854907
        0.2567381005421187        0.5581486993052864
        0.7553199097660672        0.4211347355690632
        0.5021114655755210        0.3950086598889415
        0.5390069606138441        0.3890022239478911
        0.4545841143788102        0.6930000877060420
        0.3987787172447353        0.5521156854707029
        0.4983699419201031        0.6294038158733876
        0.3678566326156660        0.4214217237723226
        0.6551303662810510        0.3903352218559047
        0.4540362228374806        0.6562716928907533
        0.4388556162856658        0.6538972806336197
        0.6220692963466444        0.4769407897753188
        0.4305519361781345        0.3648442094655019
        0.4420565187964595        0.5339011996556594
        0.3835740743686441        0.3026525060990957
        0.3147679911115344        0.7697556870813335
        0.3870205542194901        0.0389286114310060
        0.4633576055935010        0.6153244059361216
        0.4396407360933832        0.4155319945576631
        0.4781100510735806        0.6306809980091469
        0.1457392015603662        0.5550009996480191
        0.3214947539516934        0.4264905896003471
        0.3446180301407584        0.4617888184984992
        0.4728375497702746        0.3011773304106993
        0.6680189575400527        0.4201620271311461
        0.3251800836268290        0.2984016860281734
        0.4484691065604587        0.5150342410912391
        0.7965293842790200        0.4804015617277305
        0.6053299752594286        0.3643615915871838
        0.4538158589887296        0.3761268530585122
        0.2870005858508871        0.5192876171934030
        0.4056183445975040        0.1554488355175477
        0.5934396214185342        0.2356788479483519
        0.4607589255389331        0.4946784160622343
        0.5664831426317042        0.6316958499196994
        0.4641131731005170        0.4748563859762031
        0.5712464480271323        0.3547005798693176
        0.4057676424011915        0.4273961284461491
        0.2563085835917854        0.6262058115218972
        0.1369868984092213        0.5761871201878673
        0.5082209767912448        0.6653574337430488
        0.3800257193593468        0.2802266378822675
        0.4377278500195282        0.6653463015976528
        0.5955937036886805        0.4859998680809384
        0.6910922194034712        0.1960030057796754
        0.3332887029675847        0.5136924076022170
        0.4775675332170641        0.5599113648754848
        0.4463504592007451        0.3874477428023404
        0.5600946612415365        0.7239712824922596
        0.5041964902560435        0.4130208332948609
        0.5512984902427887        0.8759507672585795
        0.6410782835670131        0.6501587397246039
        0.3490287216846085        0.2402046348857749
        0.7240478369624493        0.4005740636429626
        0.2762126914358312        0.2233073850106481
        0.6365757666517354        0.4109606931494733
        0.3990312316209088        0.3202450467193735
        0.4043346073525996        0.3635740691544868
        0.5805093331700937        0.2632001627696841
        0.2237236172855115        0.3439649135854566
        0.4938549883652041        0.4792353961062650
        0.5335631031983147        0.6097120006909079
        0.3558830110442739        0.6053909075402034
        0.1666889346111772        0.7922148223396464
        0.1086205613917329        0.6620097587019741
        0.3676918089024574        0.2318174378423125
        0.3000267466995954        0.3499720584256701
        0.2089677814219897        0.5085137703982754
        0.6442739412395028        0.6212856017642645
        0.5801858366107628        0.3117645882488478
        0.4595597819982756        0.5867980500474231
        0.5822790447918239        0.6429864493812414
        0.2460598581953140        0.4772569731652946
        0.4517256484382122        0.6947164698172567
        0.5044930547349532        0.7205364814690925
        0.3830792863028416        0.2056209908262477
        0.4987166571911154        0.5149163187669846
        0.5587890233511107        0.2798515480617905
        0.2759326229995604        0.4190430879052002
        0.5157450810060300        0.7300282697218812
        0.3657668609742246        0.4540312329945586
        0.6193068075596890        0.4019037593096152
        0.5296160000964691        0.3805269651189480
        0.5154718003697757        0.4960121708303087
        0.7785426952271315        0.5733573706032279
        0.2353526921363969        0.7931302721265444
        0.4253888783309411        0.6714086232455028
        0.2864272460752599        0.4089400891601864
        0.3373091261495392        0.8735308700585738
        0.5373892305449557        0.3455287004155435
        0.2785891533208820        0.5886044570446246
        0.6543336497736589        0.8475142153182845
        0.2935460870049366        0.6739620646674293
        0.6672589639188120        0.3209220936133235
        0.4299755174108462        0.4739993312127714
        0.3542037877542963        0.3644645506801409
        0.2190618185031481        0.5783355853355326
        0.3982998327464075        0.5258496373287358
        0.3098704375799159        0.6068669302211424
        0.2609256929266359        0.4366744604064275
        0.2831707207083110        0.3665344442251426
        0.2728988232160856        0.4895050159454142
        0.3620542533717380        0.3749614370215119
        0.6411619259723691        0.6071553791576515
        0.3073959207420851        0.2767571742691719
        0.3964700793508313        0.3132424126196282
        0.6268552510533947        0.5803875992322287
        0.3892549954764897        0.7181265222904279
        0.5347153989298281        0.5173650153919188
        0.7812993431891653        0.4083650377390134
        0.5244279779885611        0.3858171835604643
        0.4299974738542627        0.5377545783377807
        0.5644786433757443        0.4265715269112220
        0.3296322221868502        0.4962627376668309
        0.5423907076840268        0.6733405173503864
        0.6183609682132707        0.4242843024482524
        0.2536717292069816        0.5298163395742026
        0.3479164528642579        0.4539007311806129
        0.5341246399336492        0.5475320546029294
        0.3623548054652105        0.6714585650462548
        0.6006220664419094        0.6109369006998827
        0.7971411075467336        0.5872829634567537
        0.4003091891478678        0.4684253413546656
        0.5696019100211922        0.3204773977529110
        0.5555347530199976        0.5368020740464701
        0.6711374736547948        0.6388372089363020
        0.4330152134810952        0.4450877996139825
        0.4758841587290532        0.3370245019766715
        0.5068455541236480        0.6783451174864512
        0.4864003036574729        0.5776631132849598
        0.3417056150505692        0.8741139283650313
        0.7950046029010790        0.4656588294684269
        0.4383342079283376        0.6195584242546341
        0.3869027920010947        0.6175456696125176
        0.6515784205303986        0.4714123276229330
        0.4517220211749510        0.5353274959112446
        0.4330300214893744        0.5951818334892123
        0.4380727617635660        0.3210955594555190
        0.5718397343460051        0.5448047395951049
        0.3685210710887876        0.4840386824284253
        0.3690607999323425        0.4461049684832308
        0.4582082741353889        0.3870089821456387
        0.5505280846136243        0.7371806929005889
        0.3447303301505474        0.5885252610862137
        0.3479999961794657        0.4411217069170919
        0.5235208369858217        0.6102071992754209
        0.6421060996317087        0.3209471691697343
        0.6717287536737103        0.4137888053669803
        0.5313092778721925        0.7613983981481379
        0.2652624937420475        0.3065759644066792
        0.7753190095066353        0.5909732646792600
        0.6683633370995939        0.4570684367652348
        0.6097374983770872        0.5720787443405286
        0.4445403478709446        0.5424995528850710
        0.6009181871115972        0.4925134364488021
        0.4437769051882530        0.1952628850575817
        0.3609746143922439        0.5294687710370554
        0.6446722152500461        0.4543895484153445
        0.6060527815538632        0.4399436858381944
        0.4555970733275687        0.5835905546238837
        0.5276202738036674        0.2239729439936628
        0.6103427816237690        0.3855582901526294
        0.8019371210698170        0.4859955089401646
        0.3927447873480540        0.4541639007178394
        0.6812864775237208        0.3579921188990508
        0.5043612939463543        0.4149767200533208
        0.3384452872769002        0.2467737998359028
        0.6231695850078662        0.4231408622763960
        0.5107462816700196        0.3894725191191395
        0.3701745735863509        0.2636058339499849
        0.4632133455597754        0.4865954295975091
        0.6111368138880160        0.4857416222929795
        0.0000000000000000        0.4977309824325528
        0.4922282852263670        0.6392105229840023
        0.7091970723605523        0.4850007507602821
        0.4195111692602496        0.6933454528278108
        0.6272400777356981        0.4477348757879493
        0.2419855778765293        0.5786680761678433
        0.6559486128868716        0.3255714155106864
        0.5936036597685663        0.5684398601417380
        0.6800324386191398        0.5293216753826969
        0.2142511634180555        0.1905193623221218
        0.5873302079261832        0.3807798143635923
        0.4230620915926852        0.7130319713196400
        0.3612015550032996        0.3629226185922270
        0.5567766539146703        0.1684671289522764
        0.7166676560168415        0.3180632958599370
        0.2272859543942326        0.0720993923372919
        0.4260483131339385        0.6328091873653926
        0.5919194278589065        0.4962720575167247
        0.4307803937189232        0.4416462612232124
        0.3852090464376771        0.5747997571210550
        0.5874301299243930        0.3417091070331679
        0.5421122487508804        0.4356594235907155
        0.4018633840253649        0.1866534026628583
        0.4829219407161655        0.2967983815851655
        0.4536337048957403        0.4851722054912207
        0.6195284857847194        0.5962565604530500
        0.4494267385770259        0.4030182696850687
        0.6472203941628827        0.5971782648197196
        0.3288971071340110        0.3905793578252645
        0.5957723440975329        0.3438032652615083
        0.7083211789265220        0.4135238434151466
        0.5797232156141046        0.5181613062231408
        0.4408196188815650        0.5702278601937546
        0.6434451477264735        0.4393293451139764
        0.5270977101635029        0.3822658044342755
        0.1790947114967510        0.3616489036758978
        0.6869660848418759        0.4346086887640015
        0.3819453854404147        0.2897620980179981
        0.6030454644367158        0.3729245082373518
        0.4203717681706733        0.4787207872094227
        0.3918601381692045        0.3081398317953705
        0.6384677535018082        0.4732293248027883
        0.5705799573886257        0.3480810456984742
        0.5135297622173559        0.5990985825467570
        0.6267008228724305        0.3660796344046276
        0.5457327144542476        0.5172000459286772
        0.3000758686562117        0.2888328087173593
        0.1988289577724081        0.4315255462985130
        0.2027688447158152        0.5407017725733752
        0.3198124400324224        0.2396614829684665
        0.5830764469327411        0.3751588557265049
        0.1725093609948710        0.4450794340251449
        0.5185927796446926        0.2423249887205906
        0.2015551356244347        0.7497029620242313
        0.2268323931118399        0.4418548525058510
        0.5199435867224879        0.4248195280412374
        0.6248084221168592        0.5053645533597804
        0.5767743286599613        0.7254943877630478
        0.4037998247451398        0.4394183018550342
        0.3196486889242848        0.2758600917137536
        0.5498730436987954        0.5599978988529358
        0.4167922826383261        0.6025000229314481
        0.5367990756316956        0.6257744004847591
        0.4880940872960051        0.5948977497099645
        0.3687190946002713        0.3601306689786336
        0.5658566950183913        0.0756497721243944
        0.2938239103706344        0.8482142530357477
        0.8780608341817864        0.5439086179426175
        0.7007751143896788        0.3068849715560809
        0.4158706439744793        0.3180781724091087
        0.5204853053729790        0.6266076689613419
        0.4394398226237159        0.4849817339502164
        0.3883673815240722        0.5365025471553136
        0.4198796641987924        0.2465224117373419
        0.3496569070350929        0.4651326598918056
        0.4444502680946033        0.5643255627128755
        0.6982369428152301        0.4789882597859978
        0.4574644211502729        0.5080250776520946
        0.4728480005945809        0.5234257835159950
        0.2886846328848038        0.3440691085382536
        0.3893017434763142        0.5250962795850681
        0.7309778216638469        0.3340119586022621
        0.4344595613249889        0.4836009374116503
        0.6068007985838876        0.6266859833405677
        0.6670700097056110        0.7112817976037925
        0.6782115337646383        0.5951899574271787
        0.4959697628467272        0.5276957799155864
        0.4626723706745021        0.6510221537285482
        0.2516355699777694        0.5849481747720507
        0.4616677616125777        0.6657169779510803
        0.6818449176379523        0.4077945645870190
        0.2499424104098526        0.5026651130982903
        0.6386925158931687        0.3224589403943779
        0.3067098917932033        0.5064996710658991
        0.5389115717227667        0.3533923439166693
        0.5968871362179834        0.6125097275678927
        0.5448883375196476        0.2495384187622387
        0.3791219289296546        0.3741056726112649
        0.1744660278733006        0.3566034481838918
        0.8566443843092998        0.7982448650363094
        0.7047566527959085        0.5118194152270107
        0.3926903642089870        0.4086904025559627
        0.3832205464884800        0.2776178603320517
        0.2989213660379433        0.4481980818606522
        0.5357419081689976        0.4045914502332709
        0.6828857286847150        0.5375470431877193
        0.4407317835366779        0.7237899492599557
        0.2988734214354483        0.3350873121290983
        0.7048126304770961        0.3796661099252135
        0.7346898076577266        0.5280031041139253
        0.7334280004449524        0.6561224523728575
        0.7196417551574027        0.5025522203139645
        0.4766446540402693        0.5233551391213412
        0.7135956963285113        0.6852344046601092
        0.3925662351111761        0.4560232218876402
        0.5720600942340084        0.4941031983283182
        0.3405226238536229        0.2247994403218005
        0.8768022657109149        0.6287681401481814
        0.4743914708712342        0.4594456495762939
        0.5582311406265132        0.3159363183237731
        0.4141880183396829        0.5357005398305518
        0.6101315779070543        0.6333425741273492
        0.7530738648263042        0.2868985945228766
        0.4634198403063288        0.5287831935684851
        0.3783435711536057        0.5937531541784755
        0.8936747716716333        0.5024440016790543
        0.8558512587817843        0.7137123188822446
        0.5662547954066984        0.4855735032393301
        0.2286631914826599        0.2337211400890009
        0.3127071249352368        0.4942269067820735
        0.4208629980744645        0.5003001175690790
        0.3799332358978650        0.6374032087304186
        0.6634551473593580        0.5935344919874390
        0.5116688703151102        0.5691210880060460
        0.6495395663257488        0.5353004716637431
        0.5202216192087109        0.5011942983314417
        0.5630389594026909        0.5477396920192210
        0.8494426563732435        0.6356530817649029
        0.3093294847406642        0.6831570667029971
        0.5297213755969362        0.5219985903142688
        0.4778356401038187        0.4352229073323017
        0.2534941574651876        0.2160898913544873
        0.3555487103274786        0.5093666259698303
        0.5024240087041261        0.3564552992923936
        0.1924222993855777        0.6868878533232603
        0.3386284474319678        0.8282380430417486
        0.3892732803489363        0.5051720364144245
        0.5140231556478925        0.5039180024947425
        0.4548168800749698        0.4978992087961820
        0.5612896609891034        0.4927120570974403
        0.4195738537093997        0.4786735503103882
        0.6834204432363989        0.2764037143867882
        0.4827490928290173        0.5403322002134316
        0.5296828077410275        0.3435401890337064
        0.5739750449167956        0.6948675828440068
        0.2803996344393999        0.4717608111919583
        0.2308815664744832        0.4177393893105038
        0.3348101603320024        0.4142161532966046
        0.7350415439828216        0.4807841157337259
        0.4294905419849462        0.5576767800572137
        0.4783605502946631        0.5953463642414175
        0.4126154261212820        0.6874008914760478
        0.4425721122826372        0.8479752480628807
        0.3893219875894755        0.5846103663949599
        0.2176634812368623        0.3669118221061974
        0.4111608051943186        0.7800357853132522
        0.4811423624383370        0.9665815304129388
        0.3508799660024808        0.4369201144302020
        0.5768746212541513        0.4983782505350968
        0.5043534366892057        0.6624175696589887
        0.3457998521186632        0.5360653120293073
        0.1159451096098670        0.5662021700995193
        0.7195511008023640        0.5006249777971880
        0.4698565493756307        0.4054431000558032
        0.5949611044228856        0.2096396873579096
        0.3839316448223329        0.5922691231876130
        0.2965543034420011        0.2247202898196176
        0.2400403735615523        0.3266148165766043
        0.4431006213671900        0.5387347605038085
        0.5031107554805171        0.4338863210284753
        0.6064563732155692        0.5230171009289828
        0.7260983991652671        0.4059511889180932
        0.3902765923894281        0.3359963810810598
        0.5028538535839777        0.5016945153224617
        0.4688397199528617        0.5136081245458172
        0.2689855905976877        0.6073228016639060
        0.4892650220458328        0.6103862609763073
        0.5712827651454698        0.6296887270261300
        0.6082489923930436        0.4166358172784820
        0.5849924204162152        0.5760567570607154
        0.6164069787907457        0.5418753032208727
        0.4316963902489131        0.7682585967215271
        0.6273702827495315        0.7248196271558766
        0.3670930853915310        0.4438987693339674
        0.5457954296922661        0.4615411305976418
        0.3645714946042104        0.6006382540825010
        0.3057435580460882        0.5936984090680848
        0.4722322352971282        0.6051956210449897
        0.2220501149762621        0.2278546380087957
        0.3193888461854506        0.4720976335478526
        0.5274342549149657        0.3318547185981514
        0.2818298167861402        0.6125981841908208
        0.5712766620627435        0.4644003832106890
        0.7610092801932231        0.3823437702348978
        0.7448621825864417        0.3141564161326033
        0.5620919690679747        0.3242590997760175
        0.4772596609880593        0.3231879772335061
        0.2619800739861511        0.5047831256277105
        0.5282281362611689        0.5667164246478161
        0.6595980569505014        0.4177134735624505
        0.5609857904860367        0.4042115911501220
        0.6429305490495667        0.6238185893633650
        0.3803774206067986        0.4599926674149160
        0.5519936313496669        0.4206435775312540
        0.2502396947033691        0.2752737380754242
        0.2905415996467559        0.2226803819228894
        0.5267347248339030        0.6070165891364342
        0.3822818069564297        0.4593092755086982
        0.5018786832290707        0.5855349017286779
        0.5356022667422199        0.7153175992474536
        0.5877530524333107        0.4851972526749388
        0.3765442733136890        0.1186960134198776
        0.3535385006947193        0.6941378882682233
        0.3008826064911917        0.5176689637707758
        0.4330019335641181        0.6556506723889262
        0.5846677513892419        0.5419059245088678
        0.3272157190180011        0.3009126538703241
        0.6029171230407021        0.6421677313999499
        0.8209936410601355        0.4097778766103339
        0.4536020947328123        0.4934125527824039
        0.0497999472823247        0.1704629500653498
        0.4250267817223106        0.4778067955148032
        0.8352364286182793        0.4313053652904508
        0.7379010009368748        0.3904728089183226
        0.6735892580263222        0.5448243492109038
        0.4725048060329065        0.7337857155817297
        0.5829397006317583        0.5920840397908140
        0.4697097505808906        0.2913503083672705
        0.4340420031022410        0.4773041420430927
        0.3905919446609079        0.6706461740587084
        0.5896139714062945        0.5349315056304607
        0.5634457723450623        0.5150796018774705
        0.3570732526216882        0.3306937795338676
        0.3738192453769587        0.5787951749031477
        0.4076060908707912        0.7064228201219905
        0.2242270812383649        0.6988194695587573
        0.5602549291561401        0.3840155019108692
        0.3934398988281101        0.4242069751942826
        0.5441310426145161        0.5568083946853476
        0.1250937363692817        0.3626870237974865
        0.1369484725177887        0.5045761916445149
        0.4191521471913386        0.4391144931242134
        0.4829092682672777        0.5516630205414931
        0.5433578241908735        0.3295285354697036
        0.4350688630911770        0.6491120536421204
        0.5690563059639613        0.2563609812779307
        0.5408463212886530        0.1630078587230141
        0.4491763603691650        0.3216627257638071
        0.4060729249314990        0.6640660380153820
        0.3727060589799305        0.5973745780800122
        0.3840778383000250        0.5901454777313359
        0.4684449993451020        0.1089329332772303
        0.3691671848349817        0.4370597342681784
        0.5431621544461259        0.3612065226409642
        0.4502473930805768        0.6692793895743195
        0.6260317492918834        0.2914408395632346
        0.4380905795927794        0.1190095037500415
        0.4959720547671937        0.6781008209052165
        0.6760150447056389        0.5014276294773844
        0.2692224241930653        0.4413245378830254
        0.4262683654279659        0.5794126451831827
        0.6788363304558499        0.4870050855580072
        0.5797247619259159        0.4795690839067059
        0.3241094784741599        0.5194100920609908
        0.7692454441524856        0.5724838114631913
        0.3555752919020372        0.2901914566942321
        0.5380514822138593        0.1299761863075950
        0.5178636909810173        0.4083045803939707
        0.6461804940532083        0.6515819059946606
        0.7042456829351402        0.3571952262478099
        0.5811520534469476        0.3245452309069124
        0.3925701674738243        0.5184376637849237
        0.2807598685608204        0.4721254312408998
        0.5602254446841448        0.4205915895357872
        0.7112259681001823        0.5393573430983702
        0.3603834201956981        0.6616792143728234
        0.4397965960813862        0.2982161753484101
        0.5841303684977004        0.1904481818868680
        0.5977138156655460        0.2100249080106484
        0.2101469236716686        0.4127603564150741
        0.3902021668643478        0.0334184695870613
        0.5501303593116825        0.5430416528626467
        0.5315059999209011        0.7082782714035605
        0.6057667028600295        0.5626711651195061
        0.6109502090375811        0.4459673766254911
        0.3474182361304658        0.6217127239924952
        0.3068679890143520        0.6067432800945228
        0.3618464009898634        0.8422386624124160
        0.2932574381965176        0.7562849388400995
        0.3992325471518025        0.7298353545220568
        0.5802105656704174        0.2836426034949738
        0.4863727696253107        0.3184405568127905
        0.3626254943412081        0.4573097927798782
        0.3435121755391677        0.2382528415724597
        0.3454631586134012        0.3333961147575721
        0.5614525380941487        0.5562218667869928
        0.5729619880976629        0.4469941720518227
        0.5295498166833751        0.5532020411117331
        0.2022140149914984        0.5248143650970837
        0.3335746957231885        0.3346599138135053
        0.4612866640120417        0.5208510985123546
        0.5920331532001623        0.4501145237032306
        0.7727077076175103        0.5434661289225122
        0.6719787335868126        0.3446223883517194
        0.7490405099124182        0.2859184175182862
        0.9211458367730071        0.1899751614056595
        0.8098670042552452        0.5534253018887813
        0.4007434129476175        0.5632541450547860
        0.4355992104442669        0.3230711018494122
        0.5381036657712805        0.6656318228145133
        0.3831235532958445        0.8211403321085343
        0.5561697008555221        0.6484642443269534
        0.4196380169278303        0.5807133466192825
        0.7658124694533383        0.6228101743186498
        0.6090612033944415        0.8067797065793890
        0.4462968750117783        0.5884046892031323
        0.6414860907154588        0.5983975125578791
        0.5764694625741945        0.5057922911851388
        0.4505842825172403        0.5114017003964093
        0.4816128052685106        0.4273920937801578
        0.3772223925321802        0.2350219877558436
        0.4826201080980917        0.9509341882679102
        0.4126941811651240        0.7558464085166292
        0.5434471037447071        0.3099663111540292
        0.5917503108614846        0.7384658207903607
        0.5490439372062678        0.4764831476579094
        0.5945721853996974        0.6254206854878780
        0.4699699774000074        0.4797069114903812
        0.3676016260067840        0.2621482151342917
        0.4323973255517319        0.4317931703345558
        0.3728401992532169        0.4875268426672252
        0.2526611072668771        0.5469461617351781
        0.1903808519985856        0.4495889085990198
        0.2418582812307707        0.4490919683203394
        0.4130667667136178        0.7539719719233687
        0.7086684373927499        0.3447215544463954
        0.1360566266315465        0.5047584153424476
        0.3943071503829783        0.5756156329274713
        0.2530713114607299        0.5246212404033547
        0.3305639366822780        0.3644448157349277
        0.4177261742899248        0.5758365968764143
        0.5943826107477131        0.4821118220025429
        0.7362050734324860        0.6941816328583067
        0.6626543310880424        0.5055110610440159
        0.5910625438473099        0.3375928192968911
        0.2097356675500196        0.6534268841949437
        0.3169621726567969        0.2685901627902685
        0.3376187591640440        0.5586749646664123
        0.5159354980057502        0.2620444845780148
        0.5239012020646330        0.5362430199817683
        0.4165852809393176        0.4644670654317272
        0.2576412568996887        0.5475062546449737
        0.2448511550056988        0.5544790621739137
        0.2536556063362334        0.3531438647840958
        0.7109826707439674        0.2158434188228339
        0.4793551697566752        0.6537844016697799
        0.2143860781150320        0.7471362250250011
        0.3573277223484397        0.4269441991094560
        0.1061471164472228        0.4709580496381214
        0.4224592029549361        0.4300530006446465
        0.4214894645281669        0.5572951143462421
        0.4247377957486845        0.2145095642311739
        0.5207903531707395        0.4427199237478217
        0.5195750614617719        0.8176761342191726
        0.3932679754130025        0.4503529683238943
        0.5871848538990034        0.5422821038589123
        0.6356074383140777        0.9110379642876968
        0.5092297995680027        0.3677923899184490
        0.4981453938034144        0.6187188549235376
        0.7431112441731946        0.5831795847293575
        0.5307041295621598        0.5004134397338242
        0.3822476240289078        0.5746125282638749
        0.5188663387254274        0.4727556975405225
        0.5993666800916385        0.7247880588116337
        0.5455554399656131        0.4334395671953995
        0.4854036774836625        0.5065769044292658
        0.4971920526676846        0.4061190324820177
        0.2668543116848794        0.2594084124939196
        0.8003497387239061        0.4418604410132699
        0.8262263073186609        0.3747532316625338
        0.4067909697706827        0.6283840526191224
        0.2099187608955119        0.7074999494270428
        0.4937661717487528        0.3224605826377390
        0.6347764175301353        0.5923267516458920
        0.4181797610293620        0.4994635704546031
        0.2748423006457546        0.4228960953391420
        0.0889727432487333        0.3396985887140789
        0.3903916461220370        0.4388160402704242
        0.2450844240983709        0.5693886035050384
        0.3976572919286919        0.7104701148828996
        0.6609534524357852        0.5312537196052035
        0.3818655989697014        0.5325833983989317
        0.4033015462690298        0.5208460933494483
        0.4394352074498915        0.7796161384998648
        0.6375172120861599        0.5422253541358031
        0.4400896198642684        0.5662078590423584
        0.5829358563640382        0.5370396481083175
        0.2785664463950108        0.4252657289264695
        0.2704347566277365        0.6041346213745865
        0.2618583267885323        0.3112834415364398
        0.3601081703564399        0.5142252490478642
        0.6009294940427006        0.5856505330674623
        0.6941927888856435        0.4826708177648831
        0.4345782173383971        0.3444744538793553
        0.2347700032021574        0.4962801037418647
        0.5469332386295725        0.8856331205781045
        0.4507165467051221        0.7851888685884608
        0.3691100673503130        0.9017601809596215
        0.4260119018282901        0.3464289312336560
        0.2889808199177711        0.3282825222326654
        0.5281837639333838        0.7183021046663098
        0.4504723276632500        0.6587646422141754
        0.5749020075632414        0.4152692726976954
        0.4074199234976085        0.5272036065233392
        0.7302747287061609        0.5177230774805236
        0.2409332562919591        0.6285480220227442
        0.6178405421020199        0.5055965030480069
        0.4952137698758026        0.4133647210947201
        0.4290763641372274        0.6194252044743057
        0.2120398649487744        0.2729562847558907
        0.4841118810941416        0.6891243588815271
        0.3538026230258600        0.6564650109355381
        0.5458591717758782        0.4925589394071141
        0.4006568591385437        0.1870574815638254
        0.4037680257316167        0.3536479057349169
        0.3986644589172931        0.3792383329994075
        0.4189635724284546        0.5821062488832017
        0.4888274082178928        0.5523391952382473
        0.4408575059090212        0.7179762419932491
        0.4533620952873667        0.8278806410989907
        0.4225044289636411        0.5810590288987079
        0.5474957838597477        0.9501335543894098
        0.8157217994510827        0.7559556609305290
        0.2826020153832214        0.6523323554503365
        0.2607769674952470        0.3445755711484613
        0.4383659813214580        0.6878703247778185
        0.5848870391011922        0.4250704230219066
        0.3975059724204075        0.7124449185306687
        0.4192951419698303        0.6524128751385341
        0.1224832965072036        0.2987348831963828
        0.2831941392647923        0.7727739508241359
        0.4971637770839607        0.5402495644020825
        0.6352159208407946        0.8159768720214279
        0.4573816891194205        0.5772747518717420
        0.3003679666331089        0.6151982584606557
        0.6875408369684479        0.3637982261174301
        0.5375559457667272        0.4100086219929824
        0.5248763751415608        0.6021644243382184
        0.3756282861318503        0.2239680015150564
        0.3550781099058749        0.5458853278317668
        0.4362632949632689        0.6322804268555464
        0.3618446630420760        0.6951986196045795
        0.4094122885215589        0.2373189310963515
        0.4320172841808524        0.5950304145063305
        0.4085676188456693        0.4619383659539191
        0.4262789403792691        0.6691227756934701
        0.4343579342941790        0.9141293566148613
        0.4248813252051596        0.5672631849354370
        0.4056626937313688        0.3599623790310820
        0.2847560051091500        0.3598863519154964
        0.4058952197058370        0.5125305375922430
        0.3330724704752395        0.5314446869021606
        0.4905624396648264        0.3737614818528209
        0.3298361860112327        0.5939553209553569
        0.3888446950915962        0.6687207004634440
        0.7816818500032846        0.6244958345400372
        0.4652001874155418        0.7156645408790419
        0.3683997378301043        0.4440758409556565
        0.5743732375275237        0.4417595960762413
        0.8241731453836868        0.3034394738705334
        0.4690281572766047        0.5178302777388081
        0.5789438444541778        0.1652509044143603
        0.4947175457551769        0.4698785407123089
        0.5582999515646365        0.6853181254266880
        0.6045975342607921        0.6125290426446720
        0.4342142941549395        0.3065376256689055
        0.6974308229088001        0.2791436789184865
        0.5780246110803672        0.4542099446572853
        0.9380679376003555        0.4085781673117123
        0.3896268296197484        0.6819790943675075
        0.5554773252558979        0.4768164776052078
        0.4602587907997082        0.6557820924655999
        0.5202724884493359        0.6935829544212050
        0.3381697374465722        0.6066315960193409
        0.4387337416367942        0.4003448305633247
        0.5725318444724572        0.5872855002139536
        0.6641446439089327        0.5183757770117194
        0.5381116004330800        0.6192227933413190
        0.6311915165487315        0.3837854305656720
        0.2886770710537264        0.6382437885390508
        0.4599521333721586        0.3356372759270392
        0.6042045455110028        0.8333056100280496
        0.6098051719782086        0.6344037437398861
        0.3496096695072630        0.7367335562341435
        0.4633133056129480        0.6570786393237625
        0.4522072835217583        0.3859800178908127
        0.3869184295218298        0.1417022960495524
        0.6955402931235769        0.4365364582578263
        0.4099558473980169        0.6691704901115054
        0.4995655480698903        0.7237487178187837
        0.2977579677118029        0.6277674551554161
        0.5306766568069463        0.3323611000598197
        0.5260711818450364        0.2473173022387333
        0.5383786425009598        0.3500381823053781
        0.5467116872754516        0.5664504528540447
        0.4677394257884895        0.5789971755488140
        0.2048660297307235        0.2189090372628176
        0.4377973441565128        0.8907553957760844
        0.6438953091546974        0.3891605495042622
        0.4490038957702974        0.6741874847765308
        0.5064737927508919        0.6088682736013735
        0.6353473318435509        0.5269009593380096
        0.4262689470086406        0.7632250856720875
        0.5596904911526388        0.3474790059087973
        0.2871521850656061        0.3410358688022413
        0.4291285243525435        0.5087244205614784
        0.5090945797832542        0.4788956867327705
        0.6102719172040205        0.5403048196229024
        0.5263824739586742        0.7071319457436722
        0.4861732068111230        0.4737415456510939
        0.7227818216081031        0.5332625742732541
        0.2765399777587181        0.3304305416661713
        0.4974360201347497        0.2608333948555797
        0.5821726262079303        0.3875934110519108
        0.6508782066974166        0.4704860029641128
        0.3818569477512572        0.5548586853518835
        0.3559076142016580        0.5438357014870074
        0.5319373769111084        0.2900852308764609
        0.5239393278611426        0.5526958577901970
        0.4454250108692858        0.3057720527032513
        0.4024736286396338        0.4793725518807467
        0.5945121061811695        0.6121579290424393
        0.3264593685065452        0.8202435417813800
        0.7153997166698410        0.4716099513732658
        0.3160882553296931        0.3769002606948721
        0.6620631690721811        0.2936996489919605
        0.2433528694518167        0.7689590031065746
        0.6353013145372409        0.2879145962970426
        0.2872996720266928        0.8074793613875332
        0.2522790250050547        0.5172166927878639
        0.5965790535343830        0.3857634912196674
        0.2525414010944607        0.3595504722653902
        0.5924163157999176        0.4785451327789075
        0.2320246361821034        0.5383787571322260
        0.4712710735380380        0.5974458127654004
        0.1886733035635930        0.5207885306125394
        0.4853229184864983        0.4452462747427769
        0.5701638076699408        0.4275824446741154
        0.6957158551127280        0.6449735173316488
        0.3931647002182997        0.4615774270002966
        0.3890535113790798        0.3404367272120505
        0.1858260322680239        0.3442579680007383
        0.5327179712545524        0.3699026056986541
        0.4845094951020602        0.4773705816286028
        0.2276176847775171        0.6592240762896523
        0.6870716070467936        0.6584455468667605
        0.3558734862958103        0.4220510796219013
        0.7117494745004539        0.5546999921715896
        0.1687591487423558        0.7345924581951550
        0.4139424264197565        0.6405499895547678
        0.5251709719857942        0.5305593786664057
        0.6499858203568831        0.4617802587583579
        0.3129210973531212        0.4558276034175704
        0.5016104464182628        0.3461074223917952
        0.3600785125181599        0.6297243010550888
        0.5439095994109729        0.6549623514416949
        0.5936315814876570        0.3597293505019793
        0.2791303879259032        0.4134168111051697
        0.4701330907976721        0.3819077129205203
        0.7393776306442390        0.5321007310953572
        0.7842031636371922        0.6554587541997249
        0.4636491290672423        0.4126630492678775
        0.5265957954665662        0.7391815059579711
        0.6607537315783920        0.5057029507135078
        0.5564338308913332        0.3199430634033911
        0.5347082050764513        0.4767967830945492
        0.6204054681789877        0.6351192701159801
        0.6004332833472265        0.5883960795826230
        0.6661663990174707        0.3734060695020754
        0.4307574423232878        0.4089234571737980
        0.6575341319798743        0.8619169095401965
        0.4343938822105761        0.7492105828088620
        0.4307835004378043        0.4866874384903979
        0.5146725562424658        0.5725697897971125
        0.7912839871774519        0.2864077314934184
        0.3740783150950830        0.4024449687601282
        0.6354129014578381        0.5408183678801195
        0.5925825994362729        0.5145452717254467
        0.4396802514276173        0.7064464765523034
        0.6156609088121806        0.1133236651933482
        0.6353804073017196        0.7020247861347200
        0.4087391591058794        0.4961631582570420
        0.6179591766718923        0.5841023879078779
        0.4308556595560338        0.3436870603632631
        0.5928081917926643        0.4882975033206604
        0.5601754943992864        0.3478164873817751
        0.4190716524871329        0.4191224235062876
        0.5556386824122929        0.5830160783969461
        0.1869199381940761        0.5341825091853383
        0.5047262417787683        0.4580905248645697
        0.6458156868183201        0.2325531777303343
        0.3652010901294414        0.8311476052383324
        0.4888036272281664        0.4432027510729320
        0.7755295969726677        0.3056993975152211
        0.4709656339476276        0.6052586942602045
        0.3660988637896513        0.3162950100210425
        0.5908003700756357        0.4227496581141477
        0.6145808968482263        0.5087578313055704
        0.5063234632468167        0.4973082248591995
        0.3820798411470896        0.4033553908094917
