        0.8422181164496324        1.7530048074192195
       -1.1443528315967466        1.3296977555453158
       -0.8318130980823192        1.4817467676397114
       -0.1281519178486864        1.4033574133090059
        0.2741339658060346        1.9628416849933061
        0.6840669535250187        0.8339349618915864
        0.5566426939337860        1.3681703319460985
        0.9206191151805212        1.2945659868059460
        1.2305418266278478        1.3974130186547695
       -0.3963108343131908        1.9105727533052186
        1.1332910693289273        1.3623123789764606
        0.1223314629094462        1.4353838823958858
        0.1914351461638677        1.1806458207793997
       -0.4891196730123369        1.1763717658155739
       -0.8018469723040395        1.6145915296933548
        1.1142172188965427        1.1086335822595574
       -0.9178580267847992        1.2903530633223552
        0.3464260817048673        1.4149152025445306
        1.1026775165347713        1.4737339403733298
        0.8736705721226025        0.9020496295700962
       -0.8429930327210491        1.3506320475934677
       -0.8928143085197857        1.5261184248661988
        0.8503091792303006        1.2495232812422892
        0.9435733481916987        0.9557218775319465
        0.6849039547392491        1.7042764865991595
       -1.1920769810765421        1.5950714204592529
        0.9623588795323139        1.3700750241998942
        0.3392275356377483        1.3938130257461756
       -0.5430553916871100        0.9913760207147402
        0.7168707416382142        1.8406167784986580
       -0.5141539593806963        1.6875014987171730
       -0.1166143846995206        1.2777432379856368
       -0.7772451000492403        1.2361173268016965
        0.1144129146864602        1.4574753110010923
       -1.0382733904773336        1.3915800129348304
       -0.2877719313703226        1.9310722537879390
        0.9256092845442859        1.7181814510569393
       -0.5818281662902229        1.3581451194542955
        0.1718502123275282        1.0162074915033728
        0.7677998228628558        1.4059387828594989
       -0.1483323814260592        1.3313419524045391
        0.4108158647002831        1.8851773753264272
       -0.2380982272053476        1.3218405903910433
        0.2260911729701855        0.9960932194458444
        0.7712330828075695        1.5704436970846205
       -0.6337736477726857        1.8447407857045393
        0.6303846429673013        0.9096769757163964
        0.6183118069622792        1.8605214556917149
       -0.6075127011837802        1.1003561015297159
       -0.7826072766496291        1.4193009483571053
        0.9329038072629205        1.1219117545676878
       -0.3237693554908423        0.9604790968954119
        0.7715022115723904        1.0102584569065582
       -0.4914953544090878        1.0698330314616531
       -0.4314357358674497        1.0822813971681655
        0.5216499401188807        1.6501797729093433
       -1.0930846987398339        1.5271845633898478
       -0.7337929209298856        1.6977944406008629
       -0.4021924667441946        0.9378558559880217
        0.2473375044057632        1.6162459918683052
       -0.7159372557950245        0.8798516186773477
       -0.1176514752821141        1.2796545047278227
        0.8075266641665080        0.8448422915103840
        0.0070068307879896        1.7240007038406242
        0.7348454606362483        0.8294425256482293
        0.2605936117329868        1.2125072750665391
        0.5698728498429426        1.4949665440182986
       -0.9952184801324825        1.5974515708517960
        1.2914270360537217        1.3996371076975651
        0.7207720139009556        0.7531839488856442
        0.7069267321584172        1.1490164424119649
        1.0698006140085337        1.5263687401152262
        0.4127454746924070        1.7226803913177049
        1.0056487136719390        1.4590218040946350
        0.6703942119306094        1.3317738037506666
        0.8591991744737627        1.7495250361923689
       -0.2302416281018919        1.3290811189333240
       -0.8999309163698183        1.7279787436844916
       -0.2537899932598877        1.9272095316546565
        0.6216144350118509        1.2787511369780404
       -0.5956549013344195        1.3517611074692104
       -0.4695950724667066        1.3076140142690993
        0.1169512363876994        1.3346059778658883
       -0.5386866866338693        0.8750223766883486
       -1.2168329166403187        1.4657257877195158
       -1.0601118189482428        1.4345245263038202
       -0.0420654323181006        1.6706969442328041
        1.3388931725041080        1.4563846382519245
        0.0550981052573252        1.5504802279587904
        0.5514498662493545        1.6002137867534749
       -0.6876829329230421        0.9504468135025682
       -0.4936061363531001        1.8727268258724843
        0.2436517591511491        1.6860149738143395
        0.9158050025311814        1.5127047084675849
       -0.5087406456831725        0.8937998932942052
       -0.8591144719961107        0.9729982816151624
       -0.5738733105992702        1.4697861333425786
        0.0984260353788128        1.3147928634803301
       -0.3866217049921047        1.6126994285298104
        0.2573231194381991        1.6789822378103427
       -0.0913855439519264        1.5779553789703180
       -0.9661204903103223        1.7035847982161154
        1.0333042345556527        1.6409911688540237
       -0.5594697470043607        1.6066200856467019
       -0.4898528659564066        1.0766819074974845
        0.3376258055049647        1.4954528262697777
       -0.0556843922867220        1.2927517931045724
        0.3394914467140766        1.7258226481726018
        0.6357525938558016        1.6487989429373699
       -0.6878567137689240        1.0345913691631343
       -0.4020823484796466        0.9394138738513577
       -0.9184962412384244        1.2242221004239793
        0.7648307705485071        1.1735157416459512
        0.3440469750320767        0.9927073740216257
        1.0138912021963680        1.4655726201831034
       -0.8160932303971422        1.8230528725676995
        0.4038370628311369        1.3662237653430573
       -0.8499881283637111        1.2784711410132394
       -0.3409758579415861        1.2039784976595376
       -1.2687159950278450        1.5080798268523561
       -0.8175875223887648        1.6720776950344198
        1.2620383230675980        1.3351605292140141
        1.0629283885813667        1.4571625333456770
       -1.2991737978238871        1.3513611599691104
       -0.1414562132859765        1.5081440464118925
       -0.4162242729595370        1.2760003367486581
       -1.2944567965576959        1.3349154306674269
       -0.2322788093340427        1.4577856963919846
        1.1416488132242368        1.3060101585015254
       -0.1183905521977017        1.2890090346942433
        1.2183386853871512        1.2895337199710604
       -0.2742505665846680        1.6414880315264668
       -0.5233003604913369        1.4185880369923882
       -0.7264589719994937        1.7968611821635494
        0.0878415993561609        1.6412153205071689
        0.7365076216758966        1.1277333686035647
        0.7482832513286863        1.4618194919832912
       -0.7235757311166595        1.1551670425964311
        1.1411280036177101        1.2828032376890437
       -0.8189389417980160        1.8126587317026903
        0.9129850043402231        1.5026750379747518
       -1.0136522245427264        1.4334730555779902
        0.0508124597674007        1.9534000363339949
        0.7608636133436187        1.2207288840434349
       -0.8589169376946972        1.2243406789189422
        0.1596182912700573        1.7334784941603787
       -0.1747711462236072        1.1549915843042164
        0.5918701495747113        1.2845887239513283
       -0.1097160584861528        1.0146437877319654
       -0.3762778918468072        1.7363661866971558
        1.1311325770622771        1.3783530876626342
        0.9506450525402573        0.9467177006462438
       -0.3724214614125337        1.8623567319207952
        0.2474928518376137        1.7233644700754540
       -0.3377276355161186        1.7028764239061533
        0.0700835189996777        1.3189455940141763
        0.4284539728502482        1.0575204353990404
       -0.5953223322483909        1.4329411186259020
       -0.6636788292163543        1.5032088011074962
        0.2555428285278507        1.6189759360590605
       -0.4267507910124740        1.7012515378556066
       -0.2035763402715251        1.6000371453628159
        0.4815787112892365        1.4912607917782836
       -0.5037657611372205        1.7282854463246844
       -0.6383620364413827        1.3735310656381685
       -1.1679806221932754        1.5710715822457522
        0.7603304881966936        1.1485376127473099
       -0.2460665652155494        1.6942862521920401
        0.0415349788101012        1.9785419936817084
       -0.7675106596879596        1.2511869605918222
       -0.6049527389652511        1.0058484356852953
        1.2243878768803702        1.5767535321219281
        0.2987845171676901        1.5708459941704798
        0.2759726029176419        1.8852871051307094
       -0.1741675445967302        1.8030986726045219
        0.3033745167149766        1.7505122791939380
       -0.0839641940196441        1.5556731338851792
       -0.6443028862891649        1.4185666928241318
       -0.0108641224369811        1.1317969257812521
        0.5438878983593233        1.6895491986592486
       -0.1598975565564035        1.2602586046329936
       -0.1634770560327435        1.8517176548486352
        0.9298255418758851        1.7661434612949594
       -0.8089254176951325        1.3097132206656672
       -0.0665669787578422        1.6418292583154401
        0.3012254511943153        1.1784332441952299
       -0.0826553096432180        1.9923711085146940
        0.2607272243184807        1.6908048971693983
       -0.4830352367959666        1.5787207446314226
        1.0616296763060495        1.5537617059143840
       -0.9906984483914050        1.5879832101381519
       -0.5680062561528961        1.5888121432077602
        0.8222985647398868        1.0482148261701114
        0.0272480302891105        1.4950538821793007
        0.0650313711057504        1.1167707828411528
       -0.8563374542914614        1.2838798576107349
       -0.2026364148570533        1.5939946410353045
        0.6387586523699676        1.1208987642982782
       -0.3984338651140739        1.3638382557298783
        0.6051133005748771        1.6365383736340269
        0.7016571202909010        1.4400907124993219
        0.8590949391209233        1.0564183597073624
       -0.4910702449402873        1.7350021175085089
        0.7421181003293482        1.8526028258197191
       -0.5372573553189747        0.9574852059488951
        0.1817620461891481        1.8755804670888976
        0.4071302828170028        1.6715942204945395
        1.0487745784553020        1.1500768404144077
       -0.3765486589426044        1.8915641465606565
        0.8037848481034001        1.0471958700210711
       -0.0383660889500422        1.8376961305158284
        1.2328549377915781        1.2624904786744631
       -0.8285505666495032        1.0849458857448520
        0.2101402551200217        1.2417021321327926
       -1.0376931061745440        1.5941621536040822
       -0.6211244178789515        1.7402768467288923
        0.0806013945901507        1.0611255402455380
       -0.8560229512562481        0.9621652251143540
        0.8830512818742838        1.1203429201239701
       -0.6373564963817424        0.9807517174031890
       -0.3624386552654925        1.2160845508706801
        0.4488782495081658        1.6803043962011461
        0.8830771906724751        0.9792671286387884
        0.8593162396554267        1.7594294879010823
       -0.6806711433890237        0.9232470822072479
        0.1285671214345589        1.7105986033671510
        0.0739004327212817        1.6026023179977951
        0.7313472039777701        1.8015242235251712
        0.4901259889305950        1.4970193061295483
        0.1896480740473437        1.7349076327308548
       -1.1511509706992651        1.2754747746114190
        0.4524980309747200        1.6727322169828542
        0.3069723164670409        1.3251102017181442
       -0.3255926580697474        1.8300463757772421
        0.1537763232640761        1.2293226479323702
        0.3545135421212716        1.6201355638018087
        0.2025417683003143        1.9832891014745382
        1.1963154690410651        1.5160319990712767
       -0.9100503514741466        1.5089846204656860
        0.7872392104762037        0.9578380977071963
        1.1633124687266774        1.1648828186237064
        1.0254596684500175        1.0414270416656581
        0.0277957258581952        1.0331895152413588
       -0.2702225780796679        1.4346156179641418
       -0.1558792656126766        1.0406136305962492
        0.4971959394394939        1.4297757877464137
       -0.8100765661586364        0.9776432955681243
       -0.8448035627857307        1.5316815412041465
        0.4731043125994066        1.3601251503131204
        1.1196312607811154        1.2518536339587478
        0.8767116280980665        0.9657124141915187
       -0.0163060854217318        1.5707418063792167
       -0.3993311020158049        1.4286168831691950
        0.1902681105601166        1.1315249659450091
        0.7910650532291292        1.2813557232095971
       -0.4610027554062946        1.8134839925161423
        0.2188206882878705        1.8500661614615181
        0.5513352359059701        1.2365215595323698
       -0.3083616339710092        1.5486274174022931
       -0.2229083110128522        1.1878861858297267
        0.4855916271599058        1.3364831692557941
       -0.6438449253126465        1.4534109039578902
       -0.3736727518880277        1.4605749629733893
       -0.6479716573657935        1.1780125481124444
       -0.9751365772180378        1.0296393357566114
        0.3095930330647012        1.2634843958013033
        0.6407425617442732        1.0384116569962130
        0.8583499075554060        1.5368218443343320
       -0.8070286242669875        1.8118180571023865
        0.1147887269960377        1.1775152047321249
        0.5302663885652482        1.3370872761941877
       -0.7304337962081474        1.7013097446654140
       -0.8064833974872651        1.2450922307011214
       -0.2461686095654483        1.6131750409170695
       -0.2708917287604187        1.3551594646632052
       -0.2426204808259852        1.2703028646281680
       -0.8880821052433071        1.5784014981143044
       -0.9895593501121802        1.2929781466409456
       -0.1791224701974206        1.6322792062628608
       -0.3520347046458489        1.9003927497475563
        0.3773368099378994        1.7547025274023640
        1.2722707861136828        1.3588761381210437
        1.3528339587243281        1.4412510060935011
        0.1180907497573502        1.0275560705196332
       -0.2754673587211958        1.1562052373657226
        0.2149090644931754        1.0401844100415256
        0.0162855541649878        1.0699243509713650
       -0.2573261674450005        1.4159282470324439
        1.0168808391832047        1.1966629046118717
        0.3445214794344717        1.3276370513004991
       -0.0683512974168413        1.5032376638679676
       -1.0956869103020372        1.2216877482421424
       -0.5081867986969748        0.9197089113054073
        0.0405037025233997        1.3837244178707746
        0.5646225653826085        1.5822841008561555
        0.5276013743905851        1.7781333015783045
       -0.5593681938460688        1.3434775507958916
        1.0482298696186911        1.0867590174737114
       -0.6908724120949905        0.8016712754357538
        0.7699027089454119        0.9678419068980288
