        0.8454802875576172        0.5336410137206987       -0.0197573233671478
        0.8778405703395940        0.2957837412017670       -0.3767066650678514
       -0.1267057682219201        0.9251713895857693        0.3577758351135943
        0.3787343424052653        0.8865009939551427       -0.2658501186747813
        0.0216313849771107        0.9350592785347088        0.3538307912125822
        0.6354212325538754        0.4800395508951969       -0.6048155808145581
       -0.0296588499697875        0.9308750114923398        0.3641319343282128
        0.9225785337149269        0.0090098798551290       -0.3857041238999285
        0.7472586627469803        0.6640952592012362        0.0241242130656627
        0.3611182371472589        0.9183214289704429       -0.1621091357491605
        0.6560895168819497        0.6496448915710934       -0.3840677813787455
        0.4742471620884494        0.8069385907784782       -0.3520507633332097
        0.5065051030381027        0.7200771567435840       -0.4742799478498294
        0.9435411164517084        0.1823614157624273       -0.2765401880490185
        0.4541552151812394        0.8891529434748181        0.0561256058653184
        0.5933697827348929        0.7829321713159514       -0.1868943981387239
        0.5662211900470695        0.8002415959003236       -0.1975017775428460
        0.9302573639813193        0.2562358655207385       -0.2626107727785852
        0.6886159694619587        0.7224708089260908        0.0619998133194507
        0.6584499878274938        0.4718210664423569       -0.5863689067397507
        0.9634466105562930        0.1951058453695035       -0.1835874116333737
        0.9653466169242906        0.1134542985500404       -0.2350192148173111
        0.4466551450164593        0.8748999291908729       -0.1872145702987116
        0.5796069563603108        0.5772144416415039       -0.5752210570721692
        0.5151566135312182        0.8082640420297071       -0.2851717059892983
        0.4665493086677012        0.7591288087663742       -0.4539330284112799
        0.8900052118122223        0.4548595798201091       -0.0315196064847796
        0.7802638177955492        0.6237670996448403        0.0458582603221924
        0.9259996850366707        0.0907784047341053       -0.3664476286536967
        0.0511376467784141        0.9333067897903325        0.3554200011440412
        0.3770902826833617        0.9014058888792478        0.2127682828797459
        0.3463799327580254        0.9265115139253068        0.1469603917604396
        0.5504040682838121        0.8291890765974059        0.0974722363966800
        0.7925968463353147        0.3495502401415167       -0.4996047125441488
        0.4269050642307799        0.9034358636421018       -0.0394424443887952
        0.6715713343776339        0.5341857857196206       -0.5134564140970057
        0.8727034897255815        0.1942464335411873       -0.4479474769181326
        0.5765685584974239        0.4816384232584023       -0.6599947928532184
        0.0661911807055369        0.9631911268893827        0.2605409385842617
        0.5637934453214450        0.8217035930832193       -0.0833075994534831
        0.5435088604681009        0.6598160262028780       -0.5188843128853575
        0.4024652238972676        0.9116182421812217        0.0835100238039818
        0.6793508048588541        0.3380460852010571       -0.6513120052769388
        0.5625632468946429        0.7620952346019713       -0.3205205869212204
        0.5824777005527515        0.7733945800774154       -0.2501610518559146
        0.8323709437996278        0.2783768164700688       -0.4792337216537526
        0.9473391176087251        0.2226694159830664       -0.2301454484322517
        0.4726048935133483        0.8455694111483889       -0.2483082470587791
        0.6259887408290166        0.7583761474988597       -0.1816692468748907
        0.9252245185026612        0.0633137560354178       -0.3741001986877394
        0.7220791925521186        0.3347912484713151       -0.6054060287363338
        0.6745897519654003        0.7357212049717634        0.0603570633659060
        0.9595620865622772        0.1356464434112471       -0.2466589637984560
        0.9126221718721904        0.0914870149274438       -0.3984355625530332
        0.7746287413343597        0.2331642351502037       -0.5878645699015770
       -0.0153620882296936        0.9665303877165811        0.2560918113990734
        0.9171937645315654       -0.1930501089897751       -0.3485502169321534
        0.7921037783835726        0.4400404199026009       -0.4230083133017727
        0.4330111170348969        0.7543747295078724       -0.4933762661540531
        0.9181312106909250        0.3869927424697319       -0.0852742471732930
        0.9432768926999843        0.3160172873337418       -0.1017928180398097
        0.7070169574122174        0.4860662145443284       -0.5136795275364961
        0.3460691562144459        0.9335408144294746        0.0934755952715721
        0.9411584389629167        0.0524857192838910       -0.3338653052357167
        0.9730454123890284        0.0979765091954090       -0.2087659672325628
        0.9441145590934176       -0.0221611122900806       -0.3288716838067823
        0.3647188498316325        0.9283994780251088        0.0710954976084751
        0.4437703371376761        0.8241412103197736       -0.3519362915775696
        0.4382019094754114        0.8969916061291940       -0.0581819995004672
        0.7636820200124560        0.5157151482101224       -0.3883653669115029
       -0.0953533662780144        0.9186079741227450        0.3834933186087565
        0.6008688520469861        0.7603305406616530       -0.2466862208898086
        0.6416775457270485        0.7089616344965992       -0.2926146409898553
        0.9246808954021796        0.2247132154679449       -0.3073584429819362
        0.5084847419539293        0.8127131506552397       -0.2845006185442828
        0.6876445033660930        0.6137423766208013       -0.3878986106320180
        0.8953713767511433        0.3369268722561440       -0.2911878782615347
        0.7085624734217031        0.3525043849684145       -0.6112936118074180
        0.9142581380105740        0.3762061340774168       -0.1503362955641886
        0.8563296875031554        0.2208632521012969       -0.4668178340337773
        0.1190694507204410        0.9881729516196037        0.0966265159908637
        0.7168538554642568        0.6818419024008295       -0.1456439838663030
        0.6210794610848416        0.7558955501881919       -0.2070802265409560
        0.8236077888530469        0.3450217734032773       -0.4501446278900287
        0.5653560522807539        0.8179555062797002       -0.1064017100249849
        0.7199842993786970        0.6043675072964989       -0.3411195168447317
        0.9429775779235682        0.0544393917727998       -0.3283742379615194
        0.5948900935211140        0.7897357986222608       -0.1497435975422659
        0.6481397741307566        0.7338678056136768       -0.2033540682491960
        0.2457235754372420        0.9676882590669429        0.0565628653652510
        0.6007365080057578        0.5885445499229789       -0.5410461724335605
        0.8711860440554926        0.4875728927908459       -0.0575113107006584
        0.8667475868413438        0.1756241714820287       -0.4668027111060495
        0.3702284413245538        0.9288703172604922        0.0114383104864319
        0.4516693721343487        0.8814496112143326       -0.1379904386755292
        0.2473583731788575        0.9363774175842656        0.2490204149392796
        0.4366528031223104        0.8918497522594064       -0.1180607848536679
        0.4912010201678229        0.8043273068165701       -0.3343338769782285
        0.1012547609812844        0.9546540186290955        0.2799699592705288
        0.2009662377706565        0.9712806309623476        0.1273833081439317
       -0.0285887997310751        0.9475264796113632        0.3183963739825465
        0.3933472950615769        0.8641027783966813       -0.3140132064657106
        0.5903538424737749        0.5961091510936655       -0.5441839952248124
        0.8660708249186921        0.0516110304831528       -0.4972500656180182
        0.9598288648962285       -0.0238136410448107       -0.2795737123053710
        0.5057875654001347        0.8394476668867101       -0.1987625549369482
        0.5880907913527124        0.7920156022865070        0.1638917534865069
        0.4378873525744870        0.8219853004016877       -0.3641357334550596
        0.5270880569115624        0.8484901875864919       -0.0473559059741603
        0.7659390904223982        0.6304217458909706       -0.1261179292197978
        0.3112651258186304        0.9133738404556371       -0.2624161752263620
        0.8518769184627032        0.4447857939714669       -0.2765344703136677
        0.6617996298162582        0.7388515952680215       -0.1269628691585193
        0.2311726184309161        0.9556019101186428        0.1827134638317476
        0.0858038383809883        0.9874241600513169        0.1327826399272146
       -0.0169742377878744        0.9277406807423041        0.3728392475951624
        0.7999541544507679        0.4943487418995328       -0.3401362552850044
        0.5087011351756215        0.8520507923843283       -0.1234204288935689
        0.5564358323713704        0.5545665064949475       -0.6187367407283727
        0.1343097722698686        0.9509613465742641        0.2786277128974760
        0.8924134655997740        0.4488735098681061       -0.0459432101064801
        0.5614688031833724        0.7887361162017206       -0.2502960687882601
        0.9331196600461542        0.2979992333197036       -0.2012067518156841
        0.5172256356540383        0.8558007363371642       -0.0090962358722511
        0.7240596899884051        0.5616067775101012       -0.4004190215119837
        0.9200211486977448        0.2164613911709383       -0.3266581578366353
        0.7673659482284920        0.3648349553666755       -0.5272996840905400
        0.3090171922779652        0.9089816550015144       -0.2797511854261762
        0.5076317078036953        0.8485400505708673        0.1492977957288505
        0.5329904884352510        0.7841861173009412       -0.3177629189663681
        0.9243823113014423        0.2170596255233902       -0.3136916663232368
        0.5435916425242359        0.6981256253115767       -0.4659707474306980
        0.7246749234982363        0.5597358424659672       -0.4019229303134361
        0.6747389935183986        0.3811829374121122       -0.6320022617456776
        0.7549911333903596        0.5367289069000694       -0.3767100595946400
        0.0615894229776836        0.9533283753628254        0.2955871304799179
        0.8388701773900247        0.5441969477896903        0.0121040283382756
        0.5570536912998173        0.8005346787141667       -0.2209873597861517
        0.7946570852151763        0.5022940922291234       -0.3409116627941040
        0.7502623345463940        0.6585190371363991        0.0588141742264948
        0.8402798880744465        0.1010529285001115       -0.5326518706802288
        0.5202876967687371        0.7703204677712230       -0.3686557873190203
        0.6661616692688113        0.7452581468361468       -0.0286168651557670
       -0.0355730787488318        0.9583894552439277        0.2832387829121868
        0.0643858755889719        0.9929297354337489        0.0997246184054218
        0.5304445109047818        0.6535091215991327       -0.5399578213506283
        0.5304374632039307        0.8302863747765875       -0.1710573982326714
        0.0213295790863754        0.9890349284215123        0.1461333617564869
        0.7819556083687795        0.5825319351053786       -0.2218151733380633
        0.6831440004295622        0.3586946428013162       -0.6361229660236538
        0.5087239080741331        0.8305932459762666       -0.2265278020296623
        0.5567495499351240        0.8209562421482746        0.1267311608280314
        0.5775588088514444        0.7371846078162803       -0.3506917112177840
        0.6343886177980408        0.7551426811407707       -0.1652592288733661
        0.2981071578673711        0.9522748959961740       -0.0656097925900859
        0.8192374626836303        0.4082959573756590       -0.4026715670697170
        0.5568689460441045        0.8296398501748430       -0.0399336441311328
        0.7113544330126385        0.2775980946829719       -0.6456889099726363
        0.5669551974376261        0.8030117220933919       -0.1836681199312158
        0.9289703085338006       -0.1609877045280123       -0.3333123532865480
        0.3725921086629280        0.9251405787928133       -0.0727325926460142
        0.6920191367316597        0.7122889816687759       -0.1172771119631912
        0.7780890224323939        0.2411387695610248       -0.5800254882199547
        0.3779288143232636        0.8707193348735707       -0.3146707027696393
        0.9020049195868601        0.4292055958847089       -0.0465798400851075
        0.9224629489228209        0.0185053507983754       -0.3856418803196068
        0.0158103746899044        0.9430303225005411        0.3323309237743163
        0.7694651767892398        0.2554288626473830       -0.5853882795507339
        0.9382007796989169       -0.1404758813992729       -0.3163002113774855
        0.8719618932178002        0.4666618619992962       -0.1480174426592339
       -0.0302953506401456        0.9408405122265088        0.3374926995994895
        0.3992436005791427        0.8987977025422366        0.1810172292943389
        0.9415109731678191        0.2807822969965281       -0.1863287124893522
        0.6401769377193937        0.5005424141223820       -0.5827785000124470
        0.9224002908415482        0.3805997261720389       -0.0657385114920962
        0.5814734158612406        0.8018322790705696        0.1376723025417856
        0.9386822450823490        0.2920740965435342       -0.1832167156550940
        0.5223286985036544        0.8341059051410897        0.1773134786987213
        0.8433693177013337        0.2472475549306754       -0.4770711063780635
       -0.0076494270033342        0.9745118487850777        0.2242055816522205
        0.9262116336519068        0.1379443328288519       -0.3508608994007011
        0.7066424862580225        0.5122335606537890       -0.4881323344698874
        0.8840312038687740        0.0667926225279218       -0.4626311448250848
        0.9163909073546475       -0.0115515366963457       -0.4001178162962489
        0.3498663762672533        0.8997573591891204       -0.2608260212146032
        0.6177589395441135        0.7836185008531025       -0.0656957969284840
        0.0417087119932930        0.9455765031455504        0.3227157573514088
        0.5877754394129485        0.5946277969856198       -0.5485779943407718
        0.8144524806734312        0.1454366023306743       -0.5617075319304554
        0.8078699076886141        0.4871045543256348       -0.3317760772063212
        0.9433336964062679       -0.0686951751624177       -0.3246575274560748
        0.7543351523459462        0.4730921942484196       -0.4551508032250782
        0.6126865709217486        0.7739725579761940        0.1599426313149069
        0.5035676337585293        0.8628812300880265       -0.0430769194883974
        0.7529105175305851        0.5330144156994158       -0.3860328810456915
        0.8537689291814781        0.1098058788360473       -0.5089413370294807
        0.5134359824440409        0.6981363927299878       -0.4989880450248108
        0.8290561212473412        0.5563705805995165       -0.0558365907418326
        0.9233565190974301        0.2832737457203138       -0.2591692952991536
        0.3278204449656899        0.9442394617070782       -0.0307505254853384
        0.8535767260773249        0.5209391162878307        0.0054046110284681
        0.1129943344146304        0.9529289818272441        0.2813514456758425
        0.7519749829687382        0.2140081418840865       -0.6234854771335792
        0.7645917524740367        0.6247302434712837       -0.1584663211568690
        0.9219236486515833       -0.1014239473520499       -0.3738582203997670
        0.6525038605329441        0.5011206565327139       -0.5684336369232791
        0.7151360675036267        0.4078100367890543       -0.5676895091945584
        0.5546604288084404        0.8310920915540980       -0.0404690507705796
        0.4657745750422193        0.8365710634063039       -0.2884491308974353
        0.4011199632488142        0.9129534027361899       -0.0749590522597658
        0.6544538786683379        0.6339886949862754       -0.4120054069130253
        0.8789343616319768        0.0990715970997497       -0.4665396088122575
        0.5029379088438772        0.8592542721829828       -0.0934641941228848
        0.5195560894755916        0.8476232369710777       -0.1076862016950318
        0.7910136536092109        0.1667144389828076       -0.5886456452216861
        0.7101590154501102        0.5231043803519008       -0.4712069397107645
        0.3505967182474834        0.8940624874534977       -0.2788085538188502
        0.8532801155352506        0.3964660375557110       -0.3387148144044239
        0.7264056250431866        0.6864221961069574        0.0340505006911653
        0.9728361699392338        0.1638324910808899       -0.1635503021219839
        0.4172647606526404        0.8983125026751444       -0.1375673182664168
        0.5759932638598871        0.6337151738149617       -0.5163688976542905
        0.4267936250231983        0.8986268403312447       -0.1015726512199086
        0.8509470128418962        0.5226017255682742       -0.0526936217061995
        0.7307296994983996        0.5944985506330417       -0.3355675484402375
        0.6412266932424029        0.6754151271255782       -0.3642015018136971
        0.8416574318812279        0.3495072945210777       -0.4116520599191179
        0.8759283785006046        0.0666237598331300       -0.4778187421638033
        0.8841908156503898        0.3850246506756492       -0.2645044799083613
        0.3425675295128502        0.8864536068194817       -0.3112032947772152
        0.9139751380308713       -0.1863048604312410       -0.3604718380694193
        0.8461614911933529        0.2101188339753635       -0.4897558641101452
        0.6754878154149614        0.5341917784087968       -0.5082866859424608
        0.7253358137814292        0.6469456871029673       -0.2352641816871012
        0.9583591914904350        0.2004477970846854       -0.2033920862022327
        0.9427366112155273        0.1117636838172986       -0.3142555661455345
        0.3638119216225889        0.8510186213428188       -0.3786927406394892
        0.3555052638390778        0.9340495841734624        0.0341669677918549
        0.4500608506547545        0.7265857977225215       -0.5191515282225854
        0.8180158989256744        0.2820879380174018       -0.5012747593185910
        0.5792895755681489        0.6679856037926546       -0.4671389737153564
        0.7626584655756645        0.6406534512767945       -0.0889675235853202
        0.8486786180292502        0.5275179490377830       -0.0383329720075664
        0.4596713783984022        0.8876726152697485       -0.0271947050264930
        0.8825169387793622        0.3566022902375950       -0.3065920079923901
        0.5378447577514749        0.8381168430820396       -0.0910119437296732
        0.7373191919723467        0.2372209623862402       -0.6325240107330249
        0.9645015080665620        0.0012646851638037       -0.2640743105808752
        0.6297807973084268        0.7143010939784901       -0.3052050040263017
        0.2897059646396714        0.9443532991420089       -0.1557796535231756
        0.6468284956953314        0.5663137978652621       -0.5107852577198537
        0.5019700998708001        0.8608112896087768        0.0838447524760710
        0.6146947859129073        0.5229937789904648       -0.5904471418414673
        0.5948829958025894        0.7884200677705875        0.1565503690240256
        0.3556562202771227        0.9232490135763469        0.1453269139164977
        0.9233093629188204        0.3036486504673999       -0.2351538165026653
        0.9183872707176424       -0.0450746902401738       -0.3931069743511961
        0.9394741191657092        0.2982047470885845       -0.1687077598441993
        0.8450796079703344        0.1505121146429906       -0.5130171142743692
        0.8192069429675324        0.4300960869694250       -0.3793643902205099
        0.7296961082607913        0.5254732461468867       -0.4375173792809937
        0.9233928504428603        0.1518082888618643       -0.3525618912812929
        0.8967307238224347        0.4099182469893649       -0.1668563446143365
        0.5319177967111367        0.5175967990298838       -0.6701917719399337
        0.3276979300111481        0.9444091386998886       -0.0265602222608018
        0.6055319615714048        0.7714249713696608       -0.1955365875298142
        0.7919854518328113        0.6085379036159874        0.0494030762993258
        0.8361680221910360        0.5484380001003757        0.0062288611343903
        0.9262452027248371        0.2888066000472624       -0.2421994471471105
        0.8483637820252824        0.4550393009702611       -0.2705884844561120
        0.8279498450948949        0.5449218593382416       -0.1325112116867606
        0.3052495578455321        0.9400296027801883        0.1522072709565100
        0.8806075117751252        0.2070251567069775       -0.4262288055677070
        0.3704166132177120        0.9124275402380737       -0.1739756203248561
        0.3696041900785973        0.9271328898296547        0.0617846847726645
        0.8037189702303182        0.5611863728882218       -0.1977515405160697
        0.5598393927008107        0.8276483740025051       -0.0397243425546211
        0.5402362433417710        0.8409555383911184        0.0306363155303472
        0.9398097128194968        0.2537499776983706       -0.2288419815248315
        0.1315178311333651        0.9912848633337508       -0.0075749468224299
        0.9012698000616177        0.2021754060765970       -0.3831942753678019
        0.8060250040354879        0.5333680984558122       -0.2565972806154082
        0.5411727021244892        0.8394363215262370        0.0497872330801689
        0.6040854698670302        0.6897483658378247       -0.3991590371262806
        0.8280030591352112        0.1968797211933356       -0.5250231513424588
        0.7186263832143758        0.4177265722430769       -0.5559502065745408
       -0.0451384513959414        0.9704013350787286        0.2372420053089194
        0.1674939739848531        0.9387013552207598        0.3013063795963674
        0.7672080144761846        0.6393534928619692        0.0511759092611994
        0.5621786623226384        0.8223684711236496       -0.0875514096453036
        0.8022736828192039        0.5308074500429587       -0.2731307174863408
        0.7134379379712285        0.6942542765068106        0.0949595082936227
        0.7962585425138133        0.3417517710065821       -0.4991773837902139
        0.7337681816271635        0.6620491470723795       -0.1525620611171104
        0.5232853347485051        0.8299524004430192        0.1932652877161732
        0.7301781119177205        0.6806190739752520       -0.0599800051462430
        0.9247315982906572        0.0530040524983200       -0.3769111852168384
        0.4505479082173551        0.7710428146054313       -0.4499995116067353
        0.7773050068256949        0.5121201931974617       -0.3654173423403719
        0.8016683170817458        0.5895898374379194       -0.0985481251838355
        0.4607228500975253        0.8225084886577716       -0.3334879930131244
        0.6896904698368158        0.7060719052846619       -0.1605911591089615
        0.8103252229223419        0.5383373288474944       -0.2314431970596716
        0.8460832018126503        0.4686766139135339       -0.2539398495333066
        0.7609957876652731        0.6049662849579643       -0.2343100621396141
        0.7499987776671712        0.5374466472190466       -0.3855553590481591
        0.2793890269999051        0.9479962883780167        0.1524624832985162
        0.9079120544446778        0.3527148235546334       -0.2264684407127587
        0.8319785406835358        0.4159713960307785       -0.3671232838247928
        0.2254909991096642        0.9629275781926345        0.1480685262862882
        0.6484608558519509        0.7608365701381814       -0.0250246272324558
        0.0679235089513771        0.9908419081687520        0.1166992285674533
        0.9291327315784514       -0.1261651671870902       -0.3475553447988081
        0.7005866549201381        0.4378900432710014       -0.5634098410144535
        0.3814486375018281        0.8773819708821171       -0.2910288888048926
        0.7019472389671866        0.3689514701373359       -0.6092166169679241
        0.6462836277113220        0.6939372408744536       -0.3174406689128600
        0.4462236288279763        0.8946354768708812        0.0226238060370796
        0.8086943453143890        0.2042169397548756       -0.5516420010964407
        0.7740846817178916        0.6074338448241564       -0.1783732874952227
        0.6435213440702546        0.6682889404076232       -0.3731891904314341
        0.1720792561279689        0.9848954909987564        0.0192250206960470
        0.6474877650523876        0.7564932254587591       -0.0920738504813791
        0.2990634057971535        0.9499809779216534        0.0899845592311611
        0.1867801445746366        0.9345811482153306        0.3027726126868021
        0.5082076352579721        0.7470279874441593       -0.4285722639656340
        0.8628290366296081        0.2385530119086463       -0.4456663707956166
        0.1236555646256834        0.9878344123522518        0.0942999210486661
        0.3247311704491587        0.9280377830646692        0.1824706555672264
        0.5090082688179137        0.7024679048766087       -0.4974428860615643
        0.7733868422857726        0.4225520391508645       -0.4725701708621569
        0.4822096868150909        0.8759321684829167       -0.0147191765566935
        0.3075037657091273        0.9429213332234315       -0.1278311129062585
        0.7113216824067592        0.6962849783005346        0.0959619358445920
        0.9173778502793999       -0.1743632653561168       -0.3577923021965388
        0.4648465696254081        0.8710587299176590       -0.1586642862831001
        0.5563841798165351        0.8104649800737316       -0.1832570886049632
        0.8385740609271856        0.0844987443375736       -0.5381946734644094
        0.3257788712150926        0.9108044479201458       -0.2535811205880638
        0.4347247547962598        0.8785270281248513       -0.1980016374211297
        0.8049485505841467        0.4187937969240652       -0.4203208138677006
        0.1419846783912378        0.9840772814983050        0.1069217243643332
        0.5606488623043047        0.7369940298097832       -0.3775084809929777
        0.6092118197054744        0.6800085498981042       -0.4079820226390154
        0.6469890352005735        0.5544015634770951       -0.5234922107771838
        0.5222302507991218        0.8485034651220206        0.0855420062087071
        0.6166765491174289        0.7571294039562979       -0.2155576475873687
        0.6607010432713545        0.6485464284337517       -0.3779704506783148
        0.3365007132975410        0.9406227639376894       -0.0446775772895949
        0.9125580239667958        0.0978390240445710       -0.3970709990263995
        0.8821846296403782        0.0586984576065979       -0.4672309603406811
        0.5569431429201138        0.8256442905061570        0.0901434473983016
        0.9021975694526628        0.3824572154573517       -0.1994142021479821
        0.2019177912330583        0.9355104382000696        0.2899127896493648
        0.8625115049073974        0.0498039692924993       -0.5035806475085081
        0.2085814357566529        0.9693746063320033        0.1296404923485204
        0.3470038991156819        0.9017375124081342       -0.2577940121773659
       -0.1111061538475157        0.9301896437098990        0.3498608999474839
        0.9446288490706685        0.2122301966077663       -0.2502692173465473
        0.5576278864210678        0.7685656799255469       -0.3136206879753862
        0.8339341937953726        0.1170011379418396       -0.5393185460738175
        0.7755520099088486        0.2406492496786097       -0.5836154714839793
        0.3722132123610956        0.9097589745403953       -0.1838367014147129
        0.9361641721507187        0.1747766854662507       -0.3050405759875086
        0.8305501037162961        0.2133985856756462       -0.5144390817662319
        0.9130977437975294       -0.1950918916308198       -0.3580386349149626
        0.5471390410154401        0.7153595027686503       -0.4346258754323012
        0.9144581520668322        0.0369349527003683       -0.4029914358736867
        0.6108249235562667        0.5249696091662528       -0.5927055105314213
        0.9208088022436148        0.3135659308864097       -0.2319214451016098
        0.8173139343909511        0.1898451841251032       -0.5440190609848971
        0.6751553225457134        0.4739056524839206       -0.5653129425212048
        0.9017000024111645        0.3316516701426969       -0.2773883114755660
        0.4045926786303087        0.7968610655901318       -0.4486838603575030
        0.7693945098004651        0.1900101435151014       -0.6098591916584289
        0.8892214577075475        0.4567812755695027       -0.0252203378558341
        0.4271183835279318        0.9011384225272638       -0.0742928657245183
        0.8886614896130700       -0.0678962287096905       -0.4535094916379155
        0.5946619057186209        0.8020343518085271       -0.0558400967600680
        0.8095838625806571        0.1724321871440228       -0.5611070399537974
        0.7796170217819469        0.6142095791543929       -0.1222452134966070
        0.9172021937090198        0.0747547604141940       -0.3913462171157125
        0.2023120469434177        0.9734366863092329        0.1071953982634730
        0.0810604795852785        0.9580197648350826        0.2750042342123803
        0.9490107353015557        0.2881355273341667       -0.1278926978770188
        0.8032528183697102        0.2717380265471637       -0.5300408990911651
        0.6094895915034835        0.7923681873823960       -0.0259825609448545
        0.7724194420230570        0.5125975629260561       -0.3749825916853438
        0.9620401105721583        0.1072030053274920       -0.2509707977017712
        0.9406928600198322       -0.0220444429558828       -0.3385424428967121
        0.9631116943362902        0.2364356907958193       -0.1285069194657771
        0.5066357350954516        0.8494483476372623       -0.1475050393058355
       -0.0717358294395381        0.9469738832770584        0.3132003115671977
        0.5184431649647517        0.6961252675716247       -0.4966148372226361
        0.5157088305924603        0.8185757667836752       -0.2529389572277773
        0.8525710864018511        0.2288178195359662       -0.4698563057939876
        0.6433375423206993        0.4363947138301225       -0.6290281872713558
        0.9479476653804719        0.2269234139982489       -0.2233852902030306
        0.8507365563509256        0.3306414961288400       -0.4085627402564393
        0.4077355989952194        0.7992272582379263       -0.4415738567912469
        0.2625709809056340        0.9566659937086640        0.1258835035565329
        0.6053267428253463        0.5982535126867997       -0.5250450161446751
        0.2576193838631485        0.9519497646509660        0.1656016263173226
        0.7678555000065919        0.5428655967691904       -0.3401394933759638
        0.8583324253804164        0.2125273517118943       -0.4670091779771580
        0.9075343365590254       -0.0209452963186883       -0.4194552688052590
        0.0485142056925916        0.9796388317437534        0.1948182003452211
        0.3822949063366774        0.8967025351893694       -0.2231034916221368
        0.8383684254537738        0.1276740571617369       -0.5299412404503182
        0.7116519203400595        0.4262205259420778       -0.5584689852999575
        0.9031244334324375        0.4107217523758997       -0.1251954466528598
        0.8868584685697100        0.0162179146550693       -0.4617564682496930
        0.8707510979069242        0.3729157917635606       -0.3205094971248794
        0.8341540577736581        0.2232806734309908       -0.5043141369939415
        0.4550565722370685        0.7792122826604040       -0.4309892511594836
        0.8418872014366449        0.4063036885044811       -0.3551665141378448
        0.8192908975389227        0.1208310396679452       -0.5605018153963732
        0.8267893733868864        0.2746866918553015       -0.4908834417375579
        0.3203904032482469        0.9449826109515587       -0.0660140477898524
        0.8678924197541878        0.1589105035088222       -0.4706487008457511
        0.0577996884256176        0.9881401560955070        0.1422611258547068
        0.9017499355479084        0.3675414651464247       -0.2275089561695594
        0.8660721934551102        0.4788686508133119       -0.1435401372163631
        0.8232237439949224        0.5573988843076461       -0.1077457706621195
        0.9278548699675263        0.3078292126454226       -0.2105386333185527
        0.8045317490734222        0.2773699424560742       -0.5251614796943640
        0.8737908354125938        0.4730106803930008       -0.1129179887489671
        0.9218295294202286        0.2049686438130538       -0.3289653078096798
        0.7877270924740377        0.6152137853722291        0.0315915506167615
        0.8414409248738379        0.5099851351538670       -0.1785842430606692
        0.6163922722913566        0.4945567043372146       -0.6127595228591811
       -0.0132475249006897        0.9573960426400751        0.2884741246994769
        0.4922291864771523        0.8645885111154820        0.1009808616875255
        0.5561476881890446        0.6924745209598764       -0.4595419314310404
        0.9049896612813960        0.3522180750548707       -0.2386129514054620
        0.1950672225157107        0.9801694839687948        0.0348792401917371
        0.4779930830165903        0.8553973974227562       -0.1995442433914602
        0.3605727902853652        0.9325870773564203       -0.0163892053997816
        0.3408188780131730        0.9328755985144662       -0.1165573253215701
        0.7696187666481484        0.5101672336407947       -0.3839483659846483
        0.9752277126922292        0.0778108511173147       -0.2070661243310492
        0.7353548305573060        0.6730663580567235        0.0789617048213502
        0.0733178467689557        0.9342373451989798        0.3490344913912178
        0.9405888740270153       -0.0011777320722089       -0.3395455536504012
        0.8162014865183082        0.4218960301351394       -0.3947389937180183
        0.3746478165536337        0.9261811411984675       -0.0427493536781465
        0.4176256809999842        0.8006574934406763       -0.4295769648928967
        0.4868061708656801        0.8146913955113213       -0.3151153472728839
        0.9101892555352575        0.2890947028832465       -0.2966138430232499
        0.6259523084142369        0.6867215983747443       -0.3695905219516922
        0.3668438376521490        0.9025544754025554       -0.2254351740688703
        0.8831221116927807       -0.0395238839043133       -0.4674753452754511
        0.3279639269529300        0.8927351009207620       -0.3089720087671536
        0.2570740064750821        0.9476646427760114       -0.1893269131081589
        0.8623630611158974        0.4400807961903965       -0.2503174857001523
        0.4840534316004076        0.8087999546391434       -0.3339684247523842
        0.9391552173965511       -0.0418176549711446       -0.3409380608989722
        0.4261677658133785        0.7957720600524856       -0.4302648763511344
        0.3285226973828492        0.9394700149614053        0.0973084184061880
        0.4213282514914828        0.8886425217159131        0.1810993459223765
        0.2449016584840716        0.9474516853606688        0.2058117624893669
        0.1826783838517580        0.9808413232208582       -0.0676676195507548
        0.4832742766564235        0.8704760073522644       -0.0933675219028067
        0.7683559754331795        0.6273251082239133       -0.1268554437459539
        0.5084729956913747        0.8578868816760992       -0.0740628847716419
        0.8930197838521818        0.0360658273675705       -0.4485698627247433
        0.7877295624211879        0.5855741866317367       -0.1912720796099210
        0.9097025223529540        0.1051315853104070       -0.4017320880820870
        0.6917750349131813        0.6674954715902053       -0.2754942766691103
        0.7834165296278989        0.3521939559971732       -0.5120722199698408
        0.3035668547364196        0.9491386643334200        0.0835641105547654
        0.9224469872072730        0.1837175886208399       -0.3396165535181831
        0.7316127542266601        0.5438246156943294       -0.4110931344814648
        0.9060670921730747        0.4054185096638769       -0.1211538546763966
        0.3840542610618931        0.8850784310326381        0.2629420002224960
        0.0127990541765265        0.9465644691772878        0.3222605931591790
        0.6398921994025837        0.6239322771545366       -0.4486050452998480
        0.8845336844550016        0.3516336785602474       -0.3065190323073732
        0.7464912208670358        0.5968155479090266       -0.2942143078480223
        0.6802142366823146        0.4352640842851827       -0.5897912928706878
        0.1063126511091615        0.9583298432477916        0.2651443602168543
        0.6011264816044681        0.7991390831710473       -0.0048660931321546
        0.8638153535864393        0.4320471448732010       -0.2591491838984841
        0.9173119043409306       -0.0067243141540556       -0.3981126144115170
        0.0674047916995463        0.9467864338892592        0.3147253447995574
        0.3202846866473802        0.9168732741780652        0.2382459204208624
       -0.0342355403380837        0.9370368039268139        0.3475484942628599
        0.2424071699858082        0.9555205792828658       -0.1679856735153565
        0.3664356433881466        0.9043282431208386        0.2188957467578858
        0.5442377218015999        0.7186582564842938       -0.4328228419979235
       -0.0908649005196735        0.9428253926253624        0.3206615799786141
        0.9330945911246490        0.2877252639637366       -0.2157513765678503
        0.2176950002704039        0.9248569628602088        0.3118468936934584
        0.4955530840525769        0.6480122537782282       -0.5783660258341952
        0.8600733588557505        0.2534887600808384       -0.4427383718396977
        0.4205078794536404        0.8525851557069726       -0.3102767725523774
        0.3397764089989982        0.9349367973339731        0.1022016481209511
        0.9519783296917741       -0.0587892078341898       -0.3004681161778872
        0.2910979059897043        0.9294257076105195       -0.2267815317901670
        0.5486878061092599        0.8061185940824459       -0.2216179227895343
