        0.9016498899190292        0.0913523013589246
        0.5518574183608007        0.7551030434377126
        0.9450984630507053        0.0629752831172680
        0.4938272770934399        0.7205703641996928
        0.7330553448948282        0.4558224042455095
        0.3758718005598611        0.3120894352718439
        0.4363568734316594        0.3763603714296433
        0.0406873567663484        0.5741271561680952
        0.5305771353156794        0.4190854304156773
        0.6065602590462600        0.4598514609874769
        0.4561662474879062        0.7460206046383370
        0.7637492499260748        0.5329861461906804
        0.6192539719224037        0.3088491533986699
        0.7871829305098530        0.1766271307244642
        0.4638471295907838        0.7347281863438576
        0.3828501677069786        0.5501118085451580
        0.2783289075115599        0.4247576901120858
        0.4424860672735004        0.4703343319016040
        0.1335326587454098        0.5832288484552740
        0.3639952943818972        0.5011616067620024
        0.1349375185806528        0.1757586863983938
        0.7988110072080123        0.5385249030832947
        0.7279099522897752        0.3560115332477678
        0.1333512294191100        0.0952532271471756
        0.6944617963373146        0.4307499907572122
        0.6935262236410129        0.2092817225186183
        0.5016451993085417        0.5581872636279683
        0.1936899844478210        0.5758626863483215
        0.3687719330422771        0.3796319123079897
        0.3866899194395436        0.2709890028494122
        0.3178968461717166        0.2867273365883177
        0.5833591835715748        0.2547306012863463
        0.2170834022591876        0.5422602370675869
        0.8042946074175685        0.4974829149802908
        0.6414358407175542        0.2450517280643751
        0.7833379030106082        0.5188880608131854
        0.8438677469132854        0.1524761246810607
        0.3175008201112584        0.3553888734245886
        0.6141095783830861        0.3221165308887375
        0.1215694988604971        0.5274244101690539
        0.4016813369009135        0.5829536164885166
        0.2280723822884682        0.2351529326657498
        0.1279287536383763        0.1598044630079677
        0.5369349799324217        0.5070836867132610
        0.3523992582800746        0.5116056325082046
        0.8988260807983086        0.0793549881714739
        0.4649566153121423        0.2997660655524208
        0.1835981474708732        0.2101051331179359
        0.2136927510202586        0.1914380188287157
        0.6914990704673276        0.3272455262569459
        0.3157625467423208        0.2733782185594194
        0.5862983998056382        0.5116465213721476
        0.8106046613032885        0.1985135680392723
        0.7187889366075371        0.4818095426070437
        0.7957035567742671        0.2212486642369213
        0.3797417384435900        0.3673595201710206
        0.8659535314324915        0.5747633242321813
        0.3975419806560870        0.2933401664843577
        0.5067572244989345        0.6680838940480568
        0.2266101194761063        0.5491126308938865
        0.5245192411975355        0.7914064771199489
        0.3309971046603645        0.4367174069188657
        0.5099054841312800        0.7863058958784537
        0.5705145956572137        0.2947069305506293
        0.4793641043012153        0.3498376042784730
        0.2621582970639885        0.4541907809848830
        0.4721888801433804        0.7669706096065784
        0.4701936810356078        0.3169178141658167
        0.3084085105794712        0.4529813511466204
        0.3577855568459394        0.2262341114229474
        0.5069892543915344        0.4512168436007336
        0.6830412605760148        0.4350195599366752
        0.5259871950269210        0.4464218356390197
        0.4248337371588500        0.4272073264258127
        0.4386754254821239        0.2754267034248132
        0.6812307784414685        0.5569891299098720
        0.8159730535215466        0.2386822623384285
        0.6844409987731859        0.4922673478637863
        0.6339730687325185        0.5268550983483342
        0.4574305163256727        0.2831927963615202
        0.2474596547984561        0.2133505258348304
        0.4401601087054904        0.5960065420135550
        0.3893246480579786        0.3535440526672549
        0.2722433392151182        0.2313865207780579
        0.4602418551522999        0.7551713074012303
        0.4571295499158972        0.6944754575669957
        0.4378158998418901        0.5916255950949076
        0.2828899230631807        0.5706668514394044
        0.2251199134316332        0.2647971293796427
        0.6147009640272596        0.3056066387423371
        0.8634950323907125        0.1516248401078547
        0.5253254835545642        0.6855728047289833
        0.2374140434438294        0.5128389790876874
        0.4631223633267463        0.8386650527937429
        0.4582606477288850        0.3212674580675752
        0.7754403255778477        0.5139272044540673
        0.4373029684125134        0.3333995660746505
        0.3505556280414991        0.3472531985701074
        0.6734833081810792        0.3781851730292871
        0.4837864244088070        0.4135147300159718
        0.2819315181917717        0.2893798641986319
        0.5181033166824176        0.4363247045899384
        0.8121223571760339        0.5043595530181095
        0.3423382414626907        0.3067514679126560
        0.6038480976559578        0.3376851136175668
        0.6120040718726744        0.5376668855290546
        0.3742289656666807        0.5147308788220692
        0.2555466149337222        0.5553480571882844
        0.4352653758587604        0.5335133436083908
        0.9656780284116500        0.5825756975240055
        0.3515729734474152        0.5371057782683375
        0.7860061923449824        0.4677900874614196
        0.1858391260256896        0.2429469332692289
        0.5172379100247978        0.8786625597813125
        0.6521524623462848        0.3034894155815342
        0.0328997279758757        0.0317212711236924
        0.7711482219120547        0.1874886445702251
        0.1669913684707425        0.1173552832429853
        0.6674646761758061        0.2205377787711655
        0.2830377299110193        0.5042763437991000
        0.1695358886617787        0.1179818803465963
        0.4924009081876196        0.8679657473770276
        0.5723026389036194        0.6402900331167065
        0.4509568209821325        0.2939396532766583
        0.3445748658929260        0.5012805479859213
        0.0955610366106963        0.1115314193703238
        0.2766432925962335        0.2769195015499700
        0.9112070115382187        0.1140469563664493
        0.2829972681317485        0.4783908334641156
        0.2163837326292538        0.2002168415958528
        0.5415412029686892        0.3238747150337368
        0.4151340718909254        0.5619553704433770
        0.6098383073015439        0.5027624561360345
        0.4499431498554917        0.7687173708739499
        0.1371898676062213        0.1518709532357740
        0.5611392307611582        0.4836823191479164
        0.3290021334015998        0.5975461865920376
        0.8544132509599049        0.5942313193630203
        0.4642822665735099        0.4905362083502357
        0.6561013411698235        0.5935525022332515
        0.1869373285940057        0.5168673693907422
        0.2630207499643817        0.4691761391783780
        0.3472533173386817        0.4235519802827963
        0.7096740252114369        0.2914110143449344
        0.7510776786027828        0.5278502152691610
        0.6873201390368694        0.3501752685649080
        0.4985464222670420        0.8225940901164254
        0.4939451202672422        0.6110534987314140
        0.6685181559557527        0.5797471937018956
        0.5603837905340874        0.4267310040337194
        0.1197643780231122        0.5781705745472974
        0.4328717309704427        0.5908536344008669
        0.4820274638667431        0.3469895321832891
        0.5225978408514992        0.6454592730229514
        0.6144490164500355        0.5052274265468173
        0.3390195340079240        0.3018251274307043
        0.2097257838211761        0.2502577979430704
        0.1803183760878394        0.2116831506097068
        0.3399382820877900        0.5126204936316392
        0.6041239351727989        0.4805338588515650
        0.5907361631454563        0.2462766014816274
        0.6934217892718378        0.5733643509182382
        0.2776345066115420        0.2710657377777550
        0.2418567352952083        0.5028202246124575
        0.8345061333166739        0.2011046841950041
        0.6783448330661308        0.5630874080120609
        0.6999702694878489        0.4796366255095813
        0.9222843175010806        0.1022890826152431
        0.2481963608103879        0.1951408251450150
        0.5864220537856615        0.4745938484572109
        0.1469449863655631        0.5520220213061170
        0.5636400075690369        0.2878444823143057
        0.2822475064314220        0.2153461849740408
        0.6017039022828338        0.3289738607091626
        0.5360180489709271        0.4098635865023976
        0.4524598487869433        0.7683515110604314
        0.6981135278150045        0.5417769143339950
        0.4283383016591548        0.6104239330836612
        0.7082468172262042        0.1761870728672154
        0.1252906703600169        0.1252720519076475
        0.5598536336163079        0.7476931988095330
        0.6246200003349990        0.4214945894133881
        0.6567097661065044        0.2915844463310109
        0.5277093514501601        0.6119689599505063
        0.6471446430558041        0.4351884513617803
        0.4141112522025840        0.4443171591127298
        0.7682340242408707        0.5432229727737881
        0.6956817882276035        0.5551343982077919
        0.7366340798011428        0.4515810420794416
        0.4778733660164475        0.4555399171789283
        0.6372458377646723        0.4581266622111763
        0.5472542143674722        0.6839489301392342
        0.2635886837938080        0.5275789036959856
        0.2577885819837628        0.3021239002413685
        0.3205311641181837        0.3952765553083637
        0.2026788155453766        0.1692103807581728
        0.6717587457080214        0.5297558125594561
        0.5659849293855208        0.5629750063800433
        0.5185981984739911        0.5700852060845396
        0.8957577738480521        0.5705851034450280
        0.7533990157215634        0.2661762332400948
        0.2376013313426409        0.5160072289177365
        0.5148826592250406        0.8135805504347060
        0.6605812772163363        0.5053413598940300
        0.6544643949221969        0.5385321712798904
        0.5064674052489315        0.6394496825065672
        0.5934995779476872        0.5310865075886277
        0.4561426890832903        0.7688979320670917
        0.6261546436128431        0.3739246210359660
        0.4462659253051303        0.7363675166074737
        0.7524787691374556        0.3113703781136018
        0.4541344707906295        0.2780516494824518
        0.3359272028362304        0.5857636038843318
        0.7437055481831014        0.4457606003931829
        0.4506487461534529        0.5389621426620936
        0.6951588414282136        0.1921440587621854
        0.7977866170918744        0.5156904347531306
        0.5000385539193496        0.9292983383834228
        0.6927077498256855        0.4860839665757148
        0.5517357874409627        0.2751930785107760
        0.4023647591692573        0.4203228034695892
        0.2954348911354068        0.4171575410933623
        0.6929190871943929        0.3916101473577698
        0.4622047323059075        0.7067891457725551
        0.6174426206195673        0.5758754491928892
        0.8375525275505924        0.1457216182859631
        0.5061375443181575        0.3373059846526874
        0.6423471507536659        0.3957579528218589
        0.5930878680530938        0.5981580584425554
        0.6313449805371755        0.4688097829406426
        0.5498058326695230        0.6781539639748684
        0.3507089176794088        0.2758682314435597
        0.2447639706676614        0.5667769589546683
        0.3159502863536950        0.5660599830730697
        0.5080099971013921        0.7877999362813439
        0.5094453959817580        0.8542485821334468
        0.6675667069920181        0.3058563658652430
        0.2797629291108143        0.3220911645474483
        0.8069594215006402        0.1336903293861738
        0.2812940193632441        0.1724129114312408
        0.4087637711352531        0.5936967930276152
        0.9187997359754508        0.5463441535813837
        0.6337912716787785        0.2543659784244280
        0.8032977322226280        0.5944237196551776
        0.4941026430499906        0.8807675786710846
        0.6579528145054552        0.4047725876886483
        0.5011847171884566        0.4951837119957654
        0.3406086322500697        0.3525941108274607
        0.9115348694989829        0.0894488065381399
        0.3847142223671298        0.4886813926827007
        0.5726935049300632        0.5932021728967108
        0.3553595251685100        0.4866345752338654
        0.2243058813836196        0.2274237330717762
        0.3964584899067527        0.4125258629417231
        0.4766743945792868        0.7171457274890853
        0.2366474529932387        0.2470361287850151
        0.4956225437041294        0.5750121889078421
        0.6614736507636627        0.5803025509682374
        0.4906323573047734        0.7246949696552794
        0.3380510454530509        0.2875779526874641
        0.4875965144381240        0.5798894135520183
        0.6816590692508320        0.3387973234033468
        0.8944538321112008        0.0861428055029290
        0.4303996339513074        0.4188248078726967
        0.4304144902280378        0.5875692686957360
        0.2281084898000608        0.1862117444855301
        0.2974644824439135        0.5168119228411970
        0.0963327088281959        0.5541917656941748
        0.6441819230953768        0.2843124857019627
        0.4420932511348816        0.5224879215839546
        0.5053754574694213        0.4998068789227389
        0.2327611735331445        0.5851596893991849
        0.5080701191424486        0.6765424326035732
        0.2355696100273867        0.4514342495985539
        0.4688456655764215        0.4572587135900305
        0.8384875887847099        0.2043509935536337
        0.0840845242235319        0.5800423933886789
        0.5342495933263711        0.8396825634745397
        0.7055757657700586        0.4791036134104181
        0.2531159083429292        0.5092053037344483
        0.6648019071672016        0.5308322257920077
        0.1980900690882963        0.2274932086648502
        0.3672816917630799        0.5226622831843617
        0.0434717218729435        0.0441869980117864
        0.7112140495534749        0.3392540538376811
        0.5320126016343567        0.6050470971523202
        0.6694648637002950        0.2505781264838862
        0.3061995756213975        0.4831151045376270
        0.7391440170205724        0.3348220045198075
        0.6750569763956054        0.4717856957097454
        0.2279586179614075        0.5083395994938135
        0.2262759195643601        0.1605477091277402
        0.2992025212688776        0.4405511828412421
        0.4187057717367638        0.6062876304072559
        0.3329780398125645        0.4931577778756319
        0.6003381794531091        0.3421388826884657
        0.5333741290685378        0.8515745368427865
        0.4172233939241949        0.5458158680324559
        0.1022215213583011        0.0857742440775277
        0.2137250398808016        0.2140609923720243
        0.4200331532479089        0.6643036600944806
        0.5241667467216458        0.5764311153622741
        0.7706955153057375        0.2388162411467826
        0.5191687047042235        0.5351640503864252
        0.6997072762395609        0.4020719562633675
        0.5601644193229036        0.4288651098273893
        0.7999625627565917        0.2286274469133963
        0.6221245290073285        0.5853926343539836
        0.2601011715611855        0.2271171062587843
        0.5894013431758003        0.2645924834233117
        0.9700330415976974        0.5859107085152621
        0.7954204693725022        0.1579021199019670
        0.6018389941877555        0.4061935245649967
        0.7810946850177019        0.2776901244685711
        0.7808844708705860        0.5093450496424690
        0.3909643666061247        0.4252178128359221
        0.4818084819580127        0.6731198595529102
        0.8590232030837812        0.1120458392338481
        0.4361033484541561        0.6819520636079851
        0.5883711909361599        0.5851065479933570
        0.5528115042808912        0.4282762605348003
        0.4336210162983322        0.5555361485867805
        0.7163351197943423        0.5671748505371329
        0.1391368219737733        0.5132150628090459
        0.7553516643974387        0.2504152695750957
        0.4272263235524950        0.6682184628193507
        0.9175646504978225        0.0746772141659379
        0.1549052820249210        0.0940139779588318
        0.2549816888105518        0.3052385376219856
        0.5765287778920172        0.3125279747223865
        0.0846960790339371        0.5711303490560515
        0.4973400784645423        0.9593199040107108
        0.3272075825896059        0.3132283215635307
        0.3341077922316819        0.4773045012648138
        0.9016608271341807        0.5846105879730025
        0.4297113147115673        0.4101088089095740
        0.4629200358722001        0.8349230801315519
        0.0522976755380489        0.0426742904374859
        0.4643103000718923        0.4443973681363926
        0.4581215931342604        0.5469762406259556
        0.2345505988833653        0.2041591275412568
        0.8032457945363328        0.4822164217660034
        0.3169737288640084        0.4760192248458384
        0.4993705888943584        0.3048170461491363
        0.3666026197701638        0.5934644378539509
        0.3157996366638702        0.2379669229395963
        0.0375576481483742        0.0362042258039794
        0.4321067009719402        0.4931126065576583
        0.2213421024417447        0.5478171838454468
        0.4045365210175618        0.5327257723114538
        0.4173758947213266        0.2699453950343369
        0.5150721064154161        0.4425853253225191
        0.1609245240992651        0.1829820334753109
        0.2669810514664610        0.2225898768196277
        0.5638141888721182        0.2683973498113549
        0.7860188401395414        0.2398876118507036
        0.6624819383801589        0.4510625605682259
        0.6209189789201548        0.5090498712624856
        0.5163131277197037        0.7882849026162219
        0.3923332000945375        0.3707272033358377
        0.3431047822113866        0.5300360972704212
        0.8454074070150643        0.1442781652143491
        0.2714869499607265        0.5683706116111124
        0.5546659398636802        0.6196671478841940
        0.4673424809772370        0.3719035859668691
        0.5172514212907438        0.9237271174417644
        0.5096916464715863        0.5766861258754487
        0.7408021691116425        0.5221722862051463
        0.5660422482133065        0.3770451884410838
        0.4200537108433343        0.4644048961406149
        0.4632705127203064        0.7822898439785007
        0.4812066617809874        0.5868923533088775
        0.1189274286050895        0.1409358658651226
        0.2283057481061790        0.4543434978792696
        0.7503655617069358        0.2236090565066430
        0.4983463145732872        0.4636036077117692
        0.2733437506371947        0.2903861661609936
        0.5855908398668122        0.5611415581927696
        0.5214044751274928        0.5568254841623763
        0.1175043521161149        0.1318267392129134
        0.4943761446955677        0.8633999748212366
        0.8582064883663688        0.1519519252088205
        0.2362743647400416        0.5820802586456850
        0.1931681159442654        0.1697961828807481
        0.6480355874569684        0.5609017662144149
        0.6661278162635740        0.2987572041331908
        0.5089687086626034        0.7212275465797953
        0.3036662099485220        0.5315481371894979
        0.4357935797782046        0.4504941088578407
        0.0558620496523569        0.0529152472273892
        0.7146726277866389        0.5281227139681786
        0.2918122496474886        0.5184581642478555
        0.2748620773869127        0.4928473474481114
        0.2488773956165355        0.3023265781836438
        0.5694076637663928        0.4486710595633621
        0.5689416373380419        0.6570419481848484
        0.8104693548638729        0.1293043797596606
        0.4278563376683900        0.6064057462465426
        0.2240226827046424        0.4803791527725022
        0.6673769597655181        0.2274572714863719
        0.4920836102904936        0.4416900515280399
        0.3064448295706184        0.5439367721557113
        0.5029085776727849        0.7354709547540317
        0.7401692375864937        0.3299019533950709
        0.6201764738525021        0.3790558236948602
        0.9601664941127792        0.0287711750439479
        0.1571440183433412        0.2087811905722087
        0.5482692149148614        0.5450187261267723
        0.4102413458642982        0.3520852533302432
        0.1797731544326066        0.2296697522586417
        0.6017281951135369        0.3805345366883090
        0.7755178030584771        0.1687468660831138
        0.2250984869588115        0.1960035810646574
        0.7475967277661931        0.3225734080278044
        0.2372439018033219        0.5164952571003827
        0.4689676132803550        0.5283704163998317
        0.7667969531655430        0.4636442714788780
        0.7640329864193266        0.4666489482634747
        0.2594110245077597        0.5722746841717474
        0.5296470348379977        0.3562689920343571
        0.3096179153713748        0.2007754819441942
        0.4925878113052308        0.5359711504133087
        0.5392745321725901        0.6049096465564655
        0.6884628879991797        0.3710416461760694
        0.3323234698772463        0.2588000879215963
        0.2346307654182315        0.5481204473199328
        0.4372504776031841        0.5720721990386974
        0.5665183766659577        0.4354519505821014
        0.2640256151302870        0.5421255615368146
        0.2913860322247988        0.4512721485775575
        0.7142925716688290        0.3669805334533481
        0.2288124703095375        0.5610733015612478
        0.7965711696164824        0.5333756083037058
        0.5140939411712628        0.5649059023531153
        0.9011550855871016        0.5673943749095925
        0.2904272102658529        0.2635538464120858
        0.5217864958193698        0.3310975039661423
        0.4932838880894916        0.5328758657688708
        0.3875730614803374        0.4532468341267601
        0.8774940252263940        0.0847254172232477
        0.8625968719721556        0.5755801002616634
        0.5594931124287779        0.5142144468724442
        0.4245386928262892        0.4854547986820714
        0.3826026792355037        0.2755302451757239
        0.6477388081083395        0.5785723721054389
        0.4207410673696501        0.4641715646781501
        0.7725356296830078        0.1381661752812459
        0.0710356640202576        0.5835052862695302
        0.6348709610021922        0.4635210152667268
        0.1918708604217858        0.1218776098721917
        0.6381226820774110        0.5291822431161424
        0.6587770433926255        0.4225380735409680
        0.6730016605711501        0.2332415030683122
        0.7138467269277202        0.3404791032102328
        0.5511828258326490        0.6551291959400580
        0.5133569199699807        0.5653634873541491
        0.7514588647417787        0.5652536151854476
        0.1346818319208775        0.0897587667511358
        0.1482241941296600        0.5367392945307820
        0.5781127536780746        0.5386265315550184
        0.1492373629263563        0.1380911161003401
        0.2575683750968325        0.3368258492760299
        0.6826811723032269        0.4007413939985676
        0.4802015753741260        0.4289943318002428
        0.4146836895345141        0.3554195865593532
        0.7775442339387209        0.4997267640109818
        0.8756539792240360        0.5847157555569188
        0.7530106674791349        0.2883112803050147
        0.2771794603630442        0.5784805104047619
        0.1397035446129123        0.1087387930274691
        0.3169621460517092        0.4645937325339498
        0.4188136539288515        0.2545564944665110
        0.1328032502627094        0.1590335563499411
        0.3812830954247177        0.4848395143004881
        0.2346197679676231        0.1702856548523142
        0.7453175476209744        0.2944456868442695
        0.7020618636371341        0.3728994685342030
        0.1706883240422915        0.1959171144690911
        0.1563963456417780        0.1444068571428672
        0.4897224201725572        0.7589465593500199
        0.2323502057936759        0.5432730357083663
        0.6648260992033497        0.5129200381022525
        0.7286778365072949        0.3090169791787190
        0.7211948048146979        0.3509446978905667
        0.3769225640909517        0.2590971769514433
        0.7116408815655491        0.4870477111438200
        0.7474322962919452        0.5673781340408683
        0.7715728788984917        0.4495487111172242
        0.5529688231400050        0.3340881890602833
        0.3343847507656714        0.2203040934533150
        0.7063194316266721        0.2057250163594314
        0.4616018751890487        0.5218001903654530
        0.7499583400579313        0.4473659459665011
        0.5412160193516039        0.3333068778322261
        0.7755936155873466        0.5022239201503356
        0.6058683274083513        0.5020341543541937
        0.2775382396576144        0.2222041304285992
        0.7919819725749835        0.1894815958111252
        0.4422260842047515        0.7337550121812468
        0.7672150260263978        0.5389327761066594
        0.2096401099981166        0.4941813446144463
        0.3803377584314721        0.5782244533432961
        0.8854095981914545        0.0898520283221488
        0.5190986693502726        0.8839883288454561
        0.4575329969663499        0.3708668881385406
        0.1384798351992499        0.5627615515144151
        0.5266835361363640        0.4093743763229080
        0.4462324557867851        0.3498960478666053
        0.4327862260892983        0.4002910224373275
        0.5746447789123563        0.2698261466906503
        0.0793062457316496        0.0728774150996756
        0.4072504541866614        0.4945566879460476
        0.5118086382593712        0.4176568949527238
        0.1799500803433164        0.1642414844397606
        0.4768646654779140        0.3611253744550937
        0.2138130979309408        0.5848085920418911
        0.2376622814893389        0.2233171483393191
        0.5410639916303309        0.5189873823716789
        0.3249546812326274        0.4331091634550568
        0.7152576394134826        0.5492127691806774
        0.5837068814928156        0.4658750016309378
        0.6707362608546583        0.5061718237266172
        0.6351389499007820        0.2936715906770228
        0.4061973553493186        0.3342302163346376
        0.4152310764479938        0.5306881011487971
        0.5254202067078436        0.6605124946002165
        0.6946881752131956        0.2162965714963583
        0.7045794460168417        0.5826522358466337
        0.6272655851425816        0.4135112881528969
        0.3269295782014785        0.5173257334282143
        0.1960026757669565        0.1402767914305639
        0.8469328400046954        0.1362757865902169
        0.4303725291687367        0.5577102874131775
        0.4668815700200552        0.7459609669826104
        0.5008248360778187        0.8458849992499666
        0.3806314615347218        0.3726102108915734
        0.8842045486426588        0.1027569016710742
        0.7255639079290779        0.5971353101997916
        0.2225764490608264        0.5046064583618147
        0.6671739514008634        0.3015571927655060
        0.6914116482838948        0.5296587610637299
        0.9711235684065105        0.5816230742234592
        0.6445047851581134        0.2644768187852009
        0.4689572957163400        0.6790211218281169
        0.1434073314249921        0.5870413002261354
        0.7601278154586061        0.2557299155866458
        0.4705142656017716        0.3092311876627173
        0.6586459806483861        0.4100342658389811
        0.1903868693247465        0.1509024708378737
        0.6573386182832412        0.4706491506794969
        0.5739778886643474        0.5539469051051924
        0.2633735180681223        0.2801449747261270
        0.5658200943235748        0.7152903733319704
        0.5560880103432879        0.5798604413162963
        0.2577982059505684        0.3273047600417453
        0.5740975656650845        0.3509509953326934
        0.7617127049969125        0.4901681422783437
        0.2735531589320002        0.3305537403701786
        0.3453913004377770        0.5676455011612951
        0.4697294677429951        0.5568495751036520
        0.4706055331853859        0.6965340500686317
        0.6333943412829863        0.4737193273995211
        0.1359375389906875        0.5827112005864171
        0.5208644070335825        0.7501862222638425
        0.4468321364883034        0.2893575353887944
        0.7418436502332035        0.4827703500786660
        0.8005129850937309        0.4844869753196956
        0.5827786457855506        0.5092516708501209
        0.3555523394265140        0.5201563045275310
        0.7703977898519569        0.5007101044164168
        0.2115670601779526        0.1745652968784691
        0.7090177974902646        0.2863073220701492
        0.0335857080179826        0.5928509795543092
        0.4366673721046375        0.4170571986617959
        0.1082033965314235        0.0669222677324258
        0.2148522234477559        0.4878983487222680
        0.5391253557736173        0.5672721277166385
        0.0727061556539498        0.5797682598216937
        0.0229066758256646        0.5980368088767519
        0.2410174540000518        0.2472225178333654
        0.2221869276779165        0.5232517369512415
        0.7667267702953746        0.2605726001307845
        0.5213750923553560        0.8153637035054779
        0.4313849835838949        0.6542477916895598
        0.6596564387428741        0.4897068774803585
        0.7548966488254629        0.1598557686077040
        0.6247902960407727        0.4100496043255695
        0.3926678508024193        0.5677866483750310
        0.8417476378193527        0.5647436021526376
        0.6983771452831882        0.3409005395302510
        0.1218624278685965        0.5878452434154334
        0.1468874161790929        0.5936185201205234
        0.7129857417408003        0.5452189134673349
        0.6948590866892821        0.3145378875447828
        0.5091156695954255        0.5603864411317400
        0.2671592763383925        0.5693560715705486
        0.4325629761576987        0.4580723739574480
        0.6723028241700719        0.2911147973149935
        0.3634609122864256        0.2796216457839709
        0.2056027674192111        0.2102922503518855
        0.3741994315651823        0.5025997494255692
        0.2448638878842386        0.1841137533836271
        0.5142792590434315        0.5512233496720600
        0.5389981381703364        0.5271763558011566
        0.3515432403117257        0.3898829621182756
        0.2907778493863610        0.2030023801823417
        0.3937394718508135        0.3576116393262150
        0.4366022881060428        0.3429382831653263
        0.6996121867145372        0.4589441978894385
        0.1480229631634089        0.5043151199539495
        0.1915474489243562        0.5505506978698993
        0.6637090958653997        0.5654993271845631
        0.2903795778553300        0.4885492669889623
        0.4048701980478652        0.5205446032546425
        0.5802202168770424        0.6393234031902932
        0.7877744680834692        0.2800721713230571
        0.6466873015215325        0.5619516628482060
        0.2012399305954709        0.5259862403234976
        0.7115078936536839        0.3698520935425820
        0.7108064770743164        0.4873653536091848
        0.5142847677698965        0.5217326876817833
        0.5743991731920421        0.6933095694562336
        0.7369052531086118        0.3023445404891549
        0.7032412610654161        0.2829342072756011
        0.2795294125892755        0.3198654853369666
        0.2495532571595495        0.3099158703443256
        0.3620577006655280        0.4345919257860842
        0.4882217285174675        0.6275702823123211
        0.3282807341322323        0.5992249103482287
        0.2507072480499226        0.5003756719850944
        0.6286907575422805        0.3368174056360986
        0.5657042502749672        0.7130744927098309
        0.4892573954694897        0.3715958309962760
        0.5317665674230827        0.4166552024880522
        0.5542518085039998        0.5384340732072148
        0.5426089762833173        0.7034494291454735
        0.5920982342857567        0.5121280005614997
        0.7315146549427642        0.1789059763341553
        0.7898799141361503        0.4952450983742708
        0.3070029423188160        0.5958143931175375
        0.4804131104266068        0.4059030010643847
        0.3131649162727445        0.5636014652443401
        0.7502346954674212        0.5185178811170259
        0.0389894444147370        0.5800419179446722
        0.6480695739798072        0.4994257691832383
        0.3606012176876326        0.2280793513568825
        0.2163442857059747        0.4610379030354274
        0.6243908983237532        0.2621196577169064
        0.1843885194445765        0.2100909938523801
        0.5291220483024702        0.4036643297994729
        0.4612814303740556        0.6014610444833812
        0.3926760015767835        0.2399797967073712
        0.7754060936937380        0.4566451196171766
        0.3177445142655952        0.5754079577877165
        0.2341553468398208        0.2091957895656091
        0.3385356503601722        0.2428606996771217
        0.4413248600916166        0.5293234418542634
        0.2256879388311823        0.5092214630348368
        0.3626272969724907        0.5705730147227841
        0.9177496866905386        0.5774314898350730
        0.9212552606470438        0.0571577952327292
        0.8813279232494984        0.1093898188438196
        0.1615094112961346        0.1282397523662833
        0.6571754715430331        0.3777671527254430
        0.3984808757736567        0.5459156024268925
        0.4909634767326828        0.4229950803758142
        0.2726133142844993        0.5579229925807877
        0.0878880462040778        0.5583394841584665
        0.8583124939593032        0.5163239419598074
        0.4200742355217851        0.6104628899233812
        0.6048801374896362        0.3816344007847379
        0.1115135577924345        0.5456864318858274
        0.5334142250876424        0.4125950624541501
        0.4705081303895059        0.4862017957500807
        0.3475002232669461        0.3040915796447685
        0.6072928959745019        0.3080782077686258
        0.3038136707634578        0.3668754336442629
        0.6833504203374314        0.2976660681539461
        0.3865132454515903        0.4535822696844951
        0.9154474694864041        0.5770924931607935
        0.4633075669520272        0.2938390583003207
        0.7257153105245848        0.5297805626809200
        0.3284399640811052        0.3209311355937572
        0.7385237131119534        0.2625842004546365
        0.7290534517583825        0.2411469955346269
        0.7941682307332862        0.1462868469753508
        0.6598006236824969        0.5129584494929257
        0.8452892941240258        0.5584593098972035
        0.2209293553744873        0.2717841234925752
        0.6834617232062586        0.4965547976122615
        0.4823245608587716        0.5263666597367945
        0.5814998744233769        0.3707784293637972
        0.8955468444178666        0.5914653873879185
        0.6407266605866353        0.4293412142399149
        0.4964139380943125        0.5836485239975979
        0.8029961088790220        0.1894315318520920
        0.7441543312618302        0.5550288525845204
        0.1478444823779895        0.1604558833002638
        0.4881324216674444        0.6216584272051906
        0.7298861971872415        0.5748568584417801
        0.5244342992912705        0.4462850039500632
        0.3260085902697058        0.3060517317965339
        0.0394151879699440        0.0327709763988460
        0.8949872403639434        0.0764874283698496
        0.5555478120715954        0.2912252042318357
        0.2120965634056951        0.1929215810454909
        0.9056636720866367        0.5457080190173850
        0.0724745686465219        0.5531964300938425
        0.5589670098577382        0.5777801259452235
        0.4112331113771649        0.4069893795249661
        0.9057009775162299        0.5533778571038388
        0.3919351762074577        0.3704318158206454
        0.6645603029535077        0.3380485816857450
        0.4516653812598149        0.3944385278287837
        0.6855436338666687        0.5622582343628836
        0.3021143920570000        0.2437965836295989
        0.2451220454940005        0.5578878554962551
        0.4968516643611754        0.9076365118464951
        0.1784480142370921        0.1892122063225938
        0.5274639420790369        0.3065815138812963
        0.3177555050826996        0.5747151526673300
        0.3115500396218040        0.5610167315534481
        0.6144355480364248        0.3162068061509531
        0.6579241872020172        0.2670626728504258
        0.5946547485145750        0.3398359308561442
        0.4037854011027842        0.5240193976619001
        0.2933907382575817        0.2660259780813860
        0.5159225614754401        0.9233670748676304
        0.5322317939850401        0.3392639996490814
        0.4387102608517654        0.2827470728121838
        0.4698695209631462        0.8626984581205466
        0.8108321669239513        0.1677135701802703
        0.2923527099213353        0.5937737313228719
        0.0970117343015494        0.5446660512170640
        0.4272947119916134        0.2947560470060807
        0.2458219172103761        0.5560069667371462
        0.4859835204092027        0.5190904462076855
        0.6195932833664319        0.4730155616491979
        0.5306014288914406        0.4401911891541920
        0.8006797789704396        0.2026839693758524
        0.6998573742806322        0.4763827116699227
        0.5306248020305440        0.3379044017046918
        0.1392492493680435        0.5115295216968880
        0.1380094493439977        0.0913734121857251
        0.4788975205914893        0.3984416478172580
        0.5471976043385676        0.3383844134401065
        0.1979633326062576        0.1370497706446399
        0.5725619837475647        0.2695990523353119
        0.3465706661843162        0.4382313344114934
        0.6785866705041114        0.1944936833064009
        0.6178595810016508        0.5914517065009198
        0.2175355731476457        0.1873533346532454
        0.2481334762231864        0.4747337098453986
        0.5879194514310400        0.6377569424765233
        0.8899834935459232        0.5449903059851710
        0.4531587555609388        0.3767221485344439
        0.7609694975372705        0.2185419368994281
        0.2261344956860447        0.2958518427056218
        0.4366793207351656        0.5386151933235495
        0.1653674223168312        0.5153710482564759
        0.4601286501660810        0.4337193813574973
        0.7598202159567947        0.5457890259188604
        0.2658975004596164        0.5451943809561153
        0.3198279752065035        0.5196027714116729
        0.5316294665833482        0.4447327321287124
        0.5189205366317701        0.5102403666763947
        0.8500829720294074        0.1642733857067211
        0.5054651848941624        0.8615738781285656
        0.3807412679069295        0.5750918992604236
        0.8352171657392272        0.1794229738689422
        0.3844600353273033        0.3656254033260927
        0.5159397560184811        0.5333235388159120
        0.3304082094711674        0.5924248867393740
        0.5063791952851848        0.3535417415489972
        0.6359488952333179        0.5712076750465069
        0.5565684990514138        0.4567579093020268
        0.7105240196657074        0.2476051254669758
        0.7762320245201300        0.2930577990386170
        0.8018812137812636        0.1902895085031699
        0.6689525501832728        0.3912744271477011
        0.6399304616684386        0.3589034101053523
        0.3740961068668553        0.5247918756523404
        0.5408515443992326        0.2999974228508951
        0.4924501893079402        0.4616803444251579
        0.5318910982538669        0.6493809644149457
        0.5966679179201444        0.4445719387223799
        0.6674810461724052        0.5704770789515027
        0.5755345309728985        0.2570423974079792
        0.6608389179218952        0.2620815058925597
        0.5760132663529709        0.4015718018897121
        0.5952500310917990        0.5518193392815445
        0.4804891812947418        0.8180872472293982
        0.6781854597919921        0.2936296376991144
        0.2479048518714541        0.3183884441360395
        0.5927100362902870        0.3800208593735522
        0.7193821558501530        0.3698994930808604
        0.4802151275198546        0.7828675284195870
        0.6633338824123235        0.2426828302361599
        0.7337197017423933        0.1936421500855893
        0.0711214359783243        0.0915492399991258
        0.2123032276982317        0.5842309559697562
        0.2522943772020265        0.4979129609851253
        0.5011648692142672        0.7190122918995583
        0.6288745805529226        0.3270457710687857
        0.7787776109823823        0.2557424643951847
        0.1055720453226360        0.0925389753433384
        0.5982849167398274        0.4956987151911118
        0.2835453383090955        0.2594293927348671
        0.0953458587206941        0.0857956591278853
        0.1589361699910849        0.5329364705515600
        0.3165332182686091        0.4628209135704848
        0.8409277631244433        0.5489457853858979
        0.6920201536849664        0.5082367060394397
        0.7078750737509608        0.4345085079768968
        0.8285374219743324        0.5924207501149369
        0.4976866421280191        0.5339806153998427
        0.5957661662910076        0.4919795562532844
        0.2144750810753714        0.2024605931170701
        0.2644030001702651        0.2182455002997533
        0.2921736893106206        0.5120233295189389
        0.6334327083895842        0.4024011079020741
        0.5271081207432017        0.3120512222300059
        0.8291733154787388        0.1774976520445404
        0.2018510276881625        0.1581011008579777
        0.7754752331417640        0.2159488768277086
        0.5072103652614437        0.4906936482974328
        0.4548088422737066        0.6617708449983977
        0.4788300910877203        0.9002520887079768
        0.2181945703585947        0.2333202206617597
        0.5135705646341846        0.4353399987912039
        0.2302221081810055        0.2301169290398919
        0.2532977596092601        0.5216830877486314
        0.8689376931922153        0.5535424966501322
        0.2885739149742508        0.5009196617814035
        0.6566758454492856        0.2729103874303313
        0.3966593794923754        0.3677823160952428
        0.4212640036705472        0.4427241322090316
        0.4183012038852184        0.4639540226946041
        0.2758036122821380        0.4194653554346257
        0.3659000692589950        0.5615066293380120
        0.6596315584180553        0.4019599292043244
        0.6626799500753355        0.2455709794156288
        0.3465040946878616        0.4086359717403514
        0.6697359347327099        0.3540286896168378
        0.8028317554039794        0.1698510533659929
        0.3312962574547849        0.4024845104674823
        0.3259592275295183        0.5975404454540241
        0.4398790047923182        0.2882895547689921
        0.3500257551823834        0.3803832332329098
        0.5239184425829642        0.7719300194421975
        0.4840159605445742        0.4429589706978457
        0.4131193066588453        0.6308698760684170
        0.4330786066477516        0.4553973235020223
        0.4995998470374951        0.3401101323859844
        0.3831622804752853        0.5460603812553992
        0.4404992156882043        0.5937989696580188
        0.4878112082784962        0.6281174797426312
        0.0945161880129687        0.5909804229742550
        0.5518299462900588        0.7474378783522054
        0.6384328432285310        0.2544858463763971
        0.7616950109082775        0.3074976202438779
        0.1980053950971440        0.5472042020725225
        0.4736023259600270        0.4233757903119827
        0.4960006724824807        0.4017933798826804
        0.5635630996492853        0.3431995851078120
        0.7513619506372461        0.1865973851330510
        0.5724790701941882        0.2980413093533972
        0.3676305653859395        0.5902431200373370
        0.1933076804941829        0.2360477471940232
        0.8053696777842700        0.1730392175639139
        0.4025239613383254        0.5123549149785920
        0.5638030675301550        0.4197757297686889
        0.3104436086015424        0.2944204814413060
        0.2409231503619660        0.2015377929256386
        0.4572187145327893        0.2908309103801491
        0.8139556822530201        0.1524669803757988
        0.2209853259467550        0.2393457355052203
        0.4601594350549114        0.8385128606951684
        0.4072791427298371        0.3781316949857311
        0.3535116301499192        0.5539100192208971
        0.6144465783617802        0.2323034204418354
        0.7622982616020565        0.5856048359010538
        0.4619238209753483        0.5850968443472533
        0.6746079694058159        0.5219714684467409
        0.6519445700987146        0.5199465404932676
        0.6536180169331834        0.3613924750196230
        0.5514039607878037        0.7246453077549264
        0.5377867495278679        0.6849963520661979
        0.8651212604361276        0.1057337701139450
        0.3044793214614672        0.3530117144420627
        0.5937796732173968        0.4044240306533762
        0.8258526363665750        0.1592518519310568
        0.2154561020444933        0.5940515872909843
        0.5762127838676100        0.3631411528697975
        0.2689023404983357        0.4563633054950036
        0.3940065199695655        0.4617581651713073
        0.8436821820078038        0.1421416985432110
        0.2367054675031525        0.5546600019682507
        0.7969381945766304        0.1592333684006229
        0.1445300531301185        0.1015620204960814
        0.1201207665247785        0.5255155630374307
        0.4456461602597532        0.6410054532725824
        0.6349862944892073        0.2762486499325718
        0.7478330747114575        0.2517171980765885
        0.2199621703558133        0.2030413123703582
        0.1131913541044886        0.1456869159240808
        0.2943888240312313        0.2196333414695243
        0.7676089439512935        0.2696452514295218
        0.7181148820324185        0.3393121521613482
        0.5594720633427590        0.7435173960652660
        0.7378202384642889        0.5747169914773467
        0.7404145529353244        0.5461668072977425
        0.4916972897446894        0.7194319715496318
        0.9365873463190046        0.5823142336608464
        0.6699777864419795        0.5571967907073203
        0.7419760935647497        0.4483845163646930
        0.9413643134559169        0.0617386318041020
        0.4511067890307464        0.5313124383061805
        0.5048517865201632        0.7582631615488744
        0.6037431502010022        0.2673874636734178
        0.4425933339396029        0.5786330103065802
        0.3033277146013524        0.3253288999163687
        0.1790288005254316        0.5112871184230068
        0.8114925574242033        0.1824676207063001
        0.1975460479544288        0.1989744019951182
        0.6443834845836711        0.2542299311952010
        0.7575229922705370        0.5807131000870059
        0.3239309333363632        0.3571263378619463
        0.5009149333984342        0.7418922625757483
        0.3578946952375869        0.5643381000261234
        0.2756720123606543        0.5152909686816860
        0.2961189895281047        0.5879315343237205
        0.3164759122316134        0.3789812159133769
        0.4946239223628761        0.6626540313279187
        0.7300911825898505        0.2868015514008196
        0.4124304210194458        0.5674544142492044
        0.4409727428066483        0.3316220224651966
        0.7180060633532540        0.4747995602275808
        0.7257116991359757        0.5740365887108786
        0.7075133894961285        0.2228352851071002
        0.1166984079940271        0.5816947228422128
        0.4261723490794488        0.2794409736437251
        0.8398310834548017        0.1070399969485182
        0.0994307501608706        0.5477983782124485
        0.5474070264275039        0.5405140524639704
        0.2916691316055555        0.4266174607932139
        0.1526121692070662        0.1365914073888617
        0.3429951576280673        0.5436291521182373
        0.5366950222389772        0.6330443014184701
        0.3432808500787728        0.5209346299731816
        0.2257906809142803        0.2146544731077727
        0.7619205190642908        0.4839004127002193
        0.3946367364143502        0.2936860499253476
        0.3688246523727140        0.3714558729280075
        0.3171151437708963        0.2113424516689899
        0.6413218759689355        0.4237229408949461
        0.3691532057433678        0.2678802770658588
        0.4963744213736849        0.7865983259248919
        0.4119473271894208        0.4840684472637488
        0.8759212160479757        0.1568480391056262
        0.7203896734683781        0.3133764692918936
        0.1668048680570127        0.5598197328293768
        0.5839328724306164        0.2922501474276474
        0.4864506520942364        0.3992363457198480
        0.1756420469689498        0.5876593580951446
        0.5202932007747368        0.8323396717381368
        0.7121276465189095        0.2338848071520741
        0.5472620780362003        0.6564850385223588
        0.6433979452819628        0.4100775574065133
        0.6704936986359975        0.5211157437398677
        0.2322190251228847        0.4643315361718229
        0.5043190143501823        0.9106734202562707
        0.2977326252795679        0.1871433389835354
        0.3625847089362753        0.4066754949927573
        0.0382922212962495        0.5989706835084381
        0.2492891254519888        0.5802612299706196
        0.7939089788670046        0.5498532071968250
        0.0966227769477648        0.1189142397841329
        0.6238393199051709        0.3596053257025644
        0.2522670073184848        0.2258330545251627
        0.1486523748057904        0.1275604628553154
        0.7236974234017624        0.5967908271730356
        0.4639428017512104        0.7802288771010039
        0.5159309613065746        0.6091319047075445
        0.3149845953530789        0.2119392911458270
        0.7315668743392428        0.3353250642760260
        0.1720372841938102        0.4908601450128007
        0.1705429393105261        0.4951303808516905
        0.3486719043195037        0.3031829325082515
        0.6309985926713917        0.2729599645937791
        0.2971436987417491        0.4150469486575802
        0.4237867188738149        0.6009902975537400
        0.7559315257471015        0.4383368863106354
        0.1680463084766330        0.5796113484987819
        0.1678335634393057        0.2224327818960872
        0.4924684325465928        0.3646452185883051
        0.4113817413850183        0.6054492847406916
        0.9445335557033019        0.0617323293424504
        0.5731392173345728        0.5863592031478670
        0.1687545231520045        0.5944992689393102
