        2.1352923778972173        3.2658642973917198        3.9605626839329360
        2.3350374551010593        1.6709354368418121        2.6738091291972146
        2.5509722109892738        1.9777012020257436        4.1111450368593916
        1.9390277061359678        2.2287365742847793        3.6921187898735601
        1.8493458409699504        2.1092464899443102        3.0384936573949748
        3.5449133517607789        1.5520674738642737        2.9479227036829654
        1.9654305358802449        3.7045768189762516        3.9109629695463974
        1.4338966503792536        1.8919208123833742        2.9414809873210364
        1.4944582421107979        2.1398117998664312        3.1443930700365286
        1.9729862967922360        2.0081199040266471        3.2645355635359143
        2.2691882342808078        2.3686737399486928        3.7140513967752469
        2.2277565953858631        2.3762691758791785        3.8756647089262017
        3.1755488892810648        1.4960949815188387        2.7635027927177038
        3.3304442726912136        1.6790474306273842        3.0329808286123892
        2.3187825788197332        2.0217983535456563        2.8726677624510861
        1.8202716698128005        2.1453075948646894        3.3494441981535346
        2.7634840648048282        1.9483836152781180        4.0621243601672674
        2.2437801515758720        3.0658324010289779        3.8906468157204994
        2.5372550583396616        2.0073290670599961        4.1347474212662370
        2.3583731624846114        2.5756699272417753        3.4052957468755980
        3.2975906022593864        1.5977283290261282        3.5459437454789873
        1.6708522228624281        2.6957919078957850        3.5032152024437120
        1.6558380833337316        1.9166456786043666        3.0901283280643876
        3.0031805583288982        2.0762535548152448        4.3936454078473046
        2.2048405494051870        2.2939976911343036        3.7276092403902852
        2.5905045208693123        2.1577760550441432        3.8285808197725335
        2.6119500159018596        2.9257836395847310        3.7499834409813970
        2.4201016139638774        2.1978075447656793        3.8408060863235920
        2.4612523468253054        2.9485083663499156        4.0974800435979928
        3.1283648205519721        2.1035588127988483        3.2040970006062035
        2.7251601389809328        2.4923975827746228        3.3965261834727216
        2.7119289779777560        1.9839439173690592        4.5695456350990220
        2.6311296311546783        2.0473389745233170        3.2453753207767631
        2.3014307126312592        1.9375498374262743        3.6305544717853757
        2.7957217981195437        2.0498825908441010        3.8983248232723162
        3.0799368195969246        2.0155875984519316        2.9554934385576717
        2.2757344275516611        3.1065812595628666        3.7854057035733342
        3.4866856897396583        1.3901334079537555        2.6514666050040474
        3.3329369571503245        1.5406492881970819        2.6154686195926509
        2.2487616433454294        3.0629529755573728        4.0454638175201829
        1.3323655703670336        2.1831903691228596        3.2469006383072685
        2.7236190032004139        2.8138590894553550        3.5417291108768501
        3.3378116554516208        1.6966246327467540        3.7551487518146112
        2.0901365825347229        2.3638430261499681        4.0040750284696056
        2.2395366207754166        2.6876741845609482        3.2331629986253900
        2.2070338042904245        3.1850369303319890        3.6475147047766523
        3.5367830230276733        1.5379089375912625        2.4408929914845978
        3.1556453993658766        1.7844907104482715        3.1041546351054157
        2.8487902166628887        2.2764513473515651        3.2461790875492462
        2.7039924635261041        2.0376415868041708        3.2624659528983795
        2.2407456610010978        3.2566904430809616        4.2322660024833354
        2.6259265275058943        2.4856780118048087        3.1395148843978498
        1.7355019933911215        1.7945171648067182        2.8095554181395270
        2.6678048654950506        2.7004048729941088        3.3087483528289212
        2.5988091615234903        1.8026406014982452        3.7220104175682462
        3.1840926609762130        1.6797729452960244        3.5663120510407773
        2.6305848838167543        2.8623555297395020        4.0472204711762290
        2.8065733410550746        2.4382530457286977        3.2706868385275407
        2.7617931173534327        2.6005162910119344        3.1842270946487310
        3.0609557465901815        1.5503565905218382        3.1001787664657994
        2.6595481539602108        1.6621287333843213        2.8986616254241397
        2.8384116505009001        2.2180879689194324        2.9564206449414137
        2.1833262728880620        1.8201299337455410        2.9545815604427004
        3.0146833709501752        1.7606305283965162        3.9042127326014500
        3.3708168953728999        1.5853636895332750        3.4024783118954902
        2.9987094634610703        1.9317869482683789        3.3356342632125728
        2.0864056963830309        2.0774027951256935        2.9739609021182485
        3.5509413952823428        1.3390419782080021        2.8334401133310392
        3.2965890328693064        1.6021199313740129        3.0652215126115459
        3.4766057019227095        1.5445913759042573        2.9612045666167091
        2.4241223369613505        2.8831876556185856        4.3801123161506954
        2.3765027986127785        2.7790472008306963        3.8614131447566025
        1.8654717872295161        2.1238662479428907        3.7326886683281395
        2.7158923450087862        2.3630279070737412        3.4686352308259587
        2.2696637186931681        3.4071048141275337        3.9030202746270004
        2.7508385761947038        1.9022913708755094        2.8534724633132278
        2.1608378404080679        2.4983354585967961        4.0462035609879088
        2.9978162319793880        2.2612115242541280        3.5630293360969807
        2.7474022389681463        2.0930759906097398        3.2814799758433026
        3.6274982409348566        1.2816649150862780        2.2300887073129734
        2.5140624482040970        2.9647621819076142        4.4806271984891506
        2.7160089103263805        1.7381092109163987        3.1096045621067625
        2.7736252796305023        2.4056862202688802        4.0725579804791687
        2.4460501361213822        2.9864249596719681        4.3093189398700424
        3.0335429893013739        1.5506264016567348        2.6238687832093781
        3.0413865945472827        1.7198883685586011        2.7562045979113936
        2.6669142449762067        1.6838230028902257        3.1542782513006040
        2.2820760749110280        2.6890558149995689        3.5780805094567341
        3.4710757696555574        1.6537460622282893        2.8736226975675141
        3.1495453077985873        1.5420859417446637        2.9167287930378043
        1.6314209591534707        1.9202037079209402        3.1105903870758351
        2.9653246677337473        2.4181458700839897        3.4827576173475610
        2.1671711710040560        3.0663898390867548        3.8462509137626104
        2.1415900281283724        1.6582857810288261        2.6664845611982249
        2.7545575018890105        2.7438690405212820        3.3652254189816855
        2.5018783330723378        1.8823603657116410        2.9746706354202863
        2.6992252835693393        2.7232942262856783        3.3313350870835063
        2.6284214917370994        2.7953266974500472        3.9293044696021378
        2.2796108812844706        2.5442889880370094        3.2995466059254874
        3.8661386015675765        1.1323176414445166        2.1688523404469517
        3.1715215584971377        1.7108730272655379        3.9417075908781278
        1.6267926193164182        2.0848957155653824        3.5306551680576250
        2.2915677239056076        2.0188775803568264        3.5808961662875216
        2.7997218345799810        2.4302758063507026        3.6533800555575904
        3.0218231924371777        1.9946537580194661        4.1910384111895151
        2.8887988001983849        2.2308544558370382        2.8788329530534904
        2.1003474514414426        2.8074203433884262        3.3310223810406647
        3.1204071818416743        1.6902753793814860        2.8328526893747470
        1.9929209966183281        3.1905935783601747        3.9466548168562756
        1.7727239052354546        3.0769074987937648        3.6417556192457226
        2.1041779276413699        2.3781499611719408        3.2425423317255460
        1.7703217658725150        2.0385050199432668        3.5194587443181637
        3.4575025836435564        1.4358341677051181        3.0349454910917779
        1.8352100164476983        2.3337849245450006        3.4654278979571362
        1.7914394740613337        3.3596229423794455        3.7336809136333051
        2.9119970090323930        1.9677062600996837        4.7037964459899619
        3.2676396431047228        1.6815302644348347        3.0984538678082858
        3.0583446771147336        2.0521276616706601        4.2372275941649864
        2.7035384256100019        2.2739211099018459        4.0730408913105265
        1.7783779026025437        2.7433674360776306        3.7232680533801372
        2.9040298866643144        2.0267860335408474        4.0355531918559580
        1.5818115955882559        2.2827310302530797        3.2778479230930380
        1.7968669552045162        2.6102501923223094        3.2992240521305236
        2.4196369827191457        3.2202365972079674        3.7186701620977836
        2.3042830970463304        2.5287245625422510        3.1577150438911175
        2.7279356842668614        2.3442813320854654        4.4556506080850680
        3.1916247034305254        1.9274575615281329        2.7677085076306627
        2.6260851056633840        1.7722814347586100        3.5662841618660837
        2.4277911327682897        2.9225644151236092        3.3367213797562250
        2.8806284283726291        2.5020709597063711        3.3670032527757319
        1.9255880229395701        3.1002528793592425        3.5932583991900566
        1.3729810954804578        2.4373037900718550        3.2960540370499727
        2.5791366172551595        2.4060410820568476        3.5946460061895631
        2.1837706935015939        2.2008573477333542        3.9645573155155933
        3.0759016857268029        1.8975446726175980        3.6015476822821881
        2.6973212718117412        2.5208283803589095        3.7982440049858361
        1.7513062962763246        1.8482703742876041        3.0266047498445472
        2.3911862864439364        1.7485223998208661        3.1083792151523761
        2.1108584208871668        2.6829444791619559        4.0968983367236795
        1.7749718138546837        2.6794503232072042        3.6202318674527194
        2.9888812825037823        2.0674326993399967        4.1560737727202106
        2.9773770844873915        1.9657824448572039        2.7033881844938494
        2.7565001588240738        2.0941483069879072        3.4351995546180571
        2.9006631406545282        1.7080274558879798        3.2602582485433897
        2.1582112229678923        2.3578948105828283        3.8334815509208924
        3.1458116034119996        1.6804138587275208        2.8833528682635770
        2.3755152730486837        2.1104135244205837        4.3173721637303641
        2.0924085374371773        2.6521795003045812        3.8502133481268666
        2.1801491800104653        1.7417261767593939        2.8873834315098086
        2.4130511271610069        2.1185339097298637        4.3576649545305983
        1.6712039792080540        1.8828110727525544        3.1472977683431904
        2.4346994554556094        2.1676354766987633        3.1198302166378991
        2.8019001208359171        2.4269346247855079        3.0687085049386198
        2.7117337820792615        2.2513269718439282        3.4802311589937136
        2.4227898099870506        2.1452944070297191        3.4104571780828863
        3.0013496307661738        2.1301753859852246        3.5762225092780771
        3.4334889451372423        1.6366464023312925        2.9728775092567741
        2.5993265675589186        2.9048939149185364        4.1066176960032763
        2.3265000303692602        2.6702223692466025        3.2016058130369949
        2.4283658300432416        2.4789262447496552        4.0535894162242831
        1.3914658979390744        2.0408807549142214        3.3699169168720386
        2.4830272610027473        1.8398102624208308        2.7497398958315147
        2.7667556510678679        2.7927214482750324        3.3358221654583202
        2.2441122640000852        3.0656947860641126        3.5816777191011617
        2.8115546674620897        1.7556278518323454        3.1636499130967106
        2.8155087319775798        1.8913521308810266        2.7063348222770611
        2.4987161325083758        2.6834464430433362        3.2246094057208121
        1.5399350089512014        2.0645896339403498        3.5171036823800672
        3.1284779464425121        1.8158188247820597        3.7417876866790447
        1.7942388750694520        2.4017274525216021        3.4206439592097428
        2.5932603089725652        2.2803402464535130        3.4116783174802325
        2.2546740827798653        3.3461973044588023        3.7455540222275703
        2.7862071314875227        2.4704528122288760        3.9081575134917728
        2.9590880464997014        1.7987489921948192        4.1454568282370312
        1.4426213216529238        2.1551377610416145        3.2213100184948003
        2.1961744540777484        2.2711011203473008        3.9033188016965132
        2.7805109912554693        2.6318391513421999        3.5083388393856629
        1.7974270651739759        1.9164023804661037        3.0708674871530977
        2.4137263127976016        2.4678859913387354        4.3796714167094670
        2.9388739414664213        2.0598750062937539        3.7458422441600061
        2.2157962919700376        1.6667895129437371        2.7009458723298980
        1.8511426807294462        2.8252500457371141        3.7082425825552403
        3.1246542772792858        1.5767547985250527        2.5563450974318793
        2.3497438404290465        2.4258795097241634        3.4147788460744155
        1.8826904129280435        2.7395873710772731        3.4606228096574156
        2.5663040194204596        2.3788465048291485        3.8604737466307704
        1.8173692216870490        2.5277370915133122        3.2030202808821180
        2.6088207948672628        1.9806504332256207        2.9116067309095439
        2.3937646176025660        2.0951529783589611        3.4707770648617853
        2.2878245027992867        2.2444722969566504        4.1997976660373313
        2.1378927348347454        2.2784607449361354        3.3752105720834669
        2.2764267917932441        1.8602576761736493        3.0633074539571465
        2.6442002177632093        2.1861809621681534        2.9060939064668641
        2.3496132322695740        3.1262624802340451        3.6365696482070282
        1.2149874802231657        2.2366436337973514        3.1218982759031624
        2.6058649176967057        2.6657119261055486        4.4125271362620957
        2.5203256683709774        2.1140678114604343        3.3452387486675090
        1.6005609900500590        2.5761831083851265        3.4617365848441164
        2.0289657600343616        2.5585902199996253        3.2824607579551550
        2.0102837808069176        2.3129849174420847        3.8503084159365999
        2.5922909847639999        2.1621051054185862        3.0935658362273442
        2.2632720820761421        3.0591793292322027        4.0715789900208126
        2.5061359524550459        1.7471539633763811        3.0151438469936696
        2.1568055400868809        2.1076165881048756        3.6023775154293460
        2.7410527498726975        2.0072738760056632        3.1297315606979561
        2.7412547807475689        2.6035071822388054        3.3624029659827590
        2.4814934444335610        1.7201434736443779        2.8275696265606247
        2.8466987148225664        1.5067216663975225        2.6009911514909536
        2.9538966179635011        1.7330554588123541        2.8189962611593331
        2.7415772330283725        1.7092096338182774        2.8909402208231580
        2.0879718280357094        2.7032553608235403        3.7681216045535844
        2.1059712633524614        3.5525425251060678        3.9388422531102378
        2.0326370285555213        3.0828725786973088        3.6909635217794836
        1.6852645584541812        2.2225871532490915        3.2862989199474164
        3.1243385528727643        2.1446979098215930        3.0983887067346503
        2.4839629859395593        2.3213110218747719        4.2067820773661513
        2.4199250957396248        2.0426730393204791        3.2079405351344787
        2.0881317304811171        2.1241099536403492        3.5886076023717526
        2.8288733636657324        2.2223163042079701        3.4709758989191348
        2.8112071802991476        1.9900466897483797        4.3973208807714457
        3.2604532075258579        1.6312906620029537        3.4382288018995184
        2.7313205793725435        2.0130112408186229        4.1058870538326300
        1.8825603481425093        3.1208171216338503        3.5768848672904001
        2.2566426202379657        2.2495521497359512        3.2540794429362618
        1.8891175501118602        2.4458304552867300        3.3101283307412017
        2.2673949056074205        2.5722586081863339        4.1264289390414266
        1.8442255155999383        3.1432690746742438        3.7951251610546777
        3.2775401170983565        1.8994253481198653        2.8263358273354240
        2.5164167925581493        2.8443949696896751        4.4480995335882740
        2.1014868631974499        2.1944567655612564        3.1836103880480353
        2.0461622034917974        2.3009507232004660        3.1805901657479874
        3.1975342720631241        1.7649886416760188        3.2342478469856957
        2.3985267637608136        2.4473402491102796        3.6011737786728517
        2.0036131036482772        2.1125057464805641        2.9594758656236451
        2.1367719342162004        1.7276371716856325        2.8650537555355782
        2.2107406273423007        2.0960810412521642        3.0707847837930080
        1.9864932122181069        2.3056300046780791        3.4794214429326211
        3.5093585753122447        1.5253208518210175        2.3823769913174582
        3.0696646888096666        1.6540708912970887        2.6139893168045454
        2.4402271632587906        2.9398902412255778        4.3311321688599591
        1.5505147840431048        2.5315230617228091        3.2585739027720675
        1.9406968010344632        1.7369750601488334        2.8656692209378050
        2.8237377185578074        1.9383889283327043        3.7845154756069554
        2.1355827773146183        1.9705267758514831        4.0017520490388812
        2.6259037105684677        2.3679334132185113        4.3900094325680934
        2.1609446174726141        2.7576334279892536        3.2816818808312735
        2.1037468468267408        2.1293576085014925        3.6810937878972982
        2.5858169149232153        2.9747823112415777        3.9666855486654895
        2.3611566282033789        3.2454285431735257        3.9960415776150437
        2.9332984043009858        1.6911011605458590        3.6049449799161710
        2.5228858988624854        2.4768218973354088        4.2496176775923287
        2.8402811502378364        1.8477372431778050        3.5610513446250680
        2.7602698517904822        2.7711945280170607        3.5319708442524833
        3.4869921563341233        1.5070893537359784        3.4770285609160769
        2.1655519810257413        2.1731893736528467        3.2325277641972172
        3.2923728903503524        1.9939615399955271        2.9198599004134915
        1.9809120544153618        2.5180678397165561        3.8058138025805399
        1.9769685580827916        2.3937230550043500        3.5042297813204892
        1.9372152024620826        2.2727832091111475        3.5625094946530185
        2.3445553860714905        3.2307127309456503        4.1825667849160855
        2.0023274989808275        2.5683299295560240        3.5061880765057856
        2.6303310513832772        1.9565503076067332        3.1619210354596650
        3.6407124597834102        1.3475665446346694        2.4850818028938044
        1.7800886862934644        3.1392241892327468        3.7468490925503639
        1.9108378035176070        1.8952146861797412        2.9643293878723238
        3.2757175398266241        1.7856038412653192        3.7953180216618154
        2.8510757372099702        1.7240205017920784        2.8475895890212426
        2.0995320338763310        3.3197265247954379        3.6576063159649994
        3.1041828953159847        1.7683342853132396        2.9795337085403260
        1.9866672228035418        3.0588200692205900        3.9425272636560846
        2.5207526695270666        2.8449724500637896        4.1147683179479833
        2.8748298370166050        1.6184412592781421        2.6362599652900500
        2.8236735285463093        2.3245696608913748        3.2018459941969524
        2.6100765632718224        2.2657994310816791        4.4065408124683412
        2.1467833463708614        3.3422130094670512        3.9787922836752592
        2.2705219599200466        2.2388745161356178        4.0819695930614222
        2.5607160550994594        2.0592163786940043        3.8396164525320668
        1.8598325042934505        2.0616222592852966        3.6952273521524450
        2.5582474864126752        2.6748887117541118        3.2777209631258311
        2.2939190078808935        3.0003818202641006        4.0370099351645443
        2.6659424103348561        2.6042732259487407        3.3889947082466416
        2.5846342023609754        2.9209592991864790        3.9567447717402069
        2.0940453554891909        2.6570262216757250        3.3028359722261600
        2.8265898235761062        2.0125262354955789        4.4043988403422496
        3.2325989278465879        1.4974435452966497        2.6905161625887040
        2.3555604318693542        2.2172446492900666        3.5200821182571738
        2.8819585963596301        1.9438525964801996        3.3142472552377349
        3.1972003482165032        1.5576022957766840        3.2911560670619107
        1.7805703025864423        1.7776610971969635        2.8876222817570221
        2.6918946377064406        2.0907263014715793        3.6098382359622345
        2.2840502319167610        3.1195139171924717        3.6570824511547286
        3.0485392753235239        2.1050467021265717        3.9817966404823655
        2.8685252986709004        2.0773807982705792        3.2571110347695207
        2.3650731012801129        2.0548321292434180        3.6168422318095619
        2.7524545368647737        1.7393420065887402        3.3166678678496111
        3.3835230345558602        1.2670612216291466        2.3132693237459314
        2.4566829117969222        1.6926039096964962        3.0163369475279111
        1.6177573765912492        2.2559929797427110        3.4648865240279321
        2.7653507547415557        2.3454869106907048        4.6808185217515561
        2.6849618170972320        2.4975945940712139        3.4694350604850404
        1.5678139565187308        2.2505014442538185        3.4560801713623448
        2.3085770413218771        1.9825372640499244        3.5827897178428341
        2.7184785132996692        1.7218228964445692        3.5712258542327993
        1.8705937498646148        2.5066968162245615        3.3773028613042433
        2.3717736459537342        3.2425055570039047        4.3394029424343579
        1.5158784960260405        2.5126973177963996        3.4269316205934044
        2.4503356909903893        1.9898587172405617        3.7973790725135643
        1.8129817014315792        2.7035645617810857        3.4624049259271859
        2.9159537324738349        2.4991815529434214        3.0161470010291112
        2.7847579842475971        2.0946966535802760        4.0695472388411957
        1.7599639840892176        3.1085911612474746        3.6186356452860888
        3.2716865991836119        1.4654635411218497        2.9083228442035938
        3.1073300172490117        2.1057258508480308        3.3610256497903990
        2.1689899667460417        2.6691099860270588        3.9258420437547317
        2.9619233682066604        1.8627988168278913        2.9967106516055937
        3.2463389421898947        1.6697013232952427        3.4679096770417708
        2.5482740032484190        2.0192815312791845        3.8206132815689249
        2.3616876082653375        2.9777162168082976        3.5378947757418340
        2.5077409052523723        1.8594182691359893        3.0636069670861290
        1.7669272897330581        2.2088167295722041        3.7352480207935965
        2.4427991134080131        2.2229448491572246        4.3828816001021682
        2.0291448767013822        1.7660777782583363        2.7659831124198631
        2.1699820134155767        1.8972170183289827        3.3821784263067647
        3.2526595257737982        1.4757352948290339        2.8688993870949835
        2.3021456605667479        2.3753735815793386        3.2053824590560085
        1.7297794622712599        2.1551051103746879        3.4425782995138796
        2.3670502525934936        2.2789332686212447        4.2746718355253757
        3.1112885317293340        1.7142826326874410        3.9041705378463432
        3.5580555849622209        1.5470558653981634        2.5552945622548657
        3.1757531692999557        1.6487186289401219        3.4223959255720526
        1.3471172379428167        1.9999123959677361        3.3216122539707040
        1.6242648259644441        2.0794257605776294        3.5178679645461366
        2.7499961818871004        2.6844238822783755        3.7064958900615341
        2.3530619923551761        2.6862213003891902        3.9000126060368174
        2.1164355563077102        2.0542456023619029        3.5947261884594424
        2.5289444441297029        2.5713469266859947        4.3974045179313714
        2.9253113217746951        1.4299422178329930        2.4085098868866903
        2.9258758620984286        2.1495575640036746        4.8463650112337344
        2.6306467082161271        2.1444238633917174        4.5973454346303919
        2.9614759525125116        2.1556028012425261        3.2863396778829279
        2.9311355091347084        2.3527908036358376        3.0698497210793314
        2.6324998390274850        1.7629344881464757        3.0417149720078767
        3.1528897900765576        1.6107249950593290        3.2489308482008084
        1.1599146711493356        2.0371065336029299        2.9990385979285650
        1.4460518512046887        1.9851299519589243        3.0728646760300329
        2.7859762258875351        2.4593613978509286        3.7141933608147988
        2.8992319362753323        1.9623255821068468        4.6614152780949976
        2.0475957109789364        2.8704277093266390        3.7273383600442882
        2.5765459465908567        2.1141253298898821        3.3241583588815788
        1.8023314922231890        2.4577686750233041        3.4440513362675294
        2.3903771571160668        3.0949689164218506        3.8047814110698406
        1.9223473369754616        2.0793142299898761        3.7955086414540529
        2.6785611327341745        2.7357426194065635        4.1371211557563008
        3.3974790858814603        1.6547411716576810        3.5254417076889304
        1.3447190027368960        2.0284925739677631        3.1441431086981186
        2.5755839881597522        2.1225394826484854        3.7969451087899047
        2.0146119469433601        2.7336570185844291        3.2976591421713244
        2.5618741421486173        2.3869377412443837        3.4995677934756007
        2.6945353507665732        1.7527561760014554        3.0081566901786836
        2.7690008891196136        2.5662489893793636        4.2585818794443533
        3.1329521937844724        1.5139902309649718        2.8120858592943661
        2.2087464478325272        2.4565459468424296        3.9145202203828671
        3.1687130337346292        1.5780457154564700        2.6436198644606903
        2.0505987233691210        1.8802071612640650        3.3784299131710487
        2.5418352720298660        3.1240222291073807        3.5480383456277771
        2.3003555481630884        1.8403102530841986        3.5590008325667934
        2.5867542761937918        2.6632962624362682        3.6888715814445816
        1.7045895209775446        2.8696458417787536        3.4474426259395812
        2.5750852909450872        2.3391058794567172        4.5479861416322507
        2.3825284314058566        3.2555175232172449        3.7694949166828877
        3.0718017882032611        1.5196317553927363        2.5409812793910063
        2.3170070295599627        2.6910713964076844        3.5652735007994583
        2.6619028643240350        2.4812495452755305        4.3596050538955167
        2.9055218635140347        1.7741138202540414        3.6877053069275290
        1.8813918815032535        2.6238418299083044        3.6739858819036177
        2.2892196081841529        2.1136455554456495        4.2230721911156417
        3.3699390000328444        1.8941901673405075        2.6397475946945494
        2.1622443787088650        1.8851909120620969        3.1405827258238288
        2.3779393035616252        2.5429153741591923        3.7580473580330027
        3.0519791859820176        1.8922700294252150        3.7692056942460836
        1.5789738473203279        2.3464835785828568        3.3540196351430369
        2.4977088200648527        2.1104506659777513        3.6673026735979919
        2.2953967919458012        2.5234634387884594        3.8653229994422422
        2.8919135349759886        2.3590926235565144        3.3193249990898499
        2.2011124041358334        2.0451537119938945        3.2627547932817897
        1.9278806471495933        3.1877538389773652        3.6592717453889776
        2.5134258026110849        1.8142428083788782        2.7988543760007936
        3.0452853008360377        1.6967532096389057        2.6881300082880881
        2.5340524196967094        2.2653084099860310        4.3643978377197294
        2.9101400016436010        2.0413255378122348        4.5404116763449709
        2.4112238360000604        2.3236913897098761        3.7142686948210915
        2.8686893395537387        1.7762602406840591        2.8256933976052068
        1.9253702442784930        2.7519870928675121        3.3040918406951127
        2.3211443682192336        3.2439838139167581        3.8152595229894573
        2.6312887331283323        2.5331187468236225        4.2007980100708249
        1.8591531505754553        2.5945450343131506        3.3848601920132189
        3.2249194785018562        1.6128511804420202        2.7411646395908722
        2.3999189535875742        2.0920940507055730        3.2856654468519726
        2.4475230758591318        2.5620844229861670        3.7340604860448021
        2.7085001113552334        2.0834977906542052        3.3694844332310878
        2.5136090421375772        2.0930247213547704        4.4845854542107508
        3.0538141001238084        1.3886973728043628        2.3993315683867373
        2.4989367954226838        1.5605015234417554        2.7137974926827160
        1.8658841508414783        1.8119266153995877        2.8577496547471579
        2.8809228790432311        1.5491725964069503        2.6973421161551689
        1.9766701101756972        3.5250730642422821        3.8305379648272346
        3.4970161879096757        1.4846913737383436        3.4102673782146073
        1.7220374130427585        3.0205078887713497        3.5015430511462644
        1.3264416691456669        2.2985500280643172        3.2227242765812063
        3.4115258130484838        1.5153594317179833        3.1291537004404013
        2.8487034452857918        2.1455579893208809        3.8382566132846248
        2.5829317940539718        2.6037111844162606        3.5612053565079731
        2.9284421581882980        2.4397029659135767        3.1171602545137604
        1.8400413914854512        1.8612932240421241        2.8064386893475044
        1.6887308506872571        2.6354990128133240        3.5117931587468521
        2.6551597233369244        1.7883584536266057        3.4138642545511217
        2.4777846376118156        1.9302472443963186        3.2813510855083199
        1.8431033561817567        2.0177836779857552        3.2680563805675900
        2.3557832801848688        2.6402692255692704        3.6903757003068050
        2.2564609988316633        3.0515641243813398        4.0192847201276809
        2.5090009065180352        2.7071966681351824        4.0588589248769580
        2.0725338491910659        2.3927718960842563        3.7760463014002972
        2.4964564356736538        2.2634840092374811        3.7473828384820171
        2.1776894248420846        2.6722156883726695        3.4175550849845244
        3.1209049281232062        1.7815823005138407        3.3387247482657534
        3.0532222609255411        1.6824526650979190        3.0181919228236298
        2.5775757658413885        1.7084839285358167        3.3286601561422917
        2.4834407467528439        2.2837715610046390        4.2721605329966685
        2.5221690142417015        2.2956076566698211        3.1331824911252495
        2.8625853884801309        2.0623457808708423        2.9265523490471845
        1.6598983647760235        1.9723048148965883        3.0703963333379267
        2.9944347809045881        1.5135768412994537        2.9398702684417266
        1.7168944523960070        2.7906035621189447        3.6813378994496606
        1.9328761729134640        2.4726129417799818        3.1699396994945666
        2.2465265813897997        2.7372623243215699        4.2362461899730404
        2.8824659491807383        2.5545771701160631        3.3413152219553313
        2.4037353868928384        2.6189680302277232        4.2294434203378799
        2.2477735482247954        2.9479739338223876        3.9791290718044596
        2.5320519755928506        2.4848320448382388        3.8295661604010833
        2.2081996101410839        3.1838601940139282        3.8715446393685617
        1.7668553394762041        2.4527181955340036        3.1807777457561244
        2.9819931159125082        2.3842448955932545        3.1504908340269635
        2.3712401689631672        2.5149865142736854        3.9293558893184866
        3.0100578442257442        2.2690889883034799        3.3282955393743650
        2.0748798996519260        1.9770773052546762        2.9546629817316963
        2.3138983236990480        3.3915357231195520        3.7063383854644494
        3.1102637132153683        1.4802420369997429        2.9299786757513058
        2.4944508487537518        2.0450894753106983        3.8830624909339950
        2.7030495552454870        2.2137933885505667        3.8603907483053463
        2.6363288423407605        2.4529821530519933        4.4336760337671528
        2.6684643596376718        2.2304980368249412        3.1742238869275106
        1.9540699376131547        2.5375702122583217        3.7033886452440008
        2.8255064053671832        2.2096341700227331        3.4414931207979818
        2.2157395814101388        2.5458572337391487        3.5118779662191626
        2.7838875818105349        2.6473385331627508        3.8204206202648185
        2.5152960952636252        2.6288403413867818        3.7404587724105820
        1.9989732052723146        1.9294916757370451        3.1650599697230581
        2.7598181170351075        2.1272333405102439        4.4913280890768270
        3.5201669025519884        1.2344370665872262        2.3734970773653155
        2.2937614970718587        1.8604689720038508        2.8207982543922983
        2.9141808584909463        2.3393866712976497        3.8703174104657752
        3.7049438615849626        1.2168519022838542        2.3461120129004915
        1.6077707370986376        2.0896585346041907        3.2001062607566650
        2.0137981516366050        3.6090977900661496        4.0019208476886634
        2.0350664607921827        3.5693435098004773        3.9158781296754106
        2.4596099837314642        1.8570818705422041        3.3068753904874360
        2.1096808152322666        1.9871777147001730        3.3247479407650622
        2.7670804428837648        1.8211109777173906        2.6455416204000022
        3.1195026580209859        1.5975644586281053        2.4768249919619723
        2.7689173402241951        2.2812179016179130        4.3987889711125465
        3.0551407020766712        1.6666030936708365        2.8767846197188107
        3.6039400624742179        1.2359094895992997        2.3514798943194095
        2.6638130264831337        2.6602838450322750        4.3545997007630497
        2.3671194200057095        3.1272777667142400        3.4889874600558133
        2.9991335785012838        2.1948208306789105        4.0075892569125076
        2.3793129685566154        2.2846825781118896        3.6056401172235053
        2.0650767372786318        3.0938190757684332        3.6476245095708903
        3.2829720015346737        1.7929511208567150        3.3690398819684737
        3.0570815638346867        2.2114971760074464        3.7046152834243524
        2.5318264735792275        2.0388628347533810        4.1207232804815179
        3.1365671461080602        1.5672381910167856        3.1534268739211035
        2.4316164480441675        2.1508613782502026        3.6922762970100895
        2.9638372123495595        1.6147948174885252        2.8532342365864780
        2.0207411223704668        2.8973544067279393        3.6642457676875613
        2.6446651800931167        2.5751698518280524        3.6563560251869487
        2.8156165642306039        2.0514149953699108        3.3918108350880214
        2.0545881586902563        1.9749616718095442        3.2716633756710971
        1.6027045109128082        2.1887663802259176        3.5587015064752956
        2.3911625600700157        2.8821045978842839        3.9674119749499761
        2.6133298704666834        2.8688924898783457        4.0231325806493166
        2.9141872659902619        2.0301112667781758        3.2636318129768855
        2.8458439823534891        1.9368725554353474        3.3099189899154382
        1.6452513257036068        2.1463383290868667        3.3078020634344796
        1.8521534795790286        2.9667585510623304        3.5224253247661972
        2.8741369437310147        1.7920594683796742        3.0369712464260563
        2.6319983823040309        2.3401102265691618        3.6296570257617331
        3.2083341843377422        1.7137119876497970        3.5378985853168263
        2.1946542026875275        2.6875115966468952        3.9318169062272181
        2.7442485367226808        1.7017955978504586        3.0552051685326203
        2.3898059057346424        2.3745660937602917        3.8939728827988405
        3.1549827247038769        1.7666832025534365        2.5925274734844708
        2.7534533118742517        2.3795748760224797        4.4261776162487489
        2.2770893920022219        3.1627553567030962        3.6441557748915772
        2.3333367976804973        1.8789256484151333        3.2897406559981572
        2.4363982935903055        3.2527435301387406        3.6665470166214273
        2.6500265521818509        2.1565194665572713        3.4886588911028609
        2.8474954980199358        2.3333793054655576        4.6340272089290240
        3.3104481293238970        1.8775357492290303        2.8457508974878714
        2.7367441862138135        2.4225375648873335        4.4871440119941299
        1.4320799226918304        1.9382087982283680        2.9936895015499077
        2.9634392177535145        2.1861633597058243        4.4000521455959616
        2.1243672133936871        2.9820992255788612        3.5642118829365868
        1.1881322726980599        2.1052515548560615        3.0936631666230903
        2.9576258030017262        2.2652173247755507        3.4233423243441123
        3.2533170842152317        1.6994631725860863        3.6885970154422778
        2.9532309988723968        1.6705512626071188        2.9062484673116424
        2.9878025780785045        2.2771168938522930        2.8882966570374080
        2.0684181312381584        2.2509818305241991        3.9469070983831425
        2.7476899748029822        2.1826735059957079        3.0905943534990139
        2.5190554188844829        1.8355410535016454        3.1952487375989880
        2.3884100547732703        2.6161563938109227        4.2492288207732969
        2.1090132408822004        2.1273374167393229        3.6312211376302708
        2.9221693770110786        1.7496995635104198        3.8410577778048229
        3.4956086023894275        1.4889263835084681        2.7802545086380355
        1.7867148424549451        2.4195066733030819        3.5231542138276648
        2.5214326993852509        2.2664654213048299        3.2168763458289424
        2.6527442944665007        2.1180307665923639        3.6594599957382310
        2.3548987626228590        1.6643330453968308        2.7886713778534524
        2.0223385431492513        2.4950790738464863        4.0001163723226831
        2.9027055543445677        1.5202977243972069        2.8868879520674247
        2.9750974178211393        2.1181863327998620        4.0873315907971870
        2.2074500989621919        2.5554209344519592        4.1040906343635388
        2.2649782906449132        2.2743211645306420        3.0500771238954458
        2.2635005382977580        1.9870285148554441        2.9387633390999675
        1.9848612552042728        2.0737121348170144        2.9202801509306808
        2.4874800324590050        2.7270754871570064        4.0208701349632303
        2.2599971133022940        2.4254542595600839        4.1914015753581468
        2.1492491802816889        1.6989813342782434        2.8076694069846577
        2.9871321404299658        1.8140271310454517        4.1390764623802392
        2.4907225819468017        1.9245965940442105        4.1162097063395366
        2.4607575058045468        1.9862326592025743        3.4851111567316000
        1.7899488573026652        1.9177296859276023        3.4189142272953723
        2.9560440899622753        1.9165834388879093        3.4206533935602117
        2.9456876818797757        2.2715264783958449        3.7039795105333781
        2.5273515817620456        2.1777676832012629        4.2163427871892960
        2.6294099179429082        2.2077064827010791        3.2625330898256419
        2.3640270002354482        3.0787301394482167        3.5563481511858184
        2.1161526172497962        2.4386756277591690        4.0658817487637355
        2.7838206900322469        2.4443091193185866        4.3608362127250473
        2.7136535936187753        2.2216329444059180        3.6970308673248500
        2.1156380992456727        2.2809487568971032        3.0103638217702891
        3.5681719763687663        1.4561281561065149        2.8681789662951673
        2.1658743928467974        1.7716499105084380        2.9499434554867099
        1.9538013920928532        1.9424893151606901        3.5793513397812071
        3.6271867064958156        1.3284004322677736        2.3776050792579047
        1.7586525002957156        2.3613846141070933        3.1658719749750395
        2.7081632994245224        1.7693773981038536        3.1009058096459228
        2.2463985329176399        3.3099943999300900        3.6603904493892685
        1.8236981955560310        2.0543790668349282        3.0834842069015718
        2.7294268937595643        1.7812495603782121        3.5186056034793669
        2.2721302622190134        2.2376139881014692        3.0963515896344482
        2.8784992349235887        2.3303236128139182        3.8766050864432904
        2.5594606267332090        2.0633654574473024        4.1445294408072186
        2.8608874985373847        1.9635724365157330        2.8520325141223610
        2.3996686374152634        3.2579360582068091        3.7619210325408945
        2.6262683675944025        1.7007029051184577        3.3092783694376768
        2.3626375135196769        2.0304915244413486        3.9431578673466761
        2.6317893456078725        2.3706659937473029        3.1820256779597536
        2.2239314113736843        2.8109909596879543        3.3003926328040101
        2.8201523948121743        1.8992344665731997        3.0210632845442875
        2.4972908504094344        2.6484297470072877        4.2335061921367378
        2.3097169866729352        2.8563392962667269        3.3347813706240270
        2.6017069735254634        2.0125475059718694        4.3087440160197827
        2.5672386244418752        2.5679468882224592        4.5018592337107091
        2.7179937151958979        2.1966025374306697        4.6579868207887474
        3.1404231763496773        1.7784404068673967        2.7597929148222136
        2.1994744824137835        2.1573248067464608        3.7143224723388935
        1.5588109915713666        2.1477795444635590        3.0732492272920156
        2.6242581934451574        1.9692363905996875        4.4069705819279994
        3.2181008388660963        2.0438552009526316        2.8517814998182098
        2.2117634896131975        3.1166241969339068        4.1043253367017414
        2.6697724362403181        2.0153398546453571        3.0011305013800551
        2.0470488272398102        2.0144736846565205        3.3472658126061758
        2.5614781624161789        1.9377694911470031        3.3060788190603825
        2.2260652655737663        2.3132068305513807        4.1314233285917554
        2.4070981738503585        2.5655099854873313        4.0232854367609061
        2.4656682612962264        2.1960325358841404        2.9188682449522227
        1.4073065494130572        2.3199098190682230        3.1407049476874351
        2.0020600613742978        2.2918688525719499        3.4772283749886981
        3.0725144524830119        1.7442722909834945        2.8012554398445122
        2.7997051382945179        1.8594331442201573        3.6540093991159521
        2.3906061241681145        2.0969308930197181        4.2374506070606754
        2.4632346655292086        1.9216642289905979        3.2365246789171671
        2.4934319572294381        2.4335540492946319        3.0625054045962758
        2.0473930272469394        2.3797139656838580        3.2577907321455459
        2.3439638737674464        2.6240662286119840        3.6085095914606118
        2.3095637123447252        3.4445555936797065        3.7836277176663997
        1.8945371229293970        3.1990510449107430        3.6913777440039981
        2.7279120249481661        2.6578428896997468        3.6665776790202251
        3.0563444713766708        2.0443119890642985        3.0446287862488570
        2.2666147599166226        2.8573854786965485        3.4242075721218601
        2.8596585755588326        2.3471691889259105        4.0166100920774417
        2.0087316501921704        2.4516285654562902        3.3445581118415295
        1.8224835548748288        2.8308676907901331        3.6188638453412110
        2.3437361830402037        3.2707667062121288        4.1299352923695896
        3.0395957832388150        2.0604968886140917        3.5694431046636783
        2.8682904931576303        2.3996154988375324        4.2053007105032982
        2.6035421898814297        2.9487759055761753        3.5400311940841025
        2.4578064021278476        2.8411126806676030        3.5157334046580666
        2.3587069457543079        2.8097104813800495        4.2867766562449781
        2.6589080689929294        2.0465073761070025        3.4721248178705109
        2.1915566023826583        2.0899899509703475        3.3635404548121728
        3.2437633318901673        1.5522700195493926        3.2150189853105404
        2.0306243728972753        2.9395276390573359        3.6025939729037817
        1.9395785783695900        2.0128854415432667        3.4292982838150778
        2.0077477191203386        2.7252250079793727        3.9581156408520428
        2.4908676001003851        1.9418288036537246        2.8825444703312364
        1.6291375568468012        2.5319226841651465        3.3517862443929833
        1.6056591154310662        1.9827889948484425        3.0292477261674926
        2.8587019940658309        1.9897895277311277        3.4320390641206968
        2.0554489861471410        2.3996801931602048        3.5995096350980420
        1.8400958529541152        2.6722064061350883        3.7759047627734232
        2.3916264369434623        2.2840325387032658        3.5610814878115304
        2.1851702915865623        2.7824973811832252        3.4496474287590879
        3.1702945102709301        1.8496148702595456        4.2934630806185936
        3.4810801592251264        1.4289764479642502        2.4145240355938808
        3.2933379105572063        1.8263034489747814        3.5044509508742774
        2.1437335829843960        2.5977991029170013        3.6726027236830974
        1.8850470506639365        3.0342992910076849        3.8664448990214257
        1.8877777116841163        2.6475389396526996        3.2455678984201914
        2.6623925262071695        1.9245586133126182        4.2333621784145521
        2.0940321060813623        1.7846757708159666        2.8923798078351126
        3.3276069612135730        1.6520495794083845        3.7547896088951198
        1.5930385876629356        2.1425704043419360        3.2829558946708306
        2.1556119635940187        2.0920181740983113        4.0519809586489703
        2.1069410365112931        2.1407964168045557        3.2167198667141821
        2.7354603389520631        2.4415794011041605        3.2926026649646407
        2.4824136148863865        2.4161121600690754        3.9479705358919723
        2.3672569936322891        1.8622625311795755        3.5194532588281962
        1.7619977643662019        1.7703143090799651        2.8069135462595871
        2.9542696670843753        2.0131782590341647        4.6406188279241336
        2.0378810102276441        2.1562303709386916        2.9511389644211303
        2.0144454287424720        1.9931668442521402        3.9612559499059090
        1.9256581217271456        3.4642243641233952        3.7808209804192208
        2.4239416883214777        2.1934948325831689        3.9218643526224053
        2.3479923165505285        2.9655667855262147        3.9964336942214409
        2.9770409641164775        1.7316824726987368        3.6509343666197207
        2.6174105855919318        2.3025311540198690        3.6222833990019057
        2.5991839611179275        2.7884154978017253        3.9861491255684092
        2.8441394030807787        2.2370684402917922        4.6111630166610169
        3.0365039459580396        2.1429346339963780        3.4877611609202646
        3.6217141312319971        1.3130674014757078        2.6115319914567627
        2.4819824036865969        1.7996414782583494        3.3745775732951357
        3.4687843245526988        1.4400064757172193        2.4388914351704476
        2.8659983616700337        2.3523640539368431        3.1000896835988558
        2.8258059312801582        2.2735833187382322        3.6336266474496086
        1.9481516112359374        3.1491786152615964        3.9373408632776830
        2.1826207307921348        3.1283466927181420        3.5606517699347058
        1.7112329149357814        1.9716429942046059        3.1609439729973925
        2.4133623347058242        2.8134408718136079        4.2679145065590198
        3.6130544643058484        1.2837722264874036        2.2430123791294978
        2.1843549894526655        3.0276353634076667        3.9974782563083355
        3.0645918576313509        1.7762184622301431        4.1245686899732732
        2.5062495267774061        2.2968722835074056        3.1462686373400413
        2.5456408204497509        2.0353148519735154        4.2059431927476725
        1.0956520663162310        2.0501835170005673        3.0204540825409012
        2.3508657381983697        2.4180164411806371        3.3410175601372747
        1.4784606036439438        2.0676601737892644        2.9838805860369750
        2.0860244395163035        2.2613175731827737        3.8272497358297786
        2.4642850223051651        2.0457307700660046        3.6613156014337633
        3.1053634458656516        1.4638911619028145        2.6163563162242700
        2.1058900087174219        3.1655662626462915        3.6251987187786132
        2.7600055116572677        2.3653457682101173        4.5251276774637414
        2.3443931202894799        2.3080316833964369        3.1647183358697153
        2.9144052606653923        2.0627811731377634        3.6442689985709880
        3.1238574479286645        1.4758442932034899        2.9502390873288604
        3.7388412713329733        1.3547776448949496        2.3938605977389313
        2.0256894576065854        2.6436358767952912        3.3617913877098236
        3.0179123310446188        1.7416637350948929        3.6880987306979449
        1.9907193128509098        2.2353150570805376        3.8324192128911472
        2.2723978368355309        3.4188940075092997        3.7967622929623994
        2.3951695763802761        2.3197240705587134        3.7589058011985261
        2.6038392887149899        2.7577848343916860        3.6460237639177282
        2.2970555291402794        2.4806399999308204        3.2693007152832494
        1.8182362089642292        2.5303640359004955        3.6374746739577999
        3.1942367414814510        1.7534803197632656        2.8408908956151619
        2.4603017104827449        2.1568278511577956        3.6695544625199457
        2.3452357349076567        2.6886599123123807        4.0443493792318090
        3.4811158931410060        1.5240071050192272        2.7958294444153604
        2.2068094802942904        2.1465992670987144        4.1447827839890365
        2.1300095972210507        2.4011341367113919        3.4229920315719125
        1.4325738542233097        2.3375399555945418        3.2017646962026287
        1.6665378407657570        2.3909594770551568        3.4617071380758024
        1.9595170258905084        2.7484319888351463        3.6481198364875098
        2.1263569291271427        2.7642873197099869        3.9829144528996436
        2.2238083152621022        2.4942397239795961        3.6896704234360729
        2.3740237859690687        1.8429127971800101        3.1647015210517617
        2.7495622070403538        2.5798247727444572        4.1209320378336880
        2.1680547409453452        2.5928312662518236        3.6933516076431192
        2.6773546550425582        1.6822808140383980        2.7305108736615686
        2.5097123912777448        2.8499940296294803        4.3655052656885580
        2.6873295892073856        2.6166794316067468        3.5640949235111901
        1.9936510203907845        3.7911240447784995        3.9519854251376199
        3.5147599961343485        1.3247455890172071        2.3548620732228014
        2.1970713279620218        3.4247187205481229        3.7526888313892584
        2.8555630300528998        2.3564299158640050        3.3148686844168553
        1.9441184657922974        2.6132214174871633        3.7377447627612437
        3.5030576024822335        1.2446075138714539        2.4088728167749092
        2.3887957662614427        2.3143523658588867        4.0629008755626668
        1.7574559016083131        3.0727338417081294        3.6254619316514192
        1.9638078022195327        2.6378075604694260        3.5739548719870800
        3.1551273614808650        1.7794854093643000        3.7633859750116923
        2.8935911882632874        1.7753984977370831        3.5411861145837205
        2.9569376049788971        2.1309000649502075        4.6044914825272540
        2.2594295089800731        1.8518179287118692        3.3536271336892782
        2.5765689418765558        2.8026500547824735        4.0354922572825203
        2.9053950839688838        1.9557088370655549        2.7068474960513487
        1.5449599696835010        2.2500583339583655        3.4190265441305168
        3.1180274812464113        1.9619559067547856        3.2955032456302762
        2.4978465924760176        2.2909703027727026        4.2781350558437232
        1.8833720744105951        2.0577847286241724        2.9092180412415702
        3.4492748591109867        1.6390497064186811        2.5676740735722579
        3.2568830215501432        1.5197173905035077        2.7108389723659068
        2.5333861604269030        2.6114094031705077        3.2699926628107647
        1.8646374032801645        2.3184092796387477        3.1073994151635644
        1.9618184547713708        2.9837253711926115        3.5437888517706129
        2.8442418299375771        2.5475500083398677        3.3256992208532612
        1.6002063037636121        2.4036299933079772        3.5088462150769582
        2.3694440622073225        2.8145825526315003        4.1115897103270029
        3.4561209065860221        1.5618000950717703        2.5320663088056330
        1.9912180719457415        2.6883836697183043        3.8727736550137095
        2.0178156262865059        2.6501978676253222        3.9101552020666555
        3.2102143825899745        1.3367135420093559        2.3240448954393900
        2.1553962567127938        3.2227946192697274        3.9312232786784684
        3.1165203634199283        2.0089430217668083        2.8495392618204010
        2.5119984520447045        2.4263832778846801        3.4561656537362140
        2.1989695789182631        2.3603870790480554        3.6383103952863696
        2.1048767162516446        1.9436544659842716        3.1510456408873280
        2.6324196278866063        2.6492883010529829        4.4410901243756946
        2.3694564706836507        2.3267986612812406        3.5140342473436492
        2.6820245225004453        1.9985968609210329        3.4602814710333294
        1.8742570732728878        2.8693553860691208        3.6292586570285370
        2.3024046050298397        2.8441243532152747        4.1977080944158303
        2.7610598484930327        2.1763888063234038        4.5040275711132365
        3.6941226411682742        1.3865108352943349        2.3610285772973443
        2.2500883319112908        2.9061494319715697        3.8725074972027507
        2.9680738285983415        2.0151881841074055        3.9325203001748417
        2.6417535583872174        2.0519196712626306        4.0612576884067009
        3.3469868555235003        1.6564534640911732        3.1967912632728823
        2.9908880353867642        1.6675119431247940        3.5621946713538728
        1.9430418382163619        1.9938183682417336        3.5079972232274490
        2.5285651253452546        2.8436486459095116        4.4932402631038260
        2.4810037182363835        2.5369936880357855        3.5172590623758353
        1.9117305390700188        1.9351282003067813        3.5030868443067966
        2.0442374451796415        2.5849188503958143        3.6042059982703112
        3.5682171785756052        1.2582924037499921        2.4234103226391888
        2.0364343985662132        2.7772593683047004        3.7112295957549084
        3.5408313075854316        1.3109134129600926        2.5903997636850775
        1.8661589947907862        3.2630034117058306        3.8646433620837386
        2.2820864489131907        2.9228258558912943        3.6673025336884679
        2.2692339719453436        3.4780757073703326        3.7530578951263101
        1.9511033785855398        2.4566645344742111        3.1756347605876787
        3.2369529382372715        1.7541055934947598        2.9068116479044166
        2.9048266387151624        1.5409070114851398        2.8343601248350128
        1.7726768957443744        2.1303709610375758        3.7469895977164871
        2.3526909064095061        2.6178663788927352        4.0324122784793088
        1.6926475105997365        1.9460810779650379        3.0820877691014088
        1.8854521694648034        2.1123716324628270        3.0626377062074979
        2.7608990714829424        2.3079523459944866        4.4188631461147789
        2.6542359165351046        2.0838127285588124        3.6082020829273236
        3.1382141067285776        1.7200024246292562        3.6580080000482096
        1.9285860689993395        2.4483667888139324        3.4102993952220908
        1.9366186517556927        2.9955166799680377        3.7548159335006712
        1.7056767595244542        2.9313606721996983        3.6546431972429758
        2.2458989891835390        1.7282911966892167        3.0226402882455692
        1.8449818430759728        2.2468318394876543        3.7079295545293123
        2.9522585305188178        1.9255196298692914        2.7346724125268125
        2.0571433585900905        2.8783089429568980        3.9662947597122074
        2.2258419391296784        2.9457983127571374        3.6947973549316320
        3.4806916305389484        1.6252338874344749        2.4987877074950164
        2.8846957245365554        1.5496187376389392        2.8071647359069041
        2.0722236330919137        2.5484073149317572        3.3619359556745096
        2.1172694234258174        3.4387261124276534        3.7904570682319569
        2.3864027142257438        3.1914174318451707        4.0844102865433518
        2.7338507942687809        2.3951109403109538        3.5839980837381877
        1.8685499769620617        2.0868587043091500        3.4309511762835987
        2.4247281493106563        1.8097164230163392        2.8642300561316834
        2.7162497782839528        1.9836056945374319        4.6453562985324028
        2.9943862636550440        1.9573245961570720        3.2368405642841411
        2.9567816289366813        2.1119252191262925        3.9820206938237224
        2.4570539977953767        1.9896280272417504        3.0591338653237199
        2.0125956927074689        2.6948614010010079        3.2793993777693347
        1.9398729428928543        3.0558856874407256        3.5191957185450247
        3.5908313390847781        1.3125231607244805        2.4243059810947170
        2.8225995072765997        2.1152220009246157        4.0501359598918132
        1.5280010977673828        1.9414751459074930        3.1479257116052772
        2.8294459762278845        2.3562835657174004        4.0380510770220663
        2.6028701018765039        2.2835796304286617        3.2961990425779164
        2.7854120562829716        2.0406701634805930        2.9156544423438246
        2.6850986321087897        2.2388419312758869        4.6288813525892492
        2.3765564143877600        2.4976880490319857        3.9980993576619088
        1.9383708350105944        2.6093250928975404        3.2188143037759533
        2.5735538595457994        1.6813405427976515        2.6230016390043440
        1.6253121433691766        2.0659986614118662        3.4709195467600744
        2.4892222110867133        2.3032178359023296        3.8168669946014715
        2.9240184230416228        2.0845158601807778        4.0973255358385998
        2.6267019545452968        2.3599672867415733        3.7385896662102178
        3.0479496782843554        2.1963348341332836        3.0816249641802465
        2.9725430956928318        2.2125834612401318        4.2639919099835710
        2.8933887951567181        1.9840087024956827        4.3299965504335836
        3.0998626677731718        1.7956209459708663        2.8720960857625526
        1.7449198350716328        2.5978765927861005        3.6858239047391304
        2.0219804454282126        2.1623446095070316        3.6950808010946883
        2.1559116725118797        2.2078174246401807        3.5827753482123015
        1.8987910025863057        2.1739072235366947        3.7168890053447896
        2.1590407845289503        3.0218165818039711        4.0665064696497133
        2.6395010056751831        2.3156449194313762        3.8377759809867316
        2.8791446703918484        2.5899498198102302        3.4476101278188471
        3.3155131890809852        1.6170561191503972        3.5274021831531597
        3.0797828752876906        1.7366480701043518        3.4736597455075291
        3.3236333672765621        1.8584471944010748        2.9033632194752208
        2.5000767188876609        2.3705251786525010        4.2832117529420470
        2.3658449372452353        2.2205546713413455        3.5244775431657831
        3.1122503635005683        1.8973085256397271        4.0025358361481631
        2.2811025964853315        2.5624302087811177        3.6707955807547390
        2.0499193119091266        2.2242244338083332        3.7298507975912920
        2.4237598099229292        2.2062375949895001        3.3122455221834328
        1.7954237521309255        1.8414830602050998        2.9486273956397353
        3.1482285130853174        1.9310376014679209        2.8973204109672914
        1.6769178228981516        2.0674108266580924        3.6086230032143982
        2.7472532907388656        2.6978775594749997        3.4298953158568857
        2.7452620774387095        2.1438958569371716        2.8656561834058616
        2.1527738739963667        2.4762155881782935        3.1707570454686382
        2.2102867687057937        2.8514824065573556        4.0947254396186086
        2.9162614507658402        1.7417123939582531        3.6628546871715555
        3.0873232037189533        1.7982069116463044        3.8489836019119439
        2.2719127527629448        3.2645043879255935        3.5977314233981676
        2.4213511088740036        2.2091323160902006        3.7880872838938116
        1.2824487781511340        2.0488820966131494        3.2024224512059098
        2.8044011689846275        2.1823061803705035        4.2324416376026495
        2.2066611085536838        2.8028893511859856        3.3175526587547965
        2.6243742842538995        2.3223243417617807        3.3229346836512144
        2.6325955542553627        2.2342910520240569        3.6671020888031562
        2.6397327686103851        2.1067313720509349        3.1599030987895422
        2.6552768995493428        2.5733304436419600        3.1087737012979275
        1.2036093204719402        2.3045546706036313        3.1723918068530992
        1.7074796677818485        1.8407233915565433        2.9523146158011753
        3.4615266543855943        1.6683904080213887        2.6733591728550810
        2.2701064693925384        3.1802636752524984        3.9506276964688718
        2.7100525739336940        1.8785803201634892        2.8187533866672738
        2.5551985886377584        2.0899860057823507        4.4531120182705735
        2.4301087746309835        1.9450681707067141        3.9053365082771760
        2.5897450645095184        2.2681718553064485        4.5800194265604288
        2.5915178543132824        3.0614477163434413        3.3810111294086624
        2.6757389920356194        1.9689898007017834        4.1837240843208674
        2.7277712820836482        1.7566974656179692        3.1078026545554751
        2.1634310577739519        2.5634764355015460        3.6758793889138008
        2.7030968152095554        1.8854738198151355        3.8120523972343383
        2.0338870152567510        2.2208112994468401        3.7145293459328022
        2.8658122214865980        1.9943122617473412        3.7394456520811281
        1.8907830645407162        1.7880662139157968        2.7755439130469597
        2.6585212381078067        2.0299972769275945        3.3914220878483472
        1.9574449332255259        3.7318344741635103        3.8939257254386086
        3.5616834808597408        1.6212410809367563        2.4358941890639860
        1.8590649529306194        2.4773777437101208        3.3505601557363365
        2.7986598977919117        2.0584944314564875        2.7877642926939434
        2.4369737969249461        2.4779731316602756        3.8571412353714405
        1.4311277524609889        2.0215236530728098        3.0488921265444051
        2.4139005031810781        2.8783380954706641        4.0419720437830096
        1.9412999768095593        2.7907937317222857        3.8167398346110488
        2.0574898701398503        2.6142909211655851        3.5568589733946552
        2.9841135525482523        2.2964898515661130        3.7915881726961640
        2.6339498895975244        2.6690482569298966        3.4074342325428448
        1.7846633484225842        2.9934913739535167        3.5667952267806231
        2.2964534458593477        3.3844233208060484        3.8014629960450836
        2.5045132881778658        2.6017632655086480        3.2793015963495402
        2.6251664779464043        2.8537708001290127        3.6771430649672068
        2.0447806283613006        2.4846892967306484        4.0297814787767567
        2.7749593913029482        2.4729438625769595        4.3206946811782787
        2.8312942156802947        2.1580315089102236        4.0898706325048684
        2.8332900697608423        1.7856773551599925        3.9177174428666008
        2.6156555952252210        1.5456258241880794        2.6704931342141691
        2.7929673412891272        1.4992088764980036        2.6466033852007027
        2.5036089069023157        2.2614278780972343        3.5905445475582485
        2.5059760778965314        2.4154529583089581        3.4270255640856515
        2.7443584388929123        1.9456363143702748        3.0223555405592144
        2.0602828237073512        2.2997926361513086        3.5680085948095268
        2.2088920112226935        2.2184127973642171        3.0522568360062436
        3.5383808246646078        1.3186467463007072        2.6174107411755867
        2.2126920000596826        3.4096657667013446        3.6671509813756988
        2.9742085612272531        1.6805608891090960        2.6221559031113415
        2.0690405113504120        2.9087301552850171        3.8312080318621731
        2.3040646898480839        2.6199284951247259        4.1613027848317090
        3.5139241532681833        1.1880020556940694        2.2478594575572810
        2.5664799644684515        2.3314891038247625        3.7113231846149937
        2.5056402489767988        2.4377865764660798        4.2293871220899604
        2.1239497723166147        2.8539171721183116        3.9334853070792573
        3.0228540636693424        1.6612201839745864        2.9278393768283131
        2.5105139904497187        2.5551171217139559        3.3886254360516861
        2.8288325266205869        2.0345960758365820        4.3835128680802784
        2.2561437754614566        3.0337909597794273        4.1218379981666642
        2.8434699395956535        1.5947506356770362        3.0176235292055265
        2.5298143916684719        2.5886338104130280        3.4499240357548135
        2.2770254385466577        2.4873850948326930        3.3292388815985183
        2.8331030662413785        2.4074538070807261        3.2861045273146434
        3.1376916626508953        1.6825227954448927        3.6883009170509027
        2.8055885354185595        2.3787234105802111        3.7404793546922743
        2.7882375148181997        1.8572265602990101        2.8385326713712624
        3.2243247996482731        1.5709346525337844        2.5097043256641522
        1.9976889300678413        2.4070739536643355        3.8664346907946814
        2.1200258830654315        1.9216502530455917        3.5132336785217513
        2.1005048939038375        2.4007836400323335        3.1196462043248077
        1.9557481212358754        2.2496900050876105        3.6236397110234488
        1.9824231742405187        2.1863408094110053        3.8788696276051708
        2.7968329171214759        1.9537685097811286        2.7807070603216619
        2.3766559634578011        2.0232833200230464        3.4905674521167143
        1.3710555213297264        2.2186806308356259        3.0891878026781461
        2.6332132391048546        1.8647965921741265        2.7053446427509362
        2.8522010077112143        2.0693059541167709        3.0887434831131135
        2.8468699687459638        1.8569346787345156        3.9578693549253905
        2.8319035283527136        1.8193207611111717        3.1281701707685987
        2.3644946880280866        3.1070003490281124        3.5047721830697229
        2.3211553084655221        2.9293322896044369        3.5858036579064527
        2.2138003158862323        3.0736207431486227        3.6682430642497668
        2.9742118631786578        2.0777455004656589        3.0764968841000293
        2.8214131155245270        1.8785436139468406        3.5956124571624164
        2.5467185971721760        1.6771522534485164        2.7005555172673672
        3.4751768118801118        1.4473984344722595        2.7571466390779094
        2.8820980479453979        2.3227835760449751        3.0493971555573358
        2.8816595389019111        2.1745758821573764        4.2466350914345199
        3.1501963758529961        1.8560080770336485        3.3986623115496548
        2.1220802535403500        2.9157072261310399        3.8324370773096428
        2.2356981053990221        3.5636435124431944        3.9641007401583512
        1.9518728884669618        2.8315039596631637        3.7368297829820056
        2.7464137401719602        1.6485109047319955        3.2355401312570060
        2.5672880851739728        2.1730414020208548        4.4963187808636569
        2.8002849695379486        2.6264179919638719        3.2836543305209873
        2.6441880150563861        1.7747278174262289        3.3993788824730835
        2.7121451113519357        1.6538074856932936        2.7481644413853363
        2.6553091763958245        2.2951230030794019        2.9952020604267964
        2.5892375128510405        1.9061324538554585        4.1499108610641473
        3.3777979469555306        1.6817504962523584        2.6805460802016152
        3.2390003517325541        1.4844175384113849        2.5203516840941411
        2.1188973915850617        3.2219334373918183        3.7808443119123698
        1.9901664531749121        2.1730960514055417        3.7913263937528154
        2.7128253196111776        2.0001269521471352        4.2073001548851563
        2.8787289773544646        2.1677793873514513        3.7320178078591515
        3.2410507408034648        1.4050502544885635        2.5939510899657710
        2.6495063675983044        2.3693294117417274        3.6714880309853073
        2.7673337505169715        1.8697432675388930        3.7257500311437886
        2.9154068458879565        2.2347903182240305        2.8922903549691839
        2.5035410200058559        1.7474488275542064        3.4806594202292467
        2.7212357538532630        2.4910667088978933        3.2712621048405865
        2.4149009368232779        2.8544403052163463        3.9575877657667640
        3.2243026891718047        1.8399204341033781        3.3195825011981954
        1.9779367987503258        2.6983272687621271        3.7548447418473607
        2.8757904697628085        2.2694180204310603        3.4841398611676659
        2.3535686165219376        2.0701462189553066        4.2085454714693338
        2.3636090421687777        2.4647923560341600        3.7874929976454781
        2.4542201210353927        2.2069385346476151        4.3069571582284292
        2.5094021198176844        2.2845395223077571        3.4904769869559318
        2.6156634928934412        1.9350492542620517        3.6513370807984833
        2.5652944066629608        2.4712823184290253        3.8938314272180290
        3.0598078067133549        1.9396462490408588        4.3891812238586443
        2.4004253970777567        2.2610958581284795        4.1042499913612254
        2.2929117117355151        1.9496930366577774        2.8706835031254596
        3.1380995963742455        1.6799191243431966        3.4410784242229697
        2.2354185959364909        1.8934707016119914        3.2162545362045503
        1.9357885252947085        2.5711716001417617        3.9254864193719285
        2.4535943741920301        2.1467025591541855        3.5250590483559741
        2.9948538694912954        1.8123518562504408        3.3253387543132527
        1.7560944025856888        2.4493923669270266        3.2475024801645143
        3.4201273109635828        1.5958694352962446        3.2933792232008798
        1.4297879959896318        2.5101415814019776        3.3868703979330004
        2.6870950863739527        1.9181652193954624        4.3103487723608289
        2.3231516091152442        2.6654639920452468        3.8494211284101141
        1.8323388914413272        2.4626349068294244        3.2758324642066254
        3.0570066761864307        1.7912512708928250        3.8820301776016075
        2.1304740017415202        2.5057349975974121        3.1704910602068797
        2.8484540515884911        2.3763392879597927        2.9537748190259125
        2.6586990857950346        2.5659986047548431        4.6205512265039435
        2.3403757192668473        1.7051977192169339        3.0071263004402895
        2.2350477251263356        1.8660044379786058        2.7927597951747503
        2.4905090278704938        2.0266134367030810        3.4370010100122350
        2.6202776113819892        2.5556339540546782        3.9318215933626002
        1.9098228635421948        1.9002881134045051        2.8436234931622830
        3.1547665428481388        1.5845609495967157        3.2265302864186425
        3.1493966141804624        1.5861278118191697        3.0702755226391591
        3.0057371142344023        2.2898297593541983        3.7779589413958914
        2.9416333255117060        1.7711751879707291        3.3948597196132848
        1.3758030089363045        1.9512426276086472        3.0603770612863945
        1.7450005765479333        2.0400563972764041        3.0803659087254429
        2.4417695810576188        1.8219552006768702        3.6792286647618480
        2.5364755315654994        2.2640865118680944        4.0471478955362654
        2.4177701861987675        3.0406495815062087        4.3947078543761302
        2.9546773745491244        2.2179838588026484        2.8797526027386429
        1.4997022606757313        2.3319589087775365        3.2168009844448036
        1.4695289124003672        2.3915798440608809        3.2599929743464169
        2.4785562183417675        2.4628290243091620        4.2588349882929748
        2.8245037783547504        1.6523735614393020        3.1699629331988453
