       11.9770554035962036        5.3701726566013654
        9.4918424888557666        2.3967124094961880
        8.5454667542922689        2.6597407611948238
        7.2629739866746430        5.8037942738144750
        7.3703633743936106        4.6972337618430577
        9.4078376889856994        6.5280409185284611
       12.3850243653983867        4.1045140278832797
       12.1545811316791408        7.0450847039340090
        8.5618179866041899        7.4749022418885964
        7.6819842786549959        4.1097719594233766
       11.9373239001155174        3.6027936215610761
       11.1523989987008783        5.3699748492743709
       12.1672947437416585        4.7227626500717026
       12.4718621703105086        5.5875012628644916
        8.1337281460898065        6.5689523369311562
        9.3819308551549589        3.1118847024561131
       10.7032289622740144        4.1691722245529705
        8.2775799860864705        6.2868272884753065
        7.7062412074888993        3.7959748923743120
       11.9500177280925755        6.9479604430436579
        7.3711706243125246        6.2646831496531448
        7.5297000037830593        6.6679640515422598
       11.4718184117064439        3.8520495172786120
       12.3962385443898633        6.5812203474631170
       11.5703838765864795        4.4418178434320854
       12.6324967290247017        5.3725297148294011
        7.1069201296636830        5.0066193522260560
        7.2514555306280739        4.2131034890013934
        8.6303416096817411        7.1514353670959832
        9.1234435559635720        2.7158469635223517
        8.2399165551640863        3.2775437427371408
       10.6776853163078460        6.8571144483548316
       10.5225378084570380        3.2929498623806932
       11.6083381791068074        6.3397803361750444
        9.6881139438522084        7.1310567085395720
       10.1183543264702323        2.1811677516254742
        9.8864017299186511        3.7538773033558712
       12.4158390577891531        6.0070490667376832
        9.4736682149550262        2.9416909435926688
       11.4447394888572909        4.7365931674960953
       10.9213685344331282        4.4409616962840168
       10.2432316108027468        6.9936856387311748
        7.8745345849429267        6.3027699113893485
       11.6539045377291579        4.1735697425562828
        8.6157115788350644        7.2645069140325091
       11.5677088145399196        7.4820500243737547
        7.8147645130392203        3.7471713728965832
        7.7092658228375335        6.6306850594029667
        8.9237974936634892        7.2644777086878793
       11.0768545873531732        7.6950532612621307
       10.3795577534458001        6.2271651615146553
        7.2768710759680193        5.3721740399440403
        7.1290923310976755        5.6548088729570267
       11.3727310308614111        6.4904395667749597
        9.8178027702953639        2.8111628539484061
        8.2140870304202966        7.1607213507293412
        9.9227638536093092        2.8920902045401595
       12.3600684975983981        4.6712438912915291
       10.5960833063295361        3.3721326707008279
        8.5510517616640946        6.5269596641947576
       11.6110801371226078        4.4238687102445935
       10.9614152310008066        5.5057909447273223
        8.8284111421653790        6.1060679953734533
       11.6848018840671344        7.4652696721468867
        7.7873846211927624        5.5733290850968462
        9.9419363926204181        7.1249533810392123
       10.2282174960068843        6.6514582513478571
       10.0588345298134278        3.8319452878200853
        8.1701753209519818        7.1366202777970420
       11.1568829313319569        2.7314305839354733
       12.1538248521134342        6.3342940424769125
        7.4799757545932977        4.9525078752161145
        9.7998613763984697        7.2701556126925926
       10.5053871996272541        3.0426672449915095
       11.1083874970873282        3.6686671913971738
       11.0762519229269554        3.5660722495003383
       11.9762987412569188        4.6529487196133594
        9.1091328951856383        2.1965712561152362
       10.7731017029589999        2.5203249791922717
       10.1019257459558141        2.0660150312159828
       12.5146297052919522        4.3814617340040929
       12.2273655192157378        6.3322860961040508
        9.7324210640148685        7.8008253216479346
       11.1291143287257590        4.0245265568583450
       12.4500348339007481        4.7354582047208140
        9.8460491693222139        3.5483913232446067
        8.8129711456631608        4.6060467689813311
       12.8280485808697620        4.0125038483107369
        9.1521803438236109        5.6950405525398420
        9.6332164594599661        2.4690364796742190
       10.5903934776705739        3.7431823944419556
        7.2050967943770106        5.0618232762044082
       11.0638058835655251        4.3854886908620063
        7.9084294339667327        5.9734974845885702
        9.5722270050461660        3.4192760927874577
       10.7732927377082301        5.7310460094865956
        8.6902847511222046        6.6158136101870770
       10.9793505089023498        6.9440066518185590
        7.9093279907508993        3.0755413570225354
       11.6235884316728857        4.6507752278588246
        8.5792569748127097        6.5719770780083380
       12.2187541418835472        5.6008672663907966
       10.7761494244207210        5.7433795888531272
        9.2126582003952215        2.1463760054343304
        7.1415234646412920        4.5848703516143683
       10.9160018756390116        4.2435273388350456
        7.3303416335456522        4.0518352947287504
       10.1958003262214110        7.8160856380857577
       11.9513244667975584        4.9103178589513625
        8.7122579773506921        3.9198268520190416
       12.5647144210217210        6.1552790485714848
       10.7749730271040765        3.9716698870752816
       11.2804873314664142        4.1505837533189016
        7.8611439386212876        3.2461771718714938
       11.4997287495013651        4.9410968611984103
       11.7755788649591846        3.1539876056011669
       10.0696883624055094        6.2523096724275007
        9.5686682612996083        3.6074699412217628
       10.6064803699020640        4.1155801433491384
       11.2240312042391039        3.2924533938737350
        9.2641919823398524        4.2746491944495633
       11.0290131315459998        7.6237054676684730
       12.6178000927814296        4.3661643611723324
        7.1244203225291880        5.1323608582733646
        8.5889477792237123        7.4453268222641569
       11.1221877474593569        7.6094752061057935
        8.1597104645465741        5.2537786629446552
        8.2316756244246196        2.7722207972242900
        7.7149396336795286        5.9904238858903263
       12.0542536985507862        6.8419160266840207
        7.0826647738336099        5.3468538946320656
        7.5734100502489188        3.3027150422125349
        7.7317156217288101        5.9444550450413187
       10.1193600654442655        7.0846226888281576
        8.6399683791464525        6.9485497690679567
       11.2759731150191627        6.2801479202671802
        9.4460997274931628        7.5981221473606091
        8.6389356560321318        7.5915723857273099
       12.5570918791588291        4.0432179522754677
        9.3641257063002055        3.8607478847959196
       12.2580688636107595        6.3633953704819026
       10.5859955601298754        7.8273822838286069
       10.8040253433272362        6.2539486753622757
        9.9792037087685888        3.4767359165983942
        9.9965889913294994        7.6711799330209995
       12.5211393148150751        5.7884689948330781
        7.7983995204362540        4.7007406802822844
        8.3486159002388582        6.1874365106750169
       11.2454386296515363        3.0870523196476656
        7.0883372826866449        4.6847101926712265
        8.9242106069373399        2.2076725029312687
       11.9285863499948341        6.7507887353246421
       11.5062788156771454        7.0280590832504028
        9.5890166500096861        3.6028390095667686
       11.9152352103768262        4.3581851637414077
       11.0180490936909745        3.3511212287461225
       11.2944927345065835        5.5393926618332925
        9.5724705719765613        7.5129054919294997
       10.4026077496897944        3.6284520548972585
       10.3936881027226349        3.7159454699239864
       11.1831477758050770        6.1646716667770365
       12.6367072160345337        4.1381848928964757
        9.4734968078290649        6.0608513772490147
        7.7291010267317546        4.0009569273209857
       11.3586362823213296        3.6000008412723590
       12.2141406837027056        6.0624756168583307
       11.0276961417734345        3.4890583592095727
        7.6038445562754742        4.8154578574450291
       11.1527460653716766        5.2031243857182741
        9.9115536085243896        6.4815010521437539
        9.5881873556854238        7.6648893007183228
        8.7944821983534247        5.8623093177678545
       12.8327071504534906        4.3090828461792974
       10.1136586502011472        7.2609366926665375
       11.5629983134780847        6.3126586740016020
        7.5621646207284368        6.3007810813436613
        8.2276379582884172        6.9111660422545240
       12.9676765283994460        4.7394181035593590
       10.4000689522431511        2.9588833669434256
       10.4513644590322574        7.0824660167593274
       12.0063481826516139        5.6939102668665313
        8.5498585027522296        4.4718571315480693
        7.5028121212710701        4.7633226488018829
       10.1637608645507775        3.3288533115658083
        9.0376086653241128        6.0888399098186543
       10.1323679493634504        3.7081277302999540
       12.4396076262104351        3.4853785444595875
       11.7571980497883413        6.2276270127615003
        8.7272072329797883        3.1719662235300614
       12.2363199091715558        6.8287180914922452
        9.0698956501834402        2.7361944693386295
        8.2204468273940048        6.0498290935488255
        7.6313967604934358        5.8853541731112333
       10.1475909272165961        7.5607165214281471
        9.9625805758995760        6.0917417721952907
       10.9039689160238211        6.0055750755367470
        8.7002980995492845        6.9101606329686831
        8.0697626606321435        5.5010381932855505
       11.2104524540403769        3.0743987918610740
        7.1365063535613160        4.2622844260213180
        7.2143501472613085        4.5829252108419967
        8.2240209128173412        6.1194828067219458
        9.1475362302288907        5.6414233619480649
        8.4024474915319480        4.9349914214584505
        9.4008230558264447        2.6331014049059416
        9.5353128156847902        7.0024954632089678
       11.9412545908154666        3.6659122190797118
        9.9866675504707345        2.9215234112073971
        9.5458210959365797        3.6151616645194951
        9.0220970119316526        3.3844813291111704
        7.9776995996324693        6.1971718900471027
        9.1379696540048450        6.8559767558730833
        8.8196790067541464        3.3450681311975230
       11.5600822298057295        5.3020403901709905
       10.3928405330554821        7.4708420731363354
       11.4427280556127098        6.9304346239061800
        7.2900066721519146        4.1421391143926041
        9.9320974967441220        3.7626303795552021
       10.6448432343228188        6.8802424968811913
        8.5419913182813687        4.2480877228049829
        8.6103591776582498        7.3067003305559819
       12.7124603619170067        5.3213078067381048
        8.3435286046896291        4.6852602103636025
       12.1683579630136975        4.5922889561850777
        9.0682777221472151        5.5436779629168980
        9.6314386550025812        2.5894769628172076
        8.3393145916925278        5.8603437642672844
        9.7976494647937482        6.0945572702355797
       10.2240444816921769        2.5156066606087428
        8.8011453084633580        3.8492009414544270
       11.5940923886715126        6.9107804775024420
       12.4874897398359437        4.2400622907961454
       11.7269233978312037        7.4015515422398526
        9.7914065618417183        3.1700873500841920
       10.6580939028614363        7.5842286371398879
       11.1820231590922816        5.2632385738628624
        9.3744890131546796        4.0368461971198961
       10.2740368009092808        2.7365157868028755
       12.2844211732435102        5.2666633915604910
        9.8116248550326173        6.9789410272680970
        8.7857215784412368        2.6225704460181296
       12.5414867787218363        5.7682948938296850
       10.7322839383544473        6.4961552340474444
        9.8810226239983212        3.3472440956134948
       12.1315161709440122        3.3922896083604863
       11.1555169940388179        3.7741224968680269
       10.6768064346443978        4.0857503301693701
       10.2058010067988238        7.8975241115451871
       12.6877479716404444        3.9801644067073729
       11.6231852872758772        3.8751273470290819
       10.2653231811221630        6.2867080167870935
       11.7364226254632378        5.0550703623838569
       11.5675832955398743        5.3724521906069356
       11.8039705223680578        6.3325737015537262
        8.5662058570369481        3.2218406093694925
       11.0924227319790667        5.3488600025741633
       11.2900662346760612        3.1432100064184625
        8.9305788891910289        7.2393923460717717
        9.4671650762611552        7.6434389096702144
        8.2777598337889273        3.3095276240078206
        8.2307778611272866        5.6835130580076827
        9.7881142592393200        7.8363575084017523
       10.6606488857631110        2.5258262681151846
       12.5620886780934438        4.0244176507903928
        8.0109117929340901        6.3945047398546579
       11.4411666355737225        4.6876480273823224
       10.3003985988564253        7.7992539075863947
       11.0604299491272151        7.6461585829994387
       11.9873094802824696        3.7104395318387797
        8.3572131317124558        6.6811058950379882
       10.3467820561339199        7.3660204116058363
       12.0713029506134113        5.3886954584180256
        8.8045726379379712        7.4523274241174970
       12.2670219795172954        6.8384144195774397
        8.2311541303487488        6.0074698634227781
       10.5459981016554156        7.5900976680947654
       11.7715126277090256        6.8127381383754297
        8.6898959453675619        6.0811552915808473
       12.9769892195702887        5.2578186201343931
        7.0608666064468988        4.9850546068729304
       10.8127803613341360        3.3995363252427864
        9.4412305150947109        3.7612693624392257
       10.6541760783828607        7.7373526222477675
        8.6855272080257837        4.6557867845309637
        8.8084899678842596        7.2908918348565459
       11.0190731275656706        2.5620585617135965
        9.5182472189109752        2.1810104708003308
        7.2429829017331073        5.8136296437035035
       10.6734251078483773        7.2557908662874375
        9.0770943555243537        3.7248351404114244
        7.6492969266025801        6.7334459853344093
       10.7796052160445477        3.8248694136822659
       12.4832973996464833        5.7794007227527873
       11.3879506587472559        4.2867254577705252
        9.9947707777169086        7.1124637446054013
        7.8316933311230592        6.2698169228554779
        9.8130262198365106        6.5316792875612135
       12.9337900612788150        5.2095651770223625
       10.1619330620409531        2.6089765273686250
       12.0684960244661035        6.2126876980695709
        9.6421451924101671        2.5342511816293429
        9.9169484500709473        7.1526029298866796
        8.7974471764609685        7.6946963737947787
       12.1386863107589065        3.9008294836084190
       10.2411326928407593        7.7171714497120627
       11.5005603823766140        6.9183505961489100
        7.7184738380075579        5.3897960302445806
        9.3018833277937745        7.7530922717884918
        9.2218170529091577        6.0792102150697342
       10.2860882957063602        7.2859888517702007
       12.6146363909254760        5.1938272653295634
        9.6548512272322142        6.0845784468676785
       10.5099601285122777        7.8998830193798568
       10.3339119511451578        7.0581658540688474
       11.5935138222169236        3.1868140748945457
        9.7841578053629785        7.3402372052589904
        8.4082116453203302        5.8131241478868256
        8.1775569166262052        5.1990987811407399
        8.2532174704182708        4.8260264315203232
        8.0262370691215192        5.9664216355964594
       10.6484329883171576        7.2132378828815638
        7.8891022153144323        5.1409335782681111
        8.6706527385307837        6.6605779687558693
        7.3339250144996093        4.2777189910502784
        8.6230846026163093        5.1829176120563041
        8.6001139522617382        3.1151970825105835
       12.1173667444555520        5.5828786041479308
        8.4407030927377722        5.8968809216540095
       11.8776536957941730        2.7256695398331678
       11.3279566195967458        3.9669094019308466
       10.8463199964772556        3.1001842054424222
       11.7959418465626911        3.3946194337851061
        7.2293062788449758        3.9506287508315956
       10.0589740410038395        6.1767098650817127
       10.9627061334967237        3.2019891948745305
       12.8323993222654202        5.1354144889768225
       11.9113190147814354        4.5386857885173129
        8.6920498625842164        6.2820419537819250
       11.2791210113996954        5.1868423907205470
       12.2600636671594430        3.8900586150939640
        8.9090635830967990        5.6316428013238973
       12.0205650722847626        4.6371743438477822
       12.7842060025448667        5.1502899028329141
        9.9223997074138062        2.7718850964141959
        8.0728161181096034        2.8204980197956280
        9.1102194329123094        2.4580108292429212
       10.5450456324700266        3.5819480686460756
        8.8011911379159518        4.6194565511879189
       10.2062581390341816        3.5805455918430278
        9.2297635078323133        7.6352781155130351
        8.9951944862348174        7.2337319183351791
       10.7972814009370488        6.9085089174807592
       10.3093804535149829        2.7572851621878538
        8.6917215629946245        6.7643107512147438
       10.7707998926487587        5.8337990927506347
        7.6613552610326501        5.3978727622948171
       11.5504692765114161        5.7371343641139179
        9.0172609778999337        6.1052573535777217
       11.8182946193367808        7.0776714675603891
        9.4243597919817788        2.2150259884962122
        8.9417888464972748        3.6451448022661088
        8.9486931458710703        5.6857043836582060
        8.6335794131496950        7.5691982558639292
       12.0816546652957939        5.3699641344081455
        7.9933984628323431        6.0479657042720882
        9.8358968657043011        6.9186244077799284
       12.3204259205224638        4.3984509409063390
        9.7649659404771150        2.7825640517724013
       10.9770467539905727        4.2247978476679924
        7.4582475453644541        5.7664953467154643
       12.6246105623371161        4.8297261896119297
        9.3861773005294129        2.4818921147041340
       12.1607722596152588        3.0993719319695394
       10.1440615871863766        2.2430986306702447
        8.6076742976091047        4.1819213423573380
        7.4803860264019733        5.8479461639243020
       11.4311804892164144        4.8504861912351904
       11.1214186184360830        6.6827237113155054
        7.5374202339334886        4.4218721967876622
        7.4060135587863574        3.8698828824134193
       12.1216063809306611        4.8384488450906709
       12.9362573359456654        4.6770505050074291
       12.6042834496912626        5.1919439327112054
        8.0016799088977919        7.2342297335345807
       10.6669740012154488        6.8320416809452285
        9.1245359330827895        3.0754292071580540
        8.5934595230095248        5.2742046345505216
       12.2343714854871095        4.0815612253945357
       11.7995170523670847        3.4831033913954101
        9.5187004982648400        3.7992765715323955
        7.4413393411744906        3.5903075111145339
       11.2983407125860023        4.2123602460890917
        8.1386579819999572        5.4247044832615652
        8.0082532152971080        3.7117903928820755
       11.1174143821237088        5.3835240057669527
       10.2447995966658869        3.3468240421238153
       11.0716771695810081        4.6781927600384732
        7.3857203425569447        4.8017976966147327
       12.1831037870587693        6.4253536946716361
        7.9195502720844537        6.8814237389378698
