        0.2194785998015890        0.3115770905229436
        0.7785049216460562        0.6551346729068634
        0.6585990112702658        0.7680606679230063
        0.5824435020572258        0.7063173139394289
        0.1859879046456921        0.3583501321793477
        0.2864598335694798        0.4492903335061899
        0.4296518552700906        0.4487765413847211
        0.7503182533843872        0.8853697352327865
        0.8107812717837856        0.7246229821591179
        0.6729623565514257        0.8232806470212584
        0.8106507270085624        0.6126134176539799
        0.6951309798274633        0.8441297266429643
        0.2697891781872154        0.3432252499311202
        0.3692936514572880        0.5152423788591092
        0.7664062934104570        0.7295947163191532
        0.6806490682864087        0.6087894826289229
        0.7959120829238007        0.6895185538955999
        0.8399895242691856        0.6760585605484934
        0.2521677333516370        0.3633552395282931
        0.5894903485210532        0.6755663615527516
        0.6261977262358176        0.6325058415672891
        0.6515984883559325        0.6461079504274072
        0.2870349633256127        0.3893071330450091
        0.4008462928910475        0.5460024922841031
        0.7806511927886554        0.6014607143412278
        0.1672380785860628        0.3333148297418477
        0.1624461691159249        0.3176134513347009
        0.7266864865245515        0.6974260678280194
        0.8412292107623667        0.6419807552854768
        0.7331864805701700        0.6721136866592612
        0.8563200554425594        0.6919041393014540
        0.2310689871191682        0.4101560336797660
        0.3186821120104159        0.4863222584467151
        0.2942441156844965        0.3646852659797900
        0.6545911784249542        0.8092772216169632
        0.5453635905922569        0.6865078377904275
        0.6070735953844505        0.7132225864232491
        0.4945117064825669        0.6199049504034501
        0.5991149703845220        0.5183571066809742
        0.6607485863499782        0.6976924579034727
        0.7326959803208857        0.5986155233163470
        0.4500254060244452        0.4391088498589300
        0.8908873118009639        0.6380485568806467
        0.7054706248120317        0.8190035934689087
        0.5915940721848484        0.6385803042158098
        0.8378571042707540        0.6598921610615726
        0.6080390651208895        0.6961818996532243
        0.7908701339539221        0.5808138874114428
        0.7187653031020690        0.6523862747794302
        0.6676455440961089        0.6411065376806597
        0.5342530396074137        0.4833026058979066
        0.2321337112124161        0.3627599361337615
        0.7420962205422752        0.6887652955841659
        0.5987023554450206        0.6158291334395936
        0.2870996477602362        0.3578144009839600
        0.7244025133262965        0.5583535150511172
        0.4148951884771329        0.5552374953189407
        0.1897741723466659        0.3317749072093509
        0.3327935683499006        0.3794597853917346
        0.6481921310844260        0.5159131433746504
        0.7505398307326004        0.8498648598655565
        0.0999756226924933        0.2488413775610182
        0.5696184227017991        0.5251973032973116
        0.9011542546282825        0.7036046180692220
        0.2206002184647359        0.3907873193587512
        0.1805993592576919        0.3612268365965300
        0.7001259029729907        0.5781418751968658
        0.6382790464891293        0.7203242560287991
        0.2327096412884590        0.3352495838980700
        0.1241348023363263        0.3002528627061458
        0.1803859370507847        0.3039139854785927
        0.6392465835820860        0.7146098588476553
        0.8158414425156609        0.7011663326360942
        0.6636248907836068        0.6942274367899929
        0.5849969240018958        0.5461334124843450
        0.7183542923374403        0.8691373713275615
        0.6522940055009525        0.6322153146430325
        0.6451063681110185        0.6140042631990377
        0.3118556318431995        0.3930140889033692
        0.7373438794962587        0.6748927649604451
        0.6561507976855161        0.5920302725589505
        0.3690494914712804        0.4343657682165917
        0.7421360333753434        0.5672583163612516
        0.2674184879130275        0.4053677516707676
        0.4873464173145865        0.4569768831055683
        0.7661908583224902        0.8082661282513808
        0.5030000173726261        0.5619614937580923
        0.6160933229157171        0.6200737244508139
        0.5396839187049191        0.4968430876173943
        0.6031929552340933        0.6399715132750170
        0.6040083884693699        0.5729197035283804
        0.2274859197180104        0.3335226206132635
        0.6050850317634082        0.6290766441371685
        0.5929493078887429        0.6058825099409648
        0.7179387308281158        0.7644485232408645
        0.8061143583258850        0.6335780304662746
        0.2771947641755829        0.4342110560202601
        0.4625689052033933        0.4407582227334560
        0.6687191740497215        0.7177892345677871
        0.6975246301331631        0.6933419655203357
        0.6068076767557146        0.7417344436250428
        0.6965639015082161        0.6985643947969042
        0.7752108816933199        0.6827093326021006
        0.6746932267345788        0.8019301678996533
        0.7050640286981122        0.7771950535864516
        0.7228472584600707        0.8509777530439635
        0.8275853187212611        0.7195639148613781
        0.8159956083217188        0.6383264999869829
        0.4379454087487176        0.4132180200065079
        0.1197616548115054        0.2797784357758971
        0.6941056956725087        0.6732731566451752
        0.4187652848770698        0.5835081502164305
        0.8262462832535115        0.7033466020503997
        0.5979168618738455        0.6528338888542202
        0.4448973117283073        0.5282803684163072
        0.8500626554703952        0.7477429883359299
        0.4288484281377871        0.4773416805300627
        0.5400596396354320        0.5918590233869503
        0.6568745257849149        0.7595016165295679
        0.7645594605747527        0.8186623725805103
        0.6817660443236838        0.8361605554897895
        0.5229960422902993        0.5205278964648529
        0.6521585807058572        0.6678379009165945
        0.8836763420652485        0.6502482257407118
        0.6564859633752943        0.7876985677201909
        0.2374310622768719        0.4109395042989535
        0.6828070283309442        0.6508011749363657
        0.2567104152596710        0.3857940885500259
        0.5833094970049555        0.6533751422580079
        0.6296943558747677        0.5711643435644298
        0.3269124751508392        0.3972218564740450
        0.6411285337202935        0.5354961372374861
        0.8609100491193582        0.7484018415866076
        0.4934174671561293        0.6325036692717335
        0.7380811191178207        0.6652154717443712
        0.3135808288763434        0.3923460920010889
        0.8091109664316699        0.6609357587606914
        0.6298529406596908        0.5707905132218171
        0.7870376540659165        0.5869255356402248
        0.5882561126179449        0.5518599011255658
        0.6875758455420372        0.8165854605756476
        0.2724358217862018        0.4475130553525296
        0.6705267367508118        0.6515512993453143
        0.5292962472082809        0.5244047990749097
        0.3419984634134308        0.5051394592018303
        0.5097703884650372        0.4467948093978418
        0.7736514910319173        0.6711087966677487
        0.4791097154690615        0.5766797358483610
        0.7459962400622887        0.8559782760447674
        0.7937160383219153        0.8258714788594747
        0.8590837819939735        0.6647834051463293
        0.6626968739063845        0.6610266699893900
        0.7913468675152724        0.8391315494563107
        0.4822138682572811        0.5274908864798662
        0.7801966009395641        0.5808193532613120
        0.7067408971941821        0.6731180841994923
        0.4703359949219409        0.6104182490853356
        0.7237150345503509        0.6461884263228599
        0.5832700428927593        0.6101973466987816
        0.7526898037289661        0.7500877453646257
        0.5277791401826029        0.5045193731202675
        0.5723102971998870        0.6373947722521698
        0.7516467865925955        0.5580427204498426
        0.6437255372226449        0.6449552359871562
        0.0988782500426092        0.2525277337023981
        0.7123156157064966        0.7221496728101224
        0.5089447402883153        0.5735553784444838
        0.6414983483984893        0.5148528800193327
        0.8375940045903111        0.7250035479882413
        0.2223309297446560        0.4009662675647956
        0.2751801681749195        0.3466695379300936
        0.6904684558694177        0.8303755264071653
        0.6559001759981627        0.5220973294497906
        0.0891188037594319        0.2513058575590126
        0.3329139582747347        0.4485660290843638
        0.7125273366061760        0.8493358819988961
        0.5508977689526980        0.6820131600987817
        0.2306767330810740        0.3728654486293608
        0.7951469214603366        0.6117000057712146
        0.1996258430823807        0.3818241886329751
        0.4428341534749815        0.5938666422987799
        0.2358303108584582        0.3769306405092838
        0.4629410647194157        0.6180251114532217
        0.5142424757143031        0.4709732372861284
        0.7639155543345169        0.8479530822407318
        0.3046933318182852        0.3759883479014968
        0.6883683767500600        0.5796395349800068
        0.3996564187956939        0.4010561920591156
        0.2764868937870095        0.3429075887058195
        0.8257879564593142        0.7347266837010056
        0.5407881265121433        0.6089197036351610
        0.6820123895231490        0.8207594959861543
        0.8203778047544485        0.6393524064833559
        0.5704229211620575        0.4751954943656019
        0.5099740995892050        0.5145088086496283
        0.1459225676270965        0.2837524885690412
        0.6256375715565921        0.5508174417317073
        0.4003986819843581        0.5696931542303948
        0.6119368811190016        0.6635751472148603
        0.5948289903134647        0.5532194907435204
        0.4821165628869754        0.4379504652857764
        0.8486754846648786        0.6728082784452822
        0.3316279227336134        0.4705355312207385
        0.3018295227746660        0.3997128965882177
        0.7168822992842079        0.7375764581616292
        0.2576672552641928        0.4361889683977324
        0.6671487501444384        0.7966187151516315
        0.6891346731798291        0.5270343088181443
        0.4648769578364853        0.5330891442846077
        0.1903291041072525        0.2968897283977349
        0.7770148105373389        0.6060391706240909
        0.7165814905217012        0.5685881536927662
        0.5742316537040538        0.6385621010354805
        0.7677077648433851        0.6922648697666618
        0.6959932883823738        0.7108269391758169
        0.6962069069377260        0.6097443841783788
        0.4215125236159696        0.4139532626807493
        0.6399433378444143        0.6682706966366461
        0.6362701983869501        0.6617692131213903
        0.6177615022271064        0.4951385501238681
        0.6769606012203110        0.5781904715278734
        0.8350543973872414        0.7344939803764818
        0.4551805765774033        0.4767392939711422
        0.3835495530009967        0.5273366911751526
        0.1252647633973019        0.3117873990785257
        0.7190767560701841        0.7073307610377708
        0.8121845154036056        0.6457897102040010
        0.6940644098601387        0.7017655881777914
        0.3017333877554148        0.4515139234642514
        0.5913276797486180        0.5663722111499214
        0.6824278257391663        0.6161090592511030
        0.5002301587060682        0.4837513919752457
        0.4194333160268916        0.4084443355557251
        0.3762200085140815        0.4463568767966603
        0.8576399684175183        0.7371262362054083
        0.1211533974108758        0.2582353970479084
        0.5093444538284126        0.4631977710902779
        0.7266638902116462        0.5966757989525288
        0.5443970546445791        0.5648108609574640
        0.1903798705009512        0.3430492780780743
        0.2473129788182097        0.3499929894389385
        0.8816817302126410        0.7294370778322531
        0.6653869525112330        0.7221056186739597
        0.9042873710687984        0.6968060805228615
        0.5626738099207188        0.4939817061051691
        0.7834817742123525        0.6453672774181163
        0.4261169341823603        0.5253110836328805
        0.2950470795200373        0.4505433871227292
        0.6327841332529318        0.6822394375466407
        0.3971929711728290        0.4482958011906790
        0.6144530881945101        0.6518552354209630
        0.7130436627932586        0.5387427823423543
        0.1184040397768840        0.2829389868781762
        0.6609342350597982        0.6204172394600699
        0.8053637818787844        0.7546986779280136
        0.7527054301179393        0.6119069209256391
        0.5393952860497252        0.6478803433060175
        0.8209461526362887        0.6243430473290117
        0.4182648755287313        0.5813456839519213
        0.6020866745054478        0.7091798959676312
        0.2925825106006122        0.4001043165132377
        0.2484290736694530        0.3273493922871221
        0.2269149459431445        0.3748095039751287
        0.5077550960542485        0.4533751876249298
        0.5180104221485461        0.5054241525276753
        0.6422522897317873        0.5672890697676116
        0.3150651987707207        0.3821180730216840
        0.3064776877577791        0.4265743238016747
        0.9330563738287259        0.6578816136271419
        0.7147315130969825        0.7374141853806713
        0.6217381775800745        0.6270946231214183
        0.3027402033003311        0.4764572449830827
        0.2801811379725028        0.4512670414542843
        0.2891345819834367        0.3960458592609211
        0.4306141484022117        0.4801480489868629
        0.3807528571237073        0.4839833093487119
        0.6298538805354046        0.7311065532006487
        0.4317161892020956        0.4344552204941622
        0.7670541549907675        0.7264271427149550
        0.6413996358111078        0.7134546389988587
        0.4458149289792265        0.5099673376460911
        0.5700088006835790        0.6358781911540057
        0.5435241140758552        0.6365974277729806
        0.2521896781678225        0.3758646993129665
        0.8153727315845707        0.8051302346044656
        0.3798139960658519        0.4145140259389530
        0.4746853780661706        0.5129241358859136
        0.5313096687408929        0.6331857683678194
        0.7292378842846708        0.6344226027006564
        0.5468000505583878        0.4745630552379733
        0.7077861363562019        0.5675006101647833
        0.7760354419452651        0.8597420701811955
        0.6219903836225616        0.7681081941918262
        0.3293008612978289        0.4947363118488627
        0.5951207958542399        0.6397863397588173
        0.4873630129747833        0.5166154900463532
        0.3537191612137653        0.5217621647679147
        0.5940664305892773        0.5152281017233210
        0.4913364728712667        0.5523088731049763
        0.4508817919950570        0.6134862773816582
        0.4403622262881551        0.5423118651723650
        0.2844513484190342        0.3552684852427250
        0.8649294190695549        0.6979524957030385
        0.5598287966016190        0.5368899420993907
        0.3905703475026147        0.4991194442917017
        0.7949091871791549        0.6946759696343872
        0.5353126405157311        0.5795052597097546
        0.4566614466728559        0.5080067132822805
        0.4252856072213874        0.4812530034198166
        0.5101174573414291        0.5424594191721005
        0.5974997585820044        0.5550941203435300
        0.6455122256312609        0.7424506356388975
        0.3185080455762951        0.4190900192043824
        0.4963580058641655        0.4950698164477632
        0.6797838807712058        0.7656815854026277
        0.4919523064778535        0.5863835432437864
        0.7826579560761433        0.8247020430425855
        0.1399951124318645        0.2735922574246175
        0.7295521691101965        0.5784343227962447
        0.8226211125034444        0.7237588557781429
        0.7485099148993624        0.5722011053902585
        0.6543348672417526        0.6125057625755511
        0.6139737523363461        0.6833291641358068
        0.5852223099123883        0.4893692933459728
        0.4664944322615346        0.5288540631420056
        0.6852153039051515        0.6150768402741605
        0.7787080617880152        0.7919618880218355
        0.5320681736175216        0.5959101830007473
        0.6688526603749094        0.7407795397514468
        0.6090768707885819        0.7587015265417072
        0.8139728590870369        0.6759338840654499
        0.4723197668924894        0.4544304422985530
        0.7649750624340441        0.8067727721643686
        0.5994856432678842        0.7176568551997189
        0.8509655723071077        0.6746233945153011
        0.6123131491004308        0.5363566169012953
        0.6107626966585180        0.6706894398367778
        0.7801023298375556        0.7481944744522674
        0.3551002584125834        0.5229456063517924
        0.1246087829460565        0.2611475838042411
        0.6999495928647870        0.6888339572321697
        0.6510425786361941        0.6498694976148289
        0.5096642145306987        0.4443765042083941
        0.8364937807977479        0.7429262779990643
        0.7399397770231334        0.7025143336022205
        0.5530642628894761        0.5153250655125494
        0.7483973214898010        0.8001080994743905
        0.7499526065427780        0.6539845881725794
        0.7299081043929935        0.6320277646669290
        0.7590318375152363        0.6113339378899232
        0.5234571145518798        0.6371225405929916
        0.6239645382023544        0.6228059645626631
        0.6737721248222694        0.6063426427522662
        0.7191219797246552        0.7348948514050064
        0.3347921134208106        0.3811767348400879
        0.4014759869383155        0.4005730269897052
        0.4941326016488131        0.6177464357651763
        0.3150416161483039        0.4238555153720420
        0.6083674285491621        0.7545014073933730
        0.4456881500712531        0.4158490715875188
        0.6995561622515876        0.7740508029806369
        0.8258980323087655        0.7357064917258318
        0.7470385042734669        0.8801417594037944
        0.2451220239551769        0.3658166881119339
        0.7186672710562795        0.6544312600845048
        0.5264002354028605        0.4551635900171251
        0.6461073869340668        0.5163705068885391
        0.7711739438312344        0.7259670000577114
        0.2773496462693412        0.3716136846322055
        0.5418595680046828        0.4753916747011812
        0.1123028904487678        0.2535568334695926
        0.7897977283341517        0.6597748629373872
        0.3074202164090727        0.3617300991486712
        0.8253826671560772        0.6261342014577416
        0.2963664976201610        0.4033818184148589
        0.5680042267909035        0.4810386351340279
        0.7549164681710006        0.5935779833623545
        0.3521191197054985        0.4272125816393540
        0.8946882911334226        0.7145121061991384
        0.6585248665673967        0.5128569838765505
        0.2277901049849487        0.4094796133439106
        0.6793373682590890        0.7000320901278825
        0.3185579364054669        0.3515178538182449
        0.5530717467447630        0.6199405212152562
        0.5823718274996650        0.4834901235914992
        0.4285744750840660        0.5183905587965387
        0.3146039636204743        0.3700345666324053
        0.7152165866643211        0.7780114027678680
        0.6889864090178920        0.8112212890083111
        0.1827357054013181        0.3564549799462408
        0.5924133710437949        0.5027041163870860
        0.5242067391310563        0.6082095919287547
        0.5695425538564524        0.5402652620888790
        0.1751586397664061        0.3215098261006877
        0.1923955205943696        0.3086449025404920
        0.1450755841207649        0.3324459943381819
        0.6664142867874612        0.6702866955095349
        0.7477457350847352        0.8675910044788350
        0.8438019794857610        0.6708278220871116
        0.7158968837530588        0.6710226343449299
        0.4953886362070485        0.4611748200855370
        0.8159024436792893        0.6060808345673423
        0.2283983691455381        0.3621106118441801
        0.4852781314971600        0.4750055354390246
        0.8886101702161914        0.7135212662709080
        0.6705575767388959        0.7525415616796969
        0.7940008935208349        0.6319796690066387
        0.6510329401999441        0.7502517949942524
        0.5574428680321903        0.5429737930497160
        0.4829724453380152        0.4540466987312569
        0.2965911872708431        0.3493758516524706
        0.7508150019846266        0.8297379038599734
        0.7858117892324915        0.7229268801972238
        0.5188283544211512        0.4539839940600662
        0.7161283307140314        0.5718353688882278
        0.2717739287594329        0.4143531006852448
        0.3724808271903655        0.3836059837460908
        0.4216575091925095        0.4602195796331120
        0.5343976099939671        0.4742973766907370
        0.8514016895082340        0.6965151234900651
        0.4780123574698919        0.4867270069046151
        0.5573712011099162        0.4669062042207149
        0.5460473688832074        0.4868654295719221
        0.7399070069964634        0.7418974820296657
        0.4583183969000006        0.4366037204943183
        0.7742318383762667        0.8277157056840996
        0.3298515309347899        0.4261596392744260
        0.3384966811350018        0.4533526363961029
        0.3714561520398917        0.4840976864781177
        0.2723157759259189        0.3934360022910796
        0.5893640774263018        0.5025685186809636
        0.3092099204933919        0.4417788554062751
        0.3221263007674837        0.3934920687002968
        0.3204761253260142        0.4841375894931397
        0.3909175205119981        0.4788209842411224
        0.8313442254914275        0.6219627931729167
        0.7317338519069312        0.8475509704197903
        0.5358838509429475        0.6499529235173838
        0.7965581332920331        0.6556575943002656
        0.3294081850025387        0.4229477342009542
        0.7577536212141928        0.7837831653073719
        0.7129327299207242        0.6850613161611089
        0.6896226373446321        0.7237803408400845
        0.7545113878534082        0.7359335631014479
        0.5767295252938076        0.5421536743375892
        0.1081712822983980        0.2907751357594032
        0.3430667026405759        0.5106802028660086
        0.6459752387209143        0.8006099816014415
        0.2064615942333527        0.3171442872157266
        0.5283479809311805        0.5073802189127650
        0.6951389317595005        0.7197144467167845
        0.8753947270072545        0.7101908940670385
        0.7679696312719876        0.6842701414944388
        0.3427324076366757        0.4158528180349518
        0.6971824867936605        0.6237391058530264
        0.7964964717594444        0.7285385715053638
        0.3523502381144308        0.3683004997734311
        0.8654064090450493        0.7420011687090937
        0.8425092263925035        0.7655318708565038
        0.4016677506615009        0.4667975101170294
        0.7797824652365063        0.6855573418555566
        0.1832224292599474        0.3022430277021992
        0.8701626756009270        0.7071220953157311
        0.6469575341555174        0.7275420391971152
        0.5354670307895978        0.6708965403445850
        0.6350967555690777        0.7503254452931768
        0.8193561399383005        0.7891951099384285
        0.6531064346414877        0.6770888159996569
        0.4428809551608697        0.5267414642413016
        0.6256180379773950        0.6641464799511705
        0.3652998493850335        0.3836787859872309
        0.4595027168751475        0.5207595517676302
        0.3445716619592712        0.3859832162700747
        0.5951586153566004        0.5866133309808870
        0.6154460762968104        0.5244562091574629
        0.6697045560916464        0.7394919095215788
        0.3203634119454892        0.3892943668911274
        0.6277334919667712        0.5665175770752175
        0.2643987663924967        0.4105510904054201
        0.5055817678924782        0.6707378606285272
        0.6983871208740846        0.8333593587228022
        0.7267111157164301        0.6168979386261059
        0.3938204816669295        0.4461275478115557
        0.5554761164572004        0.5552267569011770
        0.7618640651330770        0.5884846756781776
        0.6806860536416717        0.8019055031043486
        0.5182664673925832        0.6097161341646548
        0.4040025070857287        0.4659145518870644
        0.2766181427266103        0.3436362534294321
        0.6724789635779779        0.8108901649339375
        0.5667998406473654        0.7090956404271300
        0.7084799594112402        0.8494386021842867
        0.8394828291252503        0.7702563032575127
        0.5485929341261119        0.6905056392053449
        0.7909159317996268        0.6610215655488476
        0.7531654357421081        0.8739716976487577
        0.2631597899851652        0.3862324037602458
        0.5831347976960336        0.7415848578436446
        0.9063330510978954        0.6776740470843134
        0.4774864091690947        0.4587857707152969
        0.8084205159865199        0.7097125274811986
        0.6372448689117314        0.7220889094892193
        0.1220242102778626        0.2756574978543601
        0.8427586590625977        0.7544534461319814
        0.6767447694331736        0.6553784457429692
        0.7008142892244512        0.8532135490460292
        0.5371991730606447        0.6988594875371956
        0.8066433214564592        0.5835322261388276
        0.2132567618121570        0.3726160416874575
        0.6106409936972216        0.5911602898819730
        0.8465314093923917        0.7089785153529136
        0.6083530265209784        0.6311695224314443
        0.6445218887240363        0.7523383893147050
        0.7787318348437490        0.7660444651413817
        0.6992373926391967        0.8065635250200530
        0.7819350374471303        0.8470818021720186
        0.7542197246316625        0.7967005899339489
        0.5766426748335027        0.7340350614105092
        0.4512243990958773        0.5505856632620616
        0.7877520919854866        0.8170471609607176
        0.8746099146107779        0.6597081322514360
        0.2102913486297096        0.3682738598994710
        0.7166422226689892        0.6465852105922748
        0.6639164708392068        0.5546716719614928
        0.3275631006740157        0.4808763389880506
        0.3671973607003398        0.5262218307402697
        0.7919017351756814        0.6827366948419940
        0.7900243962304778        0.8377355650725173
        0.8768511975050679        0.7298158212370904
        0.7548312675915126        0.8789645566059431
        0.8501761818253115        0.6960087879983441
        0.1976268179447024        0.3163624517629099
        0.8231086426187770        0.7692148865943609
        0.5979829481629771        0.5186224838306572
        0.5748896888074569        0.6711033841582627
        0.5229628416904726        0.5450657083627757
        0.3823395778357065        0.4711825719209690
        0.6079623441325880        0.5705364183466012
        0.2470150176144183        0.3180149592073410
        0.7963991533824966        0.7189268282519383
        0.7549337418251472        0.7309421778818583
        0.5576753457120136        0.6201166508101474
        0.3998522922123929        0.5566592481154821
        0.7078404827083749        0.6706955940076496
        0.3195807724099604        0.4356676498305272
        0.4346691051792224        0.5664973015556143
        0.3809896807564245        0.5533726558342738
        0.6763501274687040        0.6062342882786904
        0.7527097590424775        0.8622437916443331
        0.6380733884096204        0.6836515514470942
        0.6796365714652450        0.6363492454175159
        0.2792217897477901        0.4414241111291928
        0.7119072818608047        0.8535811029579801
        0.8106820607803968        0.6326798170247236
        0.2048382872429480        0.3308192511449652
        0.6878139040129545        0.6616161570091631
        0.2389769016130449        0.3788881109350966
        0.3086931844479391        0.4247403463887888
        0.8298563651377734        0.7350341586235802
        0.8661063518577158        0.6427917864819110
        0.7323141636309761        0.8232950131652624
        0.2471219660091389        0.3261142957107238
        0.5498298984214055        0.5232377958718488
        0.7970178642856129        0.8343189850962835
        0.8533221678825860        0.7599681308502024
        0.4599919243631714        0.5396752406074438
        0.7294087460547092        0.7237877334404533
        0.6652986024274232        0.7241670824160195
        0.6056689888438719        0.5011733729900330
        0.7158482593168680        0.7713299398024624
        0.7158637367162195        0.8020769897108130
        0.4567808491898284        0.5801828234721945
        0.5295625489426619        0.6581078372126680
        0.7230440629717838        0.6283787209867795
        0.8447472186699387        0.6111003718682527
        0.6436011256876111        0.6381782090318681
        0.5407106507367510        0.5792301998241067
        0.7384357370882426        0.7201285239088080
        0.2064434498577246        0.3694531284381083
        0.6225378297479415        0.5914294283831323
        0.5647220159787896        0.5039894248317526
        0.4784879237760662        0.5504583718300370
        0.7809347438529801        0.5773064387034207
        0.1638494076216854        0.2877074740378104
        0.1482559226085690        0.2865450936204673
        0.4949325846040439        0.4659113826231529
        0.5683065629963906        0.5152400607355770
        0.4864018078028820        0.5340064101275294
        0.7695915192447532        0.7734173084638306
        0.4433494721455550        0.4205185475129370
        0.7107580882116333        0.5592111516164333
        0.6281046790287926        0.7291661014721128
        0.7675356815769804        0.6529753806913694
        0.7665143780940356        0.5841687222971096
        0.2634782928314499        0.3978908748623549
        0.2335395407090296        0.3767114838972039
        0.7221746583512660        0.7384109796065951
        0.7712997651703341        0.6543016404458128
        0.7639530233147025        0.7491721300720569
        0.5524526074909023        0.6487757945950181
        0.7393731555309754        0.5514823539513209
        0.1589358875037221        0.3299151520722783
        0.4902164722959385        0.5770034082831847
        0.5787501265961357        0.5811954980075229
        0.6291938286912515        0.6568304540089650
        0.7395017904914071        0.8032457467534400
        0.3835586154876638        0.4498268980637986
        0.6309909304505386        0.7148552951058218
        0.0881156740554319        0.2480947339057222
        0.8812633450787811        0.7237568163111301
        0.1702602908549483        0.3578287345151041
        0.8582677197544668        0.6984687691210587
        0.0746097620278784        0.2398402209985301
        0.2115175970004769        0.3103473183456799
        0.6790878364656793        0.7949436359386488
        0.5170032785358613        0.6163666981703052
        0.7021582675930238        0.7571914223874699
        0.4708710587087622        0.4703132038165179
        0.8704957281003743        0.7020696210688455
        0.5653432531425734        0.6172918879532455
        0.7388737812426225        0.8103945188279646
        0.7616308722907081        0.8330043730119382
        0.4888735417931797        0.4988548197748873
        0.6910387241521782        0.6576777380624921
        0.5233923889863792        0.6041202071490066
        0.3496312722826651        0.4950477897801576
        0.6631851941003012        0.5398813619866362
        0.7551047529871416        0.6338462274274945
        0.7647598793348707        0.7857431161027280
        0.2330272843640621        0.3981957622528914
        0.2878465207655326        0.4389582564392394
        0.8230591265397392        0.6640534426467329
        0.8126103489713772        0.7630933017028914
        0.5379729455869087        0.4887802571058700
        0.6427296426612187        0.6633461843662063
        0.3129261508325074        0.3827082931954295
        0.1758360614060993        0.3233890412122829
        0.5599691000358622        0.5165679761030889
        0.5919296124825787        0.6327881742582263
        0.6620872476229417        0.6479532966577187
        0.6913222878544946        0.6628397225215277
        0.1452971144569657        0.3156807924937898
        0.7202946112891285        0.6249169315074770
        0.6319640333738850        0.5307990402857250
        0.6142079497308368        0.6554961229510849
        0.3085081554700947        0.3725503236249794
        0.1563154093029117        0.3235138611778900
        0.6108349514684503        0.6674750673066255
        0.7192468309668493        0.8529301523699868
        0.4787096627240560        0.5188916041997101
        0.7608286178246014        0.7065915908030020
        0.4155996802811203        0.3973062951651156
        0.7640311258045920        0.5647557696395473
        0.6361883440161152        0.6097665342616831
        0.6240390171203087        0.7683734040592485
        0.3954358568478711        0.4512461641667032
        0.1451615360773505        0.3096342167399842
        0.7964528734771175        0.6089991624446663
        0.5982531692923743        0.7082148771979230
        0.2550060575234769        0.3356183223843630
        0.4631722958245781        0.4482451542460284
        0.7907209466757636        0.6884254904021595
        0.5239948373617886        0.5456185650682992
        0.7475586587219922        0.5737055694407400
        0.6679637151533466        0.7986976684448849
        0.5441502308673882        0.6000742063866944
        0.4857875654546506        0.4823388472809212
        0.1867221901055325        0.3239085069006549
        0.2031958716101142        0.3297738423106882
        0.3443259703615663        0.4533230562711479
        0.1236820772242957        0.3107460827082411
        0.7672381655913552        0.7997139087978800
        0.5627012750080467        0.6530514614044660
        0.7099670404491267        0.7827683681860474
        0.6365629601328080        0.5103760603190585
        0.5839896649057508        0.6106618684334686
        0.5297982306480324        0.5765106431611616
        0.3717419364586743        0.5319671384981259
        0.3766400745811425        0.5203640312504600
        0.4839194241247600        0.5852495814200566
        0.3618946585476233        0.4032211007562139
        0.5513355118251982        0.5055325783066998
        0.7242097288024323        0.6333210499049027
        0.2857886403492574        0.3973586314945962
        0.4767636569325511        0.4949454952238508
        0.7506306383856755        0.7885575881170340
        0.7576021556442621        0.5706349307850420
        0.7791889439829625        0.7855182681821558
        0.3707712506070704        0.4815091617739342
        0.4601274584233971        0.4886838024834303
        0.8511589952237637        0.7518471055877051
        0.7033754934476747        0.5424806376119270
        0.6494831586197010        0.7944136116699003
        0.3100712250507731        0.3649149307459006
        0.1256490842472732        0.2776446671017632
        0.0390160105789936        0.2351811482172992
        0.6365381806725857        0.7867470347787821
        0.7558969602624612        0.6908514940670527
        0.5575765693780685        0.5180003105326583
        0.6270956086431736        0.6890698499143870
        0.3907104549650034        0.5429583278678609
        0.6468147681618205        0.7066012055007234
        0.7524910544922376        0.7003635622263484
        0.5859657166475069        0.7321590214807560
        0.4637828930518214        0.6153970454902934
        0.7596383024610405        0.7165267517413718
        0.6535668823998118        0.7495691585854438
        0.7535163148152800        0.8476922661837437
        0.8618045690257926        0.7373570114057031
        0.8605450416241749        0.6512541172729542
        0.2999294030373949        0.4002489947296445
        0.3830685088382703        0.5545522182655598
        0.4605966889844537        0.5780608665861086
        0.4803467416731335        0.4626617011675015
        0.5199958887175397        0.6444619846649252
        0.8493360246392947        0.6075094626766123
        0.6562210221270695        0.7285780209051267
        0.9103056246344470        0.6954693845153601
        0.3470773818660698        0.4250495425027461
        0.8323471425910141        0.6616788328573698
        0.7602276244875772        0.6600536056175415
        0.4604598918933587        0.5289019999160804
        0.3348029606615776        0.4541424063513043
        0.4243148475808249        0.4953127186122142
        0.4629689639045821        0.5791703126493226
        0.2329352633801772        0.3260583340310912
        0.2870841975959417        0.4386137231269689
        0.7288213002018415        0.6797042146015462
        0.4659387751809889        0.5276705235133143
        0.5138928663471356        0.5181965502468278
        0.7582651475911384        0.7011952489646976
        0.7165708119732090        0.5413297051940957
        0.5400188129534934        0.6883300595776330
        0.7179984586508077        0.8455364268089083
        0.4774846870886704        0.4526242865457025
        0.3527658549314502        0.4903879472306817
        0.3146448150400643        0.4156899495011803
        0.6423020683262523        0.6236729411969089
        0.3719790412675417        0.4170150756086400
        0.7919603282047898        0.7991869919343806
        0.8414476080795674        0.6842534966150901
        0.4705421846306107        0.5339934925137803
        0.4427072311114755        0.5214003626583039
        0.3575038806196466        0.4497786513178456
        0.1168100358178388        0.2799017621088575
        0.6521837455795583        0.6822578033779773
        0.3280441735546810        0.4885660267696540
        0.6796212687329637        0.6046311470419419
        0.2573017747111299        0.4208376988972567
        0.8154617677655962        0.6566018681737884
        0.7896011606522133        0.7120927510588155
        0.2776116161455617        0.3836229665108732
        0.8640049228793202        0.6325739596253175
        0.4411285935855833        0.5886572027063729
        0.7875449078716656        0.6572456867351197
        0.7373469294493460        0.8028547714442529
        0.4279434684444118        0.5962088381705186
        0.6934803431195116        0.5665167949852914
        0.7141587787429999        0.7200707977348036
        0.6205497667974434        0.7590427270550069
        0.7745967673143859        0.8525052934007644
        0.7112937811790423        0.6680883582842382
        0.9053983299758548        0.6398019292712787
        0.5337382703276811        0.6540930522430637
        0.8048945153183591        0.6007050654616174
        0.8298462899009260        0.7954926519507213
        0.8087751928308025        0.6217482788529287
        0.2592680424906182        0.3933446149646863
        0.1163684934817173        0.2592171144487773
        0.0789272450384306        0.2462526911303218
        0.6563693555984587        0.6593016870998782
        0.3353386356997198        0.4879679191330683
        0.5612839020257030        0.5088271576054371
        0.6636065010398022        0.7549979489650874
        0.8433048612518068        0.7065726775491242
        0.4759746928978819        0.5142283086554984
        0.2108379648548333        0.3868645413646331
        0.7692461814549395        0.6452800464672426
        0.4379413705682591        0.5215511516031633
        0.5095434074963615        0.5957987189027386
        0.6962096510611535        0.8102148720846454
        0.7595505668934445        0.6776550893307506
        0.8071998074219536        0.6991949252148153
        0.4485181125834616        0.5779701103433518
        0.7015532311143841        0.8002179447740498
        0.7914388352630122        0.7242627252333242
        0.7430411184961820        0.8082129183977760
        0.4866620183477346        0.5194800829562429
        0.4648544985175454        0.5416068255955988
        0.3170054019586472        0.4255116134580001
        0.7254451002067228        0.6526084288152294
        0.6945153553521406        0.7624972395480449
        0.3651447187996587        0.3739222216813068
        0.6211544380484725        0.5494220639254922
        0.4269726605399775        0.5041871518986820
        0.4138515541642402        0.5783639769206512
        0.4477233173686038        0.5797276790019013
        0.3589076882385274        0.5288976070093898
        0.6197296762109499        0.5506339762483239
        0.3776470144853767        0.4536259501045077
        0.5483471306541010        0.6448082429326067
        0.6336549932747662        0.6643070999206718
        0.6999753270652604        0.5499226387297946
        0.8079234496489568        0.7035272006427582
        0.6851161944732014        0.8241209837676741
        0.4020634078520144        0.5129673453380228
        0.7344478165787144        0.8474369551159114
        0.8272254737971048        0.6305624879268568
        0.6935493801515389        0.6825584230495900
        0.2339231075826062        0.3864102969857391
        0.5903095006520490        0.6541005480012596
        0.5431375492107908        0.5977091307530026
        0.7581019227267048        0.8788730644019556
        0.2287780211161782        0.3624224166990606
        0.6150085735534090        0.5534267331839313
        0.6733263240793222        0.5851702898193369
        0.7495607543080870        0.6990496042975969
        0.8090009387974331        0.7666941483869485
        0.5270522849947343        0.6137060732149234
        0.4148522241776174        0.5651628027300379
        0.7547351615879369        0.7025939890754767
        0.3994237675615696        0.5701887816203625
        0.5133542861343786        0.6758009691977322
        0.4451060079716234        0.5405098600463949
        0.3578735379819207        0.4484415528248270
        0.5747293365257953        0.6344477888623634
        0.6902517493065226        0.5421533495157382
        0.5065643619874224        0.5944979030343133
        0.6246451951631483        0.6505520284252300
        0.2066784513926011        0.3803354593776164
        0.3614249824596960        0.5133022609092021
        0.8130057062421239        0.7805277473998424
        0.4619251475737893        0.6181667963968011
        0.7815802477294447        0.7311045721506899
        0.5092126529228729        0.5674181860107967
        0.3001207684700450        0.3573063050855885
        0.7716800296447895        0.5917845135025956
        0.7300005747239696        0.7422282283058824
        0.2793876520057988        0.3902266353579247
        0.6924667938915946        0.6462565869987333
        0.6749679446917992        0.6775536839166568
        0.4977267225542311        0.5821102158156302
        0.3189223248915175        0.4055830368869054
        0.7394424454084254        0.7018508273793378
        0.8261167782857028        0.6774129924580128
        0.5998598254772167        0.6420954113244294
        0.3758602225275534        0.5450532267501016
        0.7784665602867946        0.7112902082741339
        0.6344985469037392        0.5629511005273737
        0.4186198963583230        0.4771037212739171
        0.8174371177092364        0.7003285856910069
        0.6525970539520806        0.6211937558917529
        0.7229383522984882        0.5848498058480185
        0.5882396035064033        0.6047847808861836
        0.5666842050807726        0.6173418788822124
        0.5831948837732062        0.7324586797868369
        0.5414155957505710        0.6261013432222736
        0.7263022722474504        0.6298142965787352
        0.7465306523198881        0.5664842016974894
        0.0691490582526518        0.2465586869955471
        0.8497082880337583        0.7608981869549465
        0.1609319648318102        0.3128966627042780
        0.9228590168801218        0.6610655295100540
        0.5920733480213725        0.6761965194714381
        0.6643381213178926        0.7393637955901746
        0.5075619773938451        0.4938639701691881
        0.1818273821807913        0.3077293667322789
        0.7512786219872940        0.5653629364043472
        0.0215622775922308        0.2150534416889733
        0.5459530242101649        0.6090302957107858
        0.8332654849366208        0.5993659523795033
        0.6434056610231338        0.6718533932623942
        0.5855210716186688        0.6617769675220759
        0.5883778595875777        0.6085140867734178
        0.7780108276047466        0.6275900022712555
        0.7151839258159410        0.7612311966719170
        0.7052175191681664        0.8257599460656030
        0.6986587182154504        0.7298026921094714
        0.4796801925222024        0.4441732406263706
        0.4670385895137191        0.5496309889377315
        0.6067066353033634        0.5369698868572064
        0.4481095875266284        0.6054404354418134
        0.6362118473873506        0.7212275840851675
        0.4366764947986244        0.5548503147113832
        0.6421002290625990        0.6722453823019175
        0.7529140190897775        0.6101692841983977
        0.1764316299236954        0.3378367463134544
        0.3476943951847831        0.3713615526131924
        0.5865595850841605        0.6316708665682333
        0.5380973150034045        0.6327466237019371
        0.4920119392585595        0.5609551501920825
        0.5625920456105439        0.5023852668444128
        0.3291752271035899        0.3958021722721464
        0.6062105273299699        0.5204530049154401
        0.7553381364530842        0.7775245217332440
        0.7804037994824509        0.7367147401416598
        0.1952535014023023        0.3647042851880753
        0.3822254640746436        0.5482151958762322
        0.4522825431588916        0.4294828946968411
        0.6046954800679553        0.6508440358276812
        0.7279908748382640        0.7313701603409182
        0.7130003959830734        0.8170020508202771
        0.4596237218387891        0.5803729967371434
        0.5645941825812143        0.4973582841606501
        0.3944824515155173        0.4631816335925025
        0.8506880652242828        0.7187915992149292
        0.9225815554977909        0.6463519615682385
        0.7211218941876731        0.8040432342052677
        0.5645638679509491        0.6526795756567524
        0.9262644705494756        0.6686199355972288
        0.6701537809050706        0.8050054310813922
        0.3623577511051943        0.4477225104408344
        0.3783039721739268        0.4225140193264852
        0.6212542328215487        0.5161225106504652
        0.5119031323620504        0.4455941202635462
        0.7363618163042180        0.6742333395434188
        0.6961036566485908        0.6474994322627479
        0.4357649241256301        0.4441625424221696
        0.7840718910844086        0.7841562399014589
        0.5102910882027188        0.4932363552626859
        0.8211384521429611        0.6843240469758449
        0.6717576480511762        0.7398083371881976
        0.3647335116979439        0.5231269860718056
        0.3004139773398341        0.3444467843256896
        0.5068084291275290        0.5182354148236283
        0.2526159290402797        0.3427711681411451
        0.3390227882671185        0.4982326395830129
        0.2868491961639404        0.3616804881301899
        0.3504372281827639        0.5110252306310024
        0.4648481975048408        0.5258471375712129
        0.5798073405765476        0.4948872252229541
        0.3632793850800234        0.4533492715873609
        0.7222628043739402        0.5449018029993072
        0.4218222759950139        0.5084396736583727
        0.7513939319945137        0.7256369142625152
        0.3500893495645300        0.4709358514560985
        0.8917517054781141        0.6625276472818999
        0.7355920444418445        0.5650182189829474
        0.5847760346148556        0.7139222272348665
        0.7960539995784378        0.6655064536834602
        0.5598683768838550        0.5286188659835184
        0.2665156566345834        0.4097787990205860
        0.6729955686608120        0.5514394540959460
        0.9290841458879134        0.6691719281993654
        0.3697301592966446        0.5004605118218189
        0.5760529407239533        0.7047020051092474
        0.6694069720620077        0.5988467922222578
        0.6541686496917433        0.7834997492950707
        0.3059828738021360        0.4735053879353938
        0.6415269572941409        0.6558174305018065
        0.7919160057650483        0.8054950098978770
        0.5117496523804059        0.4469027130243183
        0.5966845054146517        0.5756880936556192
        0.6320360484387727        0.5401581260967930
        0.5923681044559506        0.6182850178180697
        0.6419317691445923        0.6992687426563888
        0.5267216263833555        0.4733553979296616
        0.4760347816566272        0.5124570356510183
        0.7488352549844082        0.6027626198118521
        0.6670921603071904        0.8060964386862089
        0.5625866347256064        0.7146911083896489
        0.8251206123647126        0.6422771730641648
        0.5201241716507921        0.6300078387392540
        0.7184027412271984        0.8452798168103401
        0.4914480954970564        0.4653873797487835
        0.8814188747921486        0.6238130864179978
        0.6291935077980915        0.7206400635068375
        0.6923034602597534        0.7601228210075388
        0.3664090341770544        0.3890599284828972
        0.7881259889922013        0.6362020799075906
        0.4463636590070995        0.6107859108823483
        0.4803145238654080        0.5912570723297186
        0.8648684556911348        0.7076279650262811
        0.7731381425620868        0.7643434353837633
        0.0878636941523211        0.2577639164987672
        0.6776064116318540        0.5958398308672719
        0.7038414246519951        0.8018149508821438
        0.7436457998967729        0.8345494624238619
        0.5444770781357482        0.6212580522137947
        0.1091749942259783        0.2869003511010966
        0.5504086578115081        0.6730345865338077
        0.8303161226986525        0.6976662969345411
        0.6830146169072937        0.7630194848585885
        0.6158846076557057        0.5476415963354201
        0.7226970189644867        0.5427963399599974
        0.5646860623987661        0.4972947348434454
        0.7918885718916411        0.6436392217939043
        0.7327341882479741        0.7639560414927694
        0.3482576489819045        0.4718451908661117
        0.9038465380660095        0.6523270707394337
        0.1891581594154720        0.3179097408631341
        0.3777436390709299        0.5347757583206602
        0.8883753748397497        0.6590041528425967
        0.1085215947701144        0.2669249880858200
        0.7381955479968029        0.7194206038106821
        0.4678631177084451        0.4862896655014704
        0.6689605225081499        0.5318390514772459
        0.7342412794247356        0.8423639531950586
        0.7849750236090902        0.8503699741776574
        0.6957232978323353        0.6031905055047007
