       -0.4673494518613479        0.0016693793078443
        0.9205099411432996       -0.3301197127789988
        0.7986402398681729       -0.4378161728351386
       -0.5081776237237021       -0.5508638175751114
        0.4320187554247764        0.4781912550823033
       -0.2446120795923309        0.0792695744503935
        0.0801202852183781        0.5011571931825090
       -0.1066093468139915       -0.3139924214123084
       -0.0551500553482951       -0.2019590779692438
        0.3336840557568111        0.7229250744275632
        0.2473873588078015        0.0229504633439474
       -0.6342622176862168        0.2173715701809652
       -0.2722506015050119        0.5720016533872747
        0.8482572465478408        0.1874383367950267
       -0.1380589335002715       -0.8821715734408040
        0.0428659224405846       -0.0009401338856712
       -0.5236891675655873        0.7894641959419018
       -0.5658678960878075        0.1747737456190286
        0.1156846554007116        0.2848891200388299
        0.1132612774617607       -0.0280851314967906
        0.4021689433755539       -0.8350790359385436
        0.2380627004832326       -0.8855357707593177
        0.0023069551764397       -0.3508540917851296
        0.0455234942503461       -0.0737561898772091
       -0.4636723812211152        0.2128636198604771
       -0.1026737126154169        0.9497061733605819
        0.1420237487529449       -0.3057667431763299
       -0.4640159324873792        0.3692125056139947
       -0.4386369755995829       -0.7940308056509965
        0.0802534625147223        0.5105797215074032
       -0.1776528617573694       -0.8127151779639019
       -0.6330296102061613       -0.4011682782590084
       -0.8365534092000709        0.4017389502890509
        0.5878898212097657       -0.3289062680003229
       -0.8713489978675453       -0.3908042378228635
       -0.1037001985065487        0.7662657149930331
       -0.3982682906850784       -0.1741753703878758
       -0.1956579811205822        0.8504175507237669
       -0.3727362089174689       -0.5079923172854022
        0.4286871127339152       -0.0392616409728165
       -0.2468773438920611       -0.7165315332157456
       -0.2083940131623064       -0.5688572782393916
        0.7294529942700725       -0.2917244525165735
       -0.3725827774485849        0.4719224279909358
       -0.3930651459621406        0.2417225448956704
       -0.3751589451807311       -0.7574476751543736
        0.2478480742272252        0.2372302679184771
       -0.2740295718258731        0.4735366326842948
        0.9048614200712094        0.0789225262444770
       -0.1765985977581222       -0.8907710194603743
       -0.0366851550501992       -0.2459999392636041
       -0.0881263870925583        0.8384594592705144
        0.2020633208447505       -0.2178388127332558
       -0.3901363768858462       -0.7910673903156176
       -0.4097919067121080       -0.7598510787062132
        0.0063657890058910        0.5555487343849932
        0.7649831346123517        0.5605121715808717
       -0.8575398653387293        0.1678156844041105
       -0.7972376863675070       -0.3551657606430142
       -0.5899496851004270       -0.2427529806653697
       -0.3446168365946820       -0.9055322693161876
       -0.7328282439312845       -0.1582752371708532
       -0.1329194757866201        0.0123464394553271
       -0.0137123560514435       -0.7077536270924564
       -0.1859744443225915        0.0855731334215494
        0.5703165723750401       -0.2087811983264249
       -0.1582143630991937        0.4966807998329912
       -0.5737927335928525       -0.7275537506320106
        0.1677929540177142       -0.0296998870849801
       -0.0989826547483558        0.0874340499794381
        0.2744641247510543        0.2775846390653420
        0.3379497178841985       -0.0104239819556760
       -0.5906921927331207       -0.0706398808846659
        0.2470226955288030       -0.2414282815815280
        0.0299683665686068       -0.4536018697042861
       -0.0899466599467780       -0.4525854123668543
       -0.7738191125318582        0.1189602193944754
       -0.8893682837414923        0.1361731640247725
        0.6372362382604275        0.4254639954103513
       -0.0961434126862929       -0.4541454479868192
        0.2465854704031684        0.8409827399956055
        0.3549776798981966       -0.7728438195844839
        0.6689587916465236       -0.0226522784915229
       -0.8905399384215635        0.2492282812323802
       -0.8880473524460863       -0.3954609915806122
        0.5118222427693921        0.8044221006410012
        0.7200376904306499       -0.0356573335748417
       -0.1088446534935049       -0.1354528208521006
       -0.6175425754380697       -0.3157659299350677
        0.3097072728604737       -0.4431639527646323
        0.4804959927002195       -0.8196117641687981
       -0.6107844319248750       -0.5429400416631240
       -0.0335093198413517        0.6412138187138576
       -0.3371050128005064        0.2081074264497751
        0.7891973743788149        0.4587473565378173
       -0.9520322070076361        0.2409125175255242
       -0.8480665611690645       -0.1468775770375653
        0.1203924061908069        0.6645333172843457
       -0.4314685608348136        0.6836638819015204
       -0.2662206634782255       -0.5796149650568755
       -0.7281613283228590       -0.1015858343252021
       -0.1972648601122261        0.8907118022982703
        0.0011053087875072       -0.3817781324927330
        0.8462897596040805       -0.0303638165282144
        0.8004482576727523        0.3673327416346770
        0.3546328376749596       -0.4863097512923078
       -0.4159431139073965       -0.5984163861834265
       -0.6083419732270261        0.0994826439482127
        0.4321073136858541       -0.2873474075024385
        0.0143418600832597        0.9365960335463580
        0.2321701123598530       -0.8410599511034473
       -0.2689575785449965       -0.9172441468908398
       -0.0868531932071264        0.3581209409351291
        0.1817456773571571        0.5080981574244147
        0.2396085457842826       -0.2465739549507685
        0.2964749777492435       -0.8269724486356322
        0.5445859955123046        0.1551096679851188
        0.1783387582265692        0.9195695943006083
       -0.4632526241317561        0.6818157894870903
        0.6987905283693773        0.6788721094616681
        0.2570439880616649        0.8528127396977946
       -0.0663839757679215       -0.1302282641218309
        0.0075082375672873        0.3197216405524244
        0.9361324426612512       -0.3392082037494111
        0.5923428171982328        0.4608574752436604
       -0.5037205645992827       -0.6714112895378577
       -0.9851832706148639       -0.1534909695577745
        0.6965759872124253       -0.3451321024329423
       -0.2146493871436365        0.0084154576146766
       -0.3108360378385304       -0.6822096189868505
       -0.0857231200984042       -0.1190249351895382
       -0.3862827300219923       -0.6781743615371058
       -0.1777530251376052        0.8349804591713500
        0.3602588885867143       -0.7865240795148988
        0.2984164811074630        0.6169127967976240
       -0.3182263140439386       -0.1841896360857734
        0.4491874500954727       -0.0240514673171925
        0.7825561423481798       -0.4977209149661005
       -0.0601820041963733       -0.1923603582620325
        0.3792450319961579        0.7938171789473960
       -0.3572228071749566       -0.1683228706164419
       -0.6846536627887431        0.6534344393729836
        0.6908261345883661        0.0994311857747947
       -0.2761400253552161        0.2691252257844179
        0.9214576070092545        0.2103821001998773
       -0.6046029435308378        0.2822456304163120
        0.2206385892319524        0.7420686158727664
       -0.1855541765378287       -0.4407475763058786
       -0.4745655045786281        0.5891410664546678
       -0.6260266613796280       -0.4977037186770309
        0.0261958503965853        0.2555353494305050
       -0.0459358808614891        0.0031320087674938
       -0.6422358036327837        0.4657664129017393
        0.5064146343976166        0.3954564398096391
       -0.7006957547136672        0.3707054741290359
        0.3442888052598876       -0.5927430698081628
        0.2266672995820943       -0.4551159876824552
       -0.1501576616774838        0.8555384000764332
       -0.8765634946465121        0.0122391192573483
        0.3619083134116436        0.5224944890213087
       -0.4382360883035222        0.6842404568146313
       -0.7631778168916352       -0.0431058069452927
       -0.4907593389487125        0.2527656258187002
       -0.0995223861509426        0.8212429363777799
       -0.4594023941382018        0.7548176960506936
        0.1151731424162923        0.9474246281140807
        0.1884052704026171        0.3094094767186527
       -0.2406478268819035       -0.7332417547665698
        0.6935472165270437       -0.0965141987015030
        0.6188201145272070        0.6864550696851202
       -0.5706551595648063        0.7231408121902358
        0.1050164955696478       -0.2685414495129743
       -0.5018216758598225        0.3635197811249376
       -0.6042090598595976       -0.2145780689256754
       -0.2469645751452868        0.7099539717169746
        0.1014439478258267        0.6197585264646920
        0.0461204835924681       -0.7320581604815819
       -0.8368018991212800       -0.2738715456529369
       -0.6544366781518499       -0.2855142540373011
        0.4698745647070111       -0.2907612561502613
       -0.0458083566797917       -0.7628743435139295
        0.3259392225746032       -0.6734552628448645
        0.4333353701208998       -0.0851450360317404
        0.9153844470268738        0.1348135518935124
        0.4723597557265475        0.5535146879533411
        0.5657506181647627        0.1556248636974212
        0.6947620642954193        0.2177305643757588
       -0.3970191357207155        0.4986149068125788
       -0.8302509740781838        0.0591366378050559
       -0.0948190698225492        0.3360274413207430
       -0.8162427562421618        0.4389972341231448
       -0.7813994397005956       -0.3343609666938026
        0.2761374359789718        0.0611888515159604
       -0.2394632488249659        0.6593496783433999
       -0.5331923759183300       -0.4270239489720039
        0.3634021860150432       -0.8638854785106570
       -0.5322942354573714        0.5485380997129807
       -0.3733268149494602        0.1854857498702882
        0.8014958969479081        0.2057561097275680
        0.2350099517146982        0.4721032950120670
       -0.0203789153116890        0.4631406358504004
       -0.1851292175131352        0.1858721606364779
       -0.0950440188048375        0.8187441327895130
        0.3820570483135753       -0.3391820358116097
        0.8697299795367252       -0.2700979197214735
       -0.6276627179484088       -0.2195395919490974
       -0.5771840549452072       -0.1355754989465811
       -0.1261643115138767       -0.1297861414767981
        0.1293576361018279        0.7823789911600689
       -0.2786329888330361        0.0953125773408096
        0.4631510008184824       -0.5499807039949738
       -0.0954767362315107        0.0434361375037226
       -0.8760152027953229        0.3894898141844809
       -0.5161916932693636        0.3611875202722117
       -0.6338350318412347        0.6851866453359823
       -0.8246283046538360       -0.2050264418258016
       -0.3783067851118175        0.5588268846498938
       -0.8281602150987398       -0.5300517695492249
       -0.2554695233523022        0.1151795835739350
       -0.9331330016187819       -0.0035186540500948
       -0.7099824786212554       -0.4290811129671309
       -0.4091956901437097       -0.4122862840036489
       -0.1765276810935255        0.0717295628274051
        0.3774990653975609        0.2679635528878174
        0.1596164535097707        0.9396072194020336
       -0.4192152063560791       -0.5293092777825005
       -0.6733197734611333        0.1448516858259414
       -0.2092644218734976       -0.4628969888417062
       -0.5346325986820154       -0.1277882703421635
        0.5652887897358029        0.3388063050809215
       -0.3056807940614431        0.9369635437341871
       -0.2070970950074699        0.5408586703486008
        0.5248992876448404       -0.2884050308169763
        0.7114795412562706        0.3311147149610546
        0.4353785261664562        0.4846378456717909
        0.5846347387088651       -0.1571075684874153
        0.0651700106786588       -0.6592588866432806
        0.1165973046264739       -0.2541216542646673
        0.7920266011274448       -0.4712178333976532
       -0.1790883638093582        0.1828551535887393
        0.0146403769624480       -0.0604449575285612
        0.0740528417295780       -0.0536189244624583
       -0.4236052732069478       -0.5541832455780692
       -0.7881896828399294        0.0321459329869837
       -0.7551803293774781        0.1676352679671526
        0.1825363018962124        0.5071596371594591
       -0.7500285683085602       -0.6179600597178788
        0.8234212701773174       -0.3830281804668422
       -0.3306478700620192        0.4256154467965265
       -0.1942325853826548        0.0344687476215117
       -0.0604327526859698       -0.1747303106665569
       -0.6873850802479118       -0.1944367013194100
        0.5823716778085524       -0.5815016848476933
        0.4472706272558978        0.4444439610019655
       -0.3085732026319092        0.2370389931606379
       -0.4337773398627778        0.6885396141009854
       -0.6279795531898225       -0.1853272284812427
        0.3487301875380356        0.3390180994641183
        0.6312481643332531        0.4800082061561761
        0.7547798937183613        0.2283600525915129
        0.3885908787810909       -0.3615401141162260
       -0.8431222890984723       -0.2417582966308807
       -0.7985921792927387        0.1596108266676562
        0.4364271213098142       -0.7959475337116482
        0.5512822049538478       -0.8262696375158486
        0.5102807796505480        0.3004168069486430
       -0.1147510966644117        0.3720038318881471
        0.3365504753079853        0.2568864932359397
        0.7785746958234500       -0.4054867630008446
       -0.4609077117327563       -0.4789153918753067
       -0.3694411279649772       -0.3559813882355140
       -0.0035145825561065       -0.8729168502082616
       -0.9253971958195514        0.1158981749204965
        0.1233959140287376        0.7647993153759216
        0.4872266978125618       -0.6260737834649523
        0.0889039906583163        0.7848520106282547
        0.8888671165747172        0.2001019197016219
       -0.3177686822461502        0.9048718142771295
        0.5283277355174609        0.5423834027526561
        0.7852870816880406       -0.0606869473305717
       -0.2143469470246895       -0.5681828517596530
       -0.0442233431262813        0.1498008572353874
       -0.1165953146955014       -0.0999638769653270
       -0.3778337121819398        0.5367060752477806
       -0.7891890555218077       -0.1727646199826973
        0.6079734046464491       -0.0654947507956114
        0.6656081553028207       -0.2257507815996992
       -0.3789002046817391        0.6889359262508550
        0.0301848010241297       -0.2326925368622919
       -0.2238592681870150        0.5402402957649795
       -0.7018278024494237       -0.2001777295619599
       -0.2180850014463330       -0.9600971505487240
        0.1903979885314356       -0.8882394668271856
        0.6045501140781109        0.3457920416377986
        0.1309123871479493       -0.5179172486504715
       -0.5647195486063766       -0.0326032732249972
        0.0614432565944561       -0.8667229415328304
       -0.1130180565324548       -0.0464607261323831
        0.3061257707678259       -0.9289971630389119
       -0.0479856122795663       -0.2708797071284575
       -0.0667149041853225        0.9607296836588133
        0.2389944442796955        0.7971374810524763
       -0.6970268200085987       -0.3785707111923919
       -0.4595590925561009        0.3426617695262973
       -0.4089676105602921       -0.8992836764324742
       -0.2179763177465915       -0.0833748408794734
       -0.1368697672314514       -0.6125196993788267
        0.2601006676627003        0.6634464503572415
       -0.3951734265552665        0.8161924243338993
        0.6763857156837521       -0.6915821508018735
       -0.7165277670957447        0.4472164064803397
        0.5574386616554818       -0.2183867304688989
        0.0873747352104422        0.3686321274890723
        0.0903007406258493        0.4467012106031712
        0.2409286120065718        0.8318101919910260
       -0.5283087879519747       -0.4594264193235414
        0.4721304355718159        0.5287573295879604
        0.5795313820103924        0.1952999336681837
       -0.8702771337610691        0.1963352267911930
        0.4321322473529388       -0.0747862848247790
       -0.5508169833119712       -0.4563062326581619
        0.7174177233486113        0.4404884663225727
        0.5867011082382773       -0.2896432054705330
       -0.2701770270523205        0.4414929568220352
       -0.1045882464785906       -0.8833337734755833
        0.9940387172844090        0.0179020557214438
        0.3799493971858849        0.6758095273288374
       -0.0654661685111956       -0.5901786774686574
       -0.0187340918284149       -0.3036899045071729
       -0.9313478817267934        0.3159890056720040
       -0.7978758426540058       -0.2596138293998940
        0.4539039392786258       -0.0968509828876371
       -0.2728919277033314       -0.5503592700993917
        0.5739296507777425       -0.2229640218355100
        0.4002591822497546       -0.7150487924720647
       -0.2116268348641794        0.9447212961380629
        0.1441467532442778        0.9568289967348945
        0.1183862920032265       -0.6167215033771583
       -0.1346110557476619       -0.0511525570429393
        0.5690659808271369       -0.4452235983310067
        0.3805996920550259        0.3463646983718723
        0.9525742619786932       -0.0125198160173141
        0.2915588269712506       -0.4277591469698480
       -0.1103471262654918       -0.0475725953880464
       -0.2599078148911998        0.7870700216637069
        0.8121990097056918       -0.5246382591691718
        0.1970249758835670       -0.1901231836396081
        0.3378635131088868       -0.9131254600267771
        0.1221458606254092        0.4223333590382214
       -0.3632039509710197       -0.6406085652121351
       -0.5158856057904148       -0.3319546273501698
        0.0868138014724031       -0.0397357217530691
        0.1270936366275274       -0.4348867418837078
        0.1154019745419413       -0.3396849282436144
       -0.0681925994588474        0.3383879060963912
       -0.3463379646119351       -0.7383228710509039
        0.9175437752454617       -0.0221141794655947
       -0.8657816325240252       -0.2396000192641285
       -0.0411964467638535       -0.1099104866681726
        0.7464434989164063       -0.0251214124624928
        0.3085135347690422        0.0196911292836182
       -0.4659034185094364        0.0072923469000068
       -0.2301777584607490       -0.2626229295614787
        0.0851440143057000        0.8063247925008036
       -0.1395834112938411        0.2377128297239738
        0.4234016470325441       -0.0095926783835961
       -0.6010801180731670        0.3982411780540261
       -0.2487361491325258        0.8863224260501450
       -0.7246160314959271       -0.5920480395462816
        0.1637030441337052       -0.0461963090368573
       -0.1009352206901479        0.5129718748774699
       -0.8497989611894712        0.3203123794141511
       -0.2679977498058476        0.8005244480561037
        0.6222450946133288       -0.5711120984017465
       -0.3081430504320364       -0.5592237015595519
        0.8033892566954254        0.5362705102089865
       -0.4575328258582387        0.2526255251042472
        0.9480733549624142        0.1818945974042765
        0.9313962876591588        0.2422456092368697
       -0.3842452027012413       -0.4391946602365820
       -0.4779867812849520       -0.4068778538663488
        0.3961602322549626       -0.3913843607576581
       -0.2924777439882957        0.4235646411362047
       -0.0318283480254845        0.1326755124954722
       -0.8890323927323914       -0.2931999578347723
       -0.5723540581945749       -0.6321735472282791
        0.6011606958580062        0.4860779201360934
        0.2385293034396110       -0.9562082158393720
        0.3257190925069507        0.6024245338141078
        0.6407209972226789       -0.4594238890379467
        0.3536628135332734        0.0184824646806091
       -0.4902148265664540       -0.8225612547871696
       -0.5453063196030071       -0.5802113767317009
       -0.2809622723096601        0.7937579274768254
        0.0116386808282787       -0.1381893835147936
        0.4771296542766824        0.0248006118785752
        0.6039906978852010       -0.3629451588457673
       -0.3398358429706846       -0.3614336074562010
       -0.0894197622236085       -0.7585706093091574
       -0.5816726501609303        0.5385682645819104
