       12.1047908232176393        5.7518693895472452
       10.2006144006785178        7.9191312245715153
       10.7651727362132590        7.7885533471992279
       11.5629696182708379        6.8995836295022865
       11.1417937080258138        5.8722613267981503
       12.1334329754193622        5.2223765120308387
       11.5377075837352550        5.6584906381831814
       12.5276078970328264        5.4409614492870233
       12.5746969994861040        5.1775392924753021
       10.8510867736276158        6.3134132619323173
       11.0522866478149613        5.1023516214456004
       11.6282772159093071        6.3886421059362055
       11.5253726849852818        6.1130374272610570
       10.4247560985015220        6.0471288972045372
       10.8165199433567842        7.4770219582982040
       12.9953305351910942        5.0086496603899464
       10.3102538680441143        6.9103613632438696
       11.8310709965065541        6.1250604770946016
       11.5665082384336415        5.2343685736631755
       12.9472944810333068        5.0630503708687220
       10.6040575534665766        7.6845042258785430
       10.6700110982560279        7.6240179322265709
       12.5979918996424907        5.5087335684110039
       12.7754289830249537        5.0327526770245354
       11.9360462728707937        5.8388963161893255
       10.2427198551863583        6.7544816189748671
       12.7047000512201880        5.4881030425008799
       11.7330287950322667        6.0681095826634790
       10.6924561482717824        7.4244387544973316
       11.5285636426032774        5.6819004048780863
       11.2061067908160918        7.2959304697274163
       11.5195713069016996        6.8466437823843513
       10.4552126545951314        7.0549311914835169
       12.1861451758995258        6.8897909741019578
       10.3243103897605586        7.3305864292089833
       11.0514399399852792        6.4372694455575923
       12.2477369490228885        5.6874562373665105
       10.6635538297550472        6.6874903283424745
       12.0203617423430291        6.4533264634804981
       12.8551681467574817        5.8554113835487662
       11.5897768140857593        7.0124959749364555
       12.1460924757359212        6.3954148635056107
       11.6508256706554896        7.4063217213174610
       11.6543577517969066        6.0554684360975068
       11.9582756328152016        5.6805529293848558
       11.0982236490292241        7.2821860834979297
       11.3803915458858427        5.2581741318488326
       11.7073596828307167        5.8676782140894810
       10.2860749664694637        6.0143635732913090
       10.7066001248477853        7.5003046134606937
       12.5975757671919268        5.2532097486124449
       10.7767967082124407        6.5905726418935187
       12.7928907028866856        5.3898064904531342
       10.8655651475372022        7.3806367070974961
       10.9830465180136354        7.3246249301308470
       11.5286800328219456        5.8053250914160444
       10.2114840726425928        6.3268008750571685
       10.7913671301179406        7.0316697259386434
       10.8600138474249075        7.1895188856099903
       11.8815994538966034        6.3987890280871058
       10.2456113091511831        7.5449302227459878
       11.4576060913098399        6.7737578743637705
       12.2086754451684918        5.0618405687415944
       11.8642905576591851        6.8707633342607712
       12.1051497211948718        5.1387844573444257
       12.4472830008256370        6.6012469041846629
       11.6766670793148624        5.7625158596905814
       10.5463914341625049        7.4189258272418455
       12.9595095333445549        5.1350784561431553
       12.0188402855210015        5.0553265740539146
       11.3763626633257449        5.3358911493452936
       12.9453158159943875        5.5346535404804085
       11.9279236512168350        6.1977709555727305
       12.7814340141399931        5.5274533930820811
       12.5225781350360901        5.8488800291807763
       12.4541491530819819        5.8528560838514698
       11.2522143994245702        6.7993728885899216
       10.6462324012460918        7.0949791105484783
       10.7990070436209020        6.0541065277675230
       12.4478128745612651        5.8617348236302140
       10.5786208228783476        6.5172503268685782
       11.1568980912213327        7.4919486744716739
       12.2817865095314662        6.9365826506467885
       10.4864670841143148        7.1014060168101256
       10.2029088660215770        7.3435556877845620
       10.2149001807091828        6.4940980785262150
       12.0473794303032022        7.1783563130002621
       12.4747394273965480        5.1174640169154335
       11.7226169319069626        6.6230866226474543
       12.4998193169324452        6.2359307174637699
       10.4220361133826689        7.7380680103319213
       11.2131956197974656        7.1103009447137193
       11.3965854482806783        6.0564218330384403
       12.0099654754651297        5.5058144878994639
       10.3346108963871419        6.2483796336506590
       10.1209540994679283        7.1609720739112790
       10.9046307311290835        7.0976155652783230
       11.2555634769608268        6.0933273849781298
       10.9981150666979310        6.6494174327307416
       12.0388044667950282        6.5149464982637220
       11.5031658119140303        6.7079177793571052
       10.4714528381112508        6.7479232997579688
       12.5773878347077943        5.6006314772244794
       11.2862936921549188        7.7018115930575544
       10.4294123272381221        6.1676475271945321
       12.3530859434216893        6.5050665398685830
       11.6761581950447688        6.8485435309067864
       11.8108816671048160        6.2305773178207220
       12.6195779926355733        6.1792460764318706
       10.3303733452596234        6.6945082409619854
       10.9924512011005699        7.5215018037838401
       10.3482611710669818        7.5525575750102849
       11.7762116752071169        5.3847272568512814
       11.4362548765777756        5.7069607916143399
       12.7766355093652013        5.5215890403638275
       10.9568994259941750        7.5539448461523886
       11.0188588282172955        5.5614422025050407
       10.3177053659887363        6.6294669485489610
       10.9355365751428639        6.6984204966618881
       10.1122633496334284        6.4032068864262044
       10.5169285064473303        6.5362445624793839
       12.5283524431244722        5.0848884449043688
       11.7012056705814409        5.2756889977808621
       10.0394877306967896        7.9250330105501670
       10.8597158490124954        6.0501195199982263
       11.1128637410014512        7.2230624203515363
       10.0209634900775946        7.2795500510055113
       11.6889950351022716        7.3583011823423661
       12.2190414469451269        5.1611288033606817
       11.6133179000639828        6.9628706145830215
       12.4896198437868762        5.0841719754691370
       11.4507121935127589        7.0582033181820814
       10.7469466157583877        6.6459449826587367
       11.0576411856074781        7.5354044976029080
       11.1527073933545484        6.0476716467872711
       12.3272848910394117        5.5017927463808256
       12.8389276861191490        5.9340127412460211
       10.6271283228609636        7.8081025616001956
       12.5665231050421138        5.1639992581451493
       10.5421849688374856        6.4623840747382770
       12.2877140040745267        5.5718615668269251
       10.3273282877030113        6.9805446299817868
       10.7841545351043173        5.7530671527097832
       11.9496820632100764        5.4638093219114845
       10.1890841792443361        6.1180551728371491
       11.6132396593731642        6.3569665001569557
       10.9549401924596630        6.3115323528535452
       12.3854237733542369        5.8957662439567375
       11.2233957517656098        6.5384032224573128
       11.2977958447399853        7.0422921178518303
       11.6849951577627635        5.1752749469413724
       12.2165891395656985        5.0073811677484956
       11.1269090132363804        6.7120670207837083
       11.0823130467451669        5.8202034353661602
       11.1534750783202785        6.7463998199936199
       12.0487439038625066        6.8635027146026664
       12.5306891716857987        6.0880954786841386
       10.6751101461951201        6.6629619907293991
       10.7938611194926892        7.0861466687616819
       11.2022603691407614        5.8850242292747605
       10.9818866482080395        6.6616846623017745
       11.3682655950365650        6.7887671856219871
       11.8606769416877853        5.9655617259330578
       10.8448693607306161        6.5619681972833614
       10.6489598893983501        6.8096906948963092
       10.2353961326103775        6.6704980593324965
       11.4856287059594315        5.3106554589990838
       11.5240873634951981        7.0672171862587945
       12.1321550463610421        7.0682991042770471
       10.3264004028492646        6.3997781258500908
       10.4623450691245896        6.9070561717988204
       12.7106950156580449        5.3560452310930131
       11.6881504013895512        6.1627275023071215
       11.8617752899027842        6.4029540127302349
       11.1685814413478148        6.4354985512391361
       11.3607558987926502        5.9704470922368920
       11.7657983451451305        6.9904938693760634
       10.8036732271966969        7.1810157872228331
       11.6361005178110997        6.6872944239300862
       12.5550828899182996        6.3289121578049734
       11.5993867494124085        7.0894016926593171
       11.7549762051982718        7.1198989011419336
       12.8207933135885828        5.8922422514070885
       10.2440849381903263        6.0614145992912620
       10.9762449676295706        6.0711955661154011
       10.9930456927385052        5.5963603104272490
       10.7923824992133923        5.8710944482715739
       11.5772889615062535        6.1697628040621435
       11.0281412696600842        6.9627503301780163
       11.7968931095573790        5.3483518224900601
       10.4594063723900668        7.0397712573113456
       10.9919250323912276        7.1285879722830678
       11.1214191820718291        5.1416609631946422
       11.3283783475495170        6.2957499004468662
       11.7989897884038069        6.6196995771796443
       10.5203383715250691        7.6900256457811373
       11.2123735862708678        6.5846186195392331
       12.0229073894919800        5.5663288954857100
       10.5459850114699147        6.0108665079973882
       11.4071829773535143        5.6570776992754785
       11.6494677189156377        5.5790031680659427
       11.9876910464682584        5.2157188004399071
       10.8561654030829366        6.5537459164145320
       12.6062410098907307        6.1327436775833490
       10.7773178023521226        7.8306166907647192
       11.7901700033947368        6.4912081571430029
       11.9588869069418173        6.2068594825775190
       12.4499167272739797        5.1261896132825377
       10.9197945970992372        6.3947578184281877
       12.1203485559877322        5.2906354215717819
       11.9326416017017163        7.0386368950984766
       12.1106999603780530        5.0364822172232655
       10.2678524882109450        7.0965623245784650
       11.6682970062405715        6.1997614251667832
       10.3993011711933576        6.9470527350970430
       10.9744552181667032        7.0882313069730154
       11.4632928682724309        6.2714077281472935
       10.1247066005254904        7.3894250802946804
       12.0959883960543788        5.2598727140714505
       10.4510840120790238        7.1911924419554696
       11.1224021198706886        7.1053184665422755
       12.1142559710765525        6.2388348841814807
       12.1198906484174955        5.1210310377085992
       11.2613903567846148        5.4414336321204573
       10.2394822572185547        6.6517872252202688
       11.8702761727939592        6.6276338828195440
       11.5986056861379865        6.4746725557353271
       12.3355640380715599        6.0022725765550531
       12.0474438797584682        6.0519978777683745
       11.0082394689475596        5.8191023872109442
       10.0829973026213189        6.8424544840263302
       11.6091481033482360        5.9360788624701151
       12.4444717191476855        6.5442984061776777
       10.7075479193339866        6.0266305778347320
       11.1301564555214263        5.8892990913509484
       12.4693161189214958        6.6025666551972284
       12.0597918944885656        6.6978556680789723
       12.7266228270455048        5.3365044760043574
       10.6760760236864858        7.8034932132331249
       11.9861229945878787        5.2050979556963135
       12.7022758857560518        5.0164185170754330
       12.8636785424767233        5.0376022385618535
       11.7929614200661099        6.7188144078972636
       11.2437300668423728        6.8442439720807116
       11.2816672825801092        6.7547661931302070
       11.4362898226266214        5.7051156020101308
       10.2113978602898019        7.4151127265230237
       10.7900154839143756        7.7966969299566085
       11.7593382859366962        5.8635245302482399
       12.1814107680310322        5.1335085185600136
       12.5606815383986898        5.1376260792649049
       11.6090059153799725        6.6619520839731621
       11.3731826021843538        7.4729175653141926
       11.1461142951051020        5.8260665622251615
       11.9836231635928243        5.4808580827342954
       10.9753792566381989        6.6626575820694729
       11.8106773682386272        6.4445864007946394
       11.3117715746126972        5.5111520176118116
       10.7442351529292939        6.1286658656128994
       10.6560725184781067        5.9714123269853099
       12.5633066742603301        6.2146414250100577
       10.8203857464936490        7.1639127560272335
       11.0997772103675079        6.8813089133897583
       10.7543796500692501        7.6588530196155737
       10.0584423975457931        7.7831129037624889
       11.1036408773600463        5.6778313231434137
       11.7868811795162927        5.4336101415774056
       11.2995342204855902        5.3759052245062362
       11.0212291148901382        7.7103025907076290
       11.8867759238155024        6.5698629892710603
       12.2386778075780498        5.9821915588774575
       10.9658938093602956        7.4620972349677928
       10.4468974781804231        7.1544479902426064
       10.9826000116328846        6.3530789622032593
       11.5398206518412465        7.3390113128033132
       10.9413948643072150        6.4036245416551560
       10.2985480747492968        6.0921542840622269
       10.2327842868646091        6.8373382582149276
       10.8821392143935363        6.1128988218443450
       11.6756346069059731        7.4686125566902035
       12.1402530490172680        6.4000022184115917
       11.8331821551225467        5.0702840567337679
       12.4278199488181240        5.0899937533755821
       11.5159794638569259        6.2177055084830224
       11.1917596297425170        6.9631888160119528
       12.4782010314458311        6.6498136651758788
       12.0911140409675806        7.0520492269571644
       11.0768811615735885        6.5749749752904272
       12.6666076930838436        5.2311935571923076
       11.6073813542611717        5.9573374420820997
       11.5501375031265301        6.7178003268415285
       10.1247264527114407        7.5884462522995300
       10.7309256452022179        7.5951114861789852
       10.9326095716438871        5.8898135916091547
       12.4374444648637823        6.1722178329940327
       11.9738659404874301        6.0850255291138611
       10.9996910515153772        7.4679402063745215
       12.3438386646721536        5.0549839503592162
       10.1847376593202039        7.7149891393987140
       12.5848501411438285        5.3087307617224111
       10.1998297782694856        6.7459503245413464
       10.7529896431879788        6.4360109364988478
       11.3057146125502808        6.9820712297182750
       11.7790269486877168        6.0096035069845364
       10.0959067590540652        7.5391663073155524
       12.3292150137960697        5.1997600801107762
       12.1116966925522700        6.5036041339279489
       11.1095770738509110        6.1371537828026614
       10.5207869955269651        6.8173844092205798
       10.2845706946696360        7.8115611288329241
       10.9011794453289337        6.8647865943135438
       12.4690242431486293        6.5583659710215558
       11.6026771596504314        5.3675672731896320
       11.5697063407505212        5.5310921161324451
       10.6220156423960681        6.5013772639760878
       11.7455138212466004        6.6924929080641178
       11.0138395830441436        6.0218063598580471
       10.9897031938109571        5.6590492772725627
       10.6843707440742488        7.0613399437358737
       12.8291985018053740        5.8817288974421569
       11.6832003724068816        6.7457667906529828
       10.5761532415371065        6.1701064622873121
       12.2694423385651135        6.8071385418351387
       11.7555221367196623        5.7857261366878543
       10.8430333905242495        7.4777488860390733
       10.0183747059822963        6.0112320163404913
       10.8985471909348828        6.2411669252126485
       12.2274933771413306        6.3775387137685300
       12.6031155187963790        5.3812415374795295
       10.1100611444897321        7.1380872871915306
       11.0419826336554738        7.0772105469360351
       12.7874990233803736        5.9809116872083816
       12.1005120281669978        6.4148342017219022
       12.4176288058533490        6.6380727703943307
       11.3646753252430113        7.4057030636350039
       10.1781432022407543        6.8024569459343862
       10.1674393683889175        6.6678074130017109
       12.1909893130006459        6.5623829098637358
       12.3359328934055785        5.0761156511570897
       11.9480750488103986        7.0879888616425806
       11.2740828619993252        5.5628466520243531
       10.4337059177278917        7.9656644746118808
       12.5427769502333550        6.1384299051090085
       12.3484935954069766        5.0532770453051370
       10.8711896432440582        6.6269989109056748
       10.2934991148272221        7.8607041385678045
       12.8128211962271035        5.3327655191651537
       10.2229313385817342        7.7205736241427854
       11.5509456550203709        5.4859078262782264
       11.6587473469540726        6.8952177685435512
       11.9871896913934854        6.3338195527481771
       12.9071860113169627        5.0416299539113014
       12.5734634428524217        5.8598271601011040
       12.6679483969237108        5.5468414174628444
       11.7721598264982532        5.3356250037900876
       11.2745157979026658        7.1948006446306225
       10.7339669342672863        7.9035515319741325
       10.6901730284571599        7.2062228697412829
       12.5574084160452060        5.0553550220409207
       11.9156410534119139        7.2994531718611544
       11.0280921795528926        5.1555054520096117
       12.1030759511394521        5.7464210292474309
       12.4213994415278961        5.4696082335457001
       10.8676999891649615        6.4536661110654592
       11.9036536661330352        5.2283174298112227
       12.8770985737520522        5.8327436240151833
       11.4123074344680990        6.5034499428555694
       10.4343299529050029        6.7775591809918749
       10.4705561096743711        7.3771436050069141
       12.9380180098561510        5.1336176264242708
       11.6384914440853144        5.7501435851623768
       10.5792109926049349        7.0507471009578166
       10.8056138699707418        6.6620187272379869
       11.2351081272716193        7.5551967361483126
       12.0220283877182776        6.5067067960784488
       10.1389014785573082        6.3153394219260370
       11.8982738860616664        5.8684579506483372
       10.1189055761550790        6.1077945469985266
       10.1331216353622171        6.1429154966616295
       12.1221739579386760        6.2574645987799817
       11.9780654569243978        6.4089560645812593
       12.5006133189709914        6.3246336036937905
       11.7757798350643874        5.7848981577745224
       11.8157531295894653        5.0531108237678062
       10.4487661478696339        7.2812754132196478
       11.0230394011568027        7.2397701560279595
       10.8069119162006970        6.1020990858191588
       10.1221522949285099        7.7011738430954253
       11.1399971093604773        6.0340758564190162
       11.6044051563460098        7.3735705420729811
       11.0127288411765090        5.2021372843774376
       10.3270439444851441        7.4917356195345439
       11.3362961231599595        7.0624709192181090
       10.8177888387108538        6.6626426656148858
       12.6646762175633647        5.0805221973224750
       10.9668652087952889        5.3623445670442900
       12.0495803531468351        7.0273834308100538
       12.2760997473082885        5.9265910122451695
       11.5930510552693384        7.0767255990223941
       11.1089725614342374        6.6790316063175688
