        0.1725502074349959        0.3419722020148955
        0.7097928368961466        0.6710803244446140
        0.4517434358762353        0.5927553592378194
        0.5788080144199604        0.6922063469494509
        0.8439213941261521        0.7108282734790219
        0.7936123702622340        0.7444061995772846
        0.3500450138389305        0.4195827686536843
        0.1524024586519889        0.3414395393360194
        0.8029775780786890        0.6659409271249485
        0.6818148156579323        0.8304144519559585
        0.6761531513287590        0.7615796613598168
        0.6591745359913772        0.8119491679463210
        0.2127305069292372        0.3603330251825137
        0.7350776971489048        0.7325280025142764
        0.7637390334624039        0.5928041892451885
        0.6067173798617974        0.5748621685682012
        0.7551530879653172        0.6662994971895144
        0.7643993958599971        0.7378631391555798
        0.7605823929698126        0.5773587022507243
        0.4893214665208340        0.5757795376295834
        0.3926309377807845        0.4061872303542508
        0.3594021205341805        0.3775744450449913
        0.7331967446883682        0.5723311979367741
        0.7215856788096980        0.7427729052773654
        0.6538202012434500        0.7336670867376195
        0.8457597769493725        0.6790016292613245
        0.8393863012451930        0.6437031640777157
        0.6972423175540186        0.5488808779190274
        0.7218224731332957        0.7704453446564473
        0.6899040564589071        0.5849538624114261
        0.7916444339671076        0.7476466898374401
        0.8368556288662414        0.7622501785298179
        0.7923381749715371        0.7784508760516666
        0.2320781889736848        0.3548496614252024
        0.7317110367742293        0.8753138391431944
        0.6585758935282655        0.7647516808612657
        0.5084311209552985        0.6224379616574852
        0.6375952220290604        0.7021120792834756
        0.4978068495933197        0.5814430555840334
        0.3527811026888933        0.4351643447474833
        0.6313829278491828        0.6684636349030878
        0.3649790193635403        0.4774073229719065
        0.7269517371976840        0.8387764782821902
        0.3662446342454035        0.5286433389274116
        0.4476623605386976        0.4901749105363294
        0.7434115799990546        0.7488082678561381
        0.4721811712503773        0.5721682522722191
        0.6320803917865746        0.7743981840698745
        0.6643726638572915        0.5825776556790214
        0.6088056769280070        0.5091997330290323
        0.4389477633926376        0.5364472562074528
        0.7841088405951123        0.6186888854487690
        0.7092857424642687        0.5835209353415803
        0.4276622166224757        0.4332282201089610
        0.2264803835532995        0.3578541389487789
        0.5882286010050315        0.7113181127118970
        0.7063934816333168        0.7321453329413999
        0.8156979407920739        0.6243071098604975
        0.2649920964183402        0.3937962787894021
        0.5197717147104091        0.6629269210771257
        0.1592523610108606        0.3393056151936122
        0.0784274946629108        0.2694463496716861
        0.4815392137969032        0.5204136196317873
        0.8247423110082399        0.7969854566273170
        0.8277969168354655        0.7271911228060628
        0.8556904210446915        0.7326555249987285
        0.5969100599651778        0.6472536022161214
        0.4248134155113598        0.5374578912176906
        0.1797368337782257        0.3066735431627572
        0.8743262157823114        0.6780698062867049
        0.1378101011481413        0.2830903070491428
        0.4143908584501750        0.5218404585564073
        0.7809670991567486        0.6866431535236268
        0.3462273423988356        0.4232847529823529
        0.5013010362708696        0.5105143231092849
        0.7009355798859601        0.8532808451720404
        0.5894855685976035        0.4937940196283874
        0.5773219912706646        0.5073477445143136
        0.2429828147348531        0.3195793582022591
        0.6955893934655062        0.5889538789244956
        0.5783172057175233        0.5582397329803992
        0.6583175404084428        0.5155992002734787
        0.6034245797701623        0.7242797894806193
        0.7706878918541328        0.6592497489818091
        0.3969102697095787        0.5067656366823494
        0.1301936358448356        0.2852082946127734
        0.5442437479121457        0.5284417781376091
        0.4051086936351859        0.4058838232475770
        0.4484785786225985        0.5204361350069638
        0.4287105267006578        0.4668049178625966
        0.5261010785769374        0.4987975606399539
        0.1750512391924296        0.3005462990192745
        0.4217318855733342        0.4432752109342472
        0.4336725103992640        0.4273690978907718
        0.2547706530480212        0.3845540503472937
        0.6997516384316156        0.7318751511831054
        0.7884199598497081        0.7209816671634438
        0.3743108182933889        0.4962403111086795
        0.3465821748796437        0.4475936915021743
        0.2920738025773231        0.3511603256982627
        0.6025783458814440        0.7323544940451895
        0.2926709179508085        0.3591842652626744
        0.7336057186700029        0.6411077164638639
        0.4929107633056365        0.6457440265568741
        0.2957064531032007        0.4381245938551053
        0.3644597827960561        0.5353580366711559
        0.8099466553613575        0.6926010378675649
        0.7090111533651654        0.7403712312461714
        0.3481917889469274        0.5104835125370653
        0.8652516555516921        0.6273408954070172
        0.6486550725287750        0.5160852782204363
        0.7656316377287078        0.8210074908239589
        0.7900724140802331        0.6998148224851213
        0.4458568979428768        0.5034446251105497
        0.6102468324248158        0.5799014176317424
        0.8614226109983623        0.7137933281144195
        0.6041454754400433        0.4949522701980854
        0.5049748862780394        0.5112800468017081
        0.4364824918899782        0.5732482264099115
        0.1260874422950718        0.2890761693047018
        0.7487708123395732        0.8952027434230534
        0.4404651054475491        0.4461614323034508
        0.3593068951059102        0.4084881611700183
        0.7433664814717014        0.8172755358829007
        0.5399254864611376        0.6869378362833939
        0.8264236765763540        0.7484960708141652
        0.6284594457502906        0.5235060485352282
        0.7688962369071106        0.6284541708460241
        0.4757808274621445        0.5407703455451366
        0.5472933918973087        0.5456777364612350
        0.2574251402173729        0.3395254547220521
        0.5326185918855085        0.6202578365310475
        0.8698478411389132        0.7283026913600411
        0.6721853797235554        0.7490975112031227
        0.6895893796971498        0.5998676181892877
        0.2450078859179774        0.3247456919784969
        0.7323153588557501        0.7088907859860303
        0.5472393584241525        0.5465249157179644
        0.6386401597591669        0.7610303543596980
        0.5059107225254339        0.5064066427495963
        0.4782969251317417        0.6357575430607937
        0.8184719119736508        0.7757859978079172
        0.6147159898270418        0.5003471912760117
        0.4468586087314766        0.4503478611556960
        0.7771018056310852        0.7759670054726429
        0.4056055195081510        0.5651802729794044
        0.7219049630513159        0.6489177652493552
        0.5999619812317980        0.6202437838082925
        0.1867483876648336        0.3677783281440416
        0.9024258504029378        0.6386437102037404
        0.7570800010086656        0.7723533094763460
        0.3438507011811665        0.3774335682097210
        0.9210812200509682        0.6467922058272213
        0.5561274234802013        0.4973070118310646
        0.6295923814088555        0.7595783543390267
        0.6633747913226715        0.5389978450593691
        0.6838962467347223        0.7476091583328710
        0.6644295316477234        0.5975140566584263
        0.4479311410254668        0.4547563050432254
        0.1915188954001408        0.2947663155213799
        0.4419673895531052        0.4853098786317886
        0.4824987987116077        0.5333441219641389
        0.5957262514861622        0.7509604434297275
        0.3697092918738800        0.3910947842052118
        0.0759823075216451        0.2566194491329896
        0.2650778792659033        0.3533441347606990
        0.5427976420225039        0.5410672189582856
        0.5161697925209676        0.6543725931665532
        0.8233528662252674        0.7040001925400139
        0.8388594882929636        0.7549692599435380
        0.2171075783274921        0.3622658585037729
        0.5518995999704837        0.7088009837923916
        0.5282909615622265        0.6646500374579998
        0.0666342777115068        0.2394634310652743
        0.7134954806964999        0.6291263348468723
        0.4695742380811654        0.6342888260560148
        0.6217812401877321        0.7241286439327822
        0.7936466753197364        0.6503227141586247
        0.6703845114293809        0.7414094326094260
        0.8512286997585342        0.7509035307764096
        0.7217475784593029        0.7788223673787705
        0.7900173821186094        0.6502808839215839
        0.7288790062448350        0.8019661137662263
        0.4204325852195946        0.5257846196696709
        0.0990946014518278        0.2798543116311311
        0.2400443884243747        0.3475192179449177
        0.5918250420351561        0.6272030267633681
        0.3191583943579585        0.4686333910142278
        0.2184812108131062        0.3741913426090533
        0.8265292198190046        0.6834614672466743
        0.5165092162056716        0.5466541723984794
        0.5550104901087998        0.7098808759969807
        0.7118120956019480        0.7452495078580011
        0.4540033688886143        0.6111737438413443
        0.4274374434033672        0.4337041988404815
        0.1106807215701814        0.2670226895395140
        0.5337048787371619        0.5710508181949390
        0.7812297320122317        0.8294708204397305
        0.4268240669572061        0.4908955707853981
        0.5118891778758425        0.5154973961186577
        0.3855342928154875        0.5359012128643166
        0.7638601145241151        0.7519857948464703
        0.7402247492882110        0.6943225276040086
        0.7210042294926434        0.5681849570273411
        0.2555552486151468        0.3594049798886680
        0.8284481794198769        0.7778310589919237
        0.5163960908972081        0.6668557415685075
        0.5446676229385650        0.7068324722214800
        0.5830516142081357        0.5466672351987655
        0.1491941869514777        0.3223554636724981
        0.6577136692385329        0.7229512714712574
        0.5956828825179631        0.6852349902977671
        0.4798008857343480        0.5311630987669211
        0.7357982291723897        0.6217018230331884
        0.2927812375801656        0.3749308878716311
        0.6188318364188800        0.5984988466021554
        0.3377953050994200        0.4798259622276613
        0.3789557664520177        0.4351769269154716
        0.3829871694904703        0.4325719934355267
        0.4898464722824242        0.6508427513630126
        0.5840710830830667        0.6115618932929688
        0.8333155722411009        0.6967068790747155
        0.3738253884036661        0.4077767682987666
        0.7255609359025634        0.7315650082429208
        0.8833852650449916        0.7105947042731869
        0.2585038260855790        0.3248257320094965
        0.7163517315675604        0.7275862304677461
        0.2961732609186397        0.3680580184927004
        0.7683680257137333        0.7122407243743185
        0.5126008907692350        0.4872235687805001
        0.6123224453141839        0.5679505570316239
        0.4145608326607568        0.4764104648338351
        0.3346937761034005        0.4879922456932295
        0.6544333691314171        0.5297141886184400
        0.8521189656007098        0.7266942861437113
        0.0954062313806556        0.2869028559647099
        0.4138427748529254        0.5324658713845729
        0.6266195000513739        0.6620439146558433
        0.4883716234089938        0.4480391208079041
        0.8230887917870673        0.6552149158590297
        0.1897492100442346        0.2978563468942538
        0.8546456292646187        0.7603713492949087
        0.3569541598677204        0.4633718152823231
        0.8156403078445490        0.8050540484758701
        0.4620050234870546        0.5644286042520688
        0.7026631806025675        0.6879868824287938
        0.6386629248742401        0.6161891275310704
        0.7792592398011789        0.7262001421516300
        0.3988250023166797        0.4755256778205006
        0.3184064195048923        0.3580893405302572
        0.4153915973395671        0.4633850838117660
        0.5639871496347375        0.7238955865084062
        0.8687001223001838        0.6394979158970653
        0.5951552526095709        0.5258796091473669
        0.8304383351276516        0.6465116624103671
        0.6537288557981593        0.6811575646737023
        0.5731646366618618        0.6496605635052721
        0.6935827189300365        0.7621005765488585
        0.7607814816569720        0.8142089662486378
        0.5158028593716909        0.6278374045894891
        0.7324384496940435        0.5888716579061650
        0.1957629236375183        0.3585522448002553
        0.8005872107086951        0.6644472873961311
        0.4080916485211363        0.5489154632347757
        0.4339311795809372        0.4661236410297542
        0.5544769453184193        0.5723620016834768
        0.2488652413447044        0.3529581379877783
        0.7329809405305004        0.6293177648726854
        0.7616464587384750        0.8715007034908260
        0.2595067363069886        0.3640139307010780
        0.3981805507270901        0.4062640098679023
        0.8083461866722128        0.7898124076669581
        0.8093037386204029        0.7673705990344308
        0.7343134794552305        0.5855524432245625
        0.6029387499529909        0.4977281330587935
        0.6725271109404549        0.6140898167605040
        0.4710004981852258        0.5935247516158338
        0.3501642531869665        0.4542238061302659
        0.7621264165492762        0.5958927113901258
        0.4073840032314048        0.5131586436447728
        0.5962993470550151        0.5342915236836979
        0.4856110851585775        0.5356891361190869
        0.5433872511455824        0.6064019598950084
        0.7676932797141781        0.6110528846242493
        0.9068470674924195        0.6679051793350503
        0.3053803148881695        0.4017621577952771
        0.5606946464544875        0.4812659107980929
        0.5673757285289824        0.6316596104121195
        0.6599422657200164        0.6195946097344597
        0.4417436641940573        0.5737831485704868
        0.5909931861547160        0.6737530491509069
        0.0278134146051835        0.2157969488265709
        0.6553714300347947        0.7930242167111256
        0.7851538031274308        0.7769100918159182
        0.4422421588921582        0.4844790262317191
        0.5467712071583644        0.4638868494487003
        0.7850593449925469        0.7993445778781335
        0.4929306543943127        0.5785751480410452
        0.5558658916632978        0.5325216501830968
        0.7553024949527818        0.8278819663152364
        0.6321873426416618        0.6264306910836328
        0.2244048861887485        0.3589877511666284
        0.8033472850150222        0.7548415341710717
        0.4770884544801337        0.4825159193352578
        0.6715675980925830        0.6313691540210599
        0.7596351135038762        0.6609871355259763
        0.5055049466822386        0.4959020537518468
        0.5811515948503703        0.5071390892619599
        0.6095878834954948        0.5110476839612876
        0.5256792915990143        0.4720386119189438
        0.5147695296113795        0.5169630250440425
        0.4407194002185844        0.5684372834656486
        0.7112638015140101        0.5828989741247350
        0.4132209407580325        0.4469989904857531
        0.3641813284754359        0.5023778662772150
        0.5864968678238944        0.6128163414520070
        0.0738367769403767        0.2386427140625241
        0.1084914337465839        0.2830137545453689
        0.6105688660005244        0.6905932985742783
        0.8112674744529547        0.6835430650973662
        0.6108137066542387        0.7265390440069677
        0.5858943944294712        0.5256685765974292
        0.4400770914392582        0.5255822615316249
        0.4711207832863500        0.6094538152146629
        0.5780707660818285        0.5334054451319206
        0.6139782757577730        0.5738709758050521
        0.1185598725872748        0.2562928492106775
        0.5210837465929948        0.5381076902519584
        0.3652959261131024        0.4873408821104641
        0.6817481453015863        0.8158801145038639
        0.7516638669367557        0.7026267781934299
        0.3854884059701406        0.4854787758899761
        0.1342057482590938        0.2882796641940347
        0.5475371508954497        0.6657253805977670
        0.7670760175459068        0.7535190780937845
        0.5166636511593911        0.5727729275599958
        0.4347803085206597        0.5077455232163003
        0.7950298677559853        0.6066889536251551
        0.7843188912516594        0.7993934433724720
        0.0977718972178920        0.2858936486988416
        0.2896977923074154        0.3412679133259702
        0.3599242066750958        0.3841329855344298
        0.4041409887983468        0.5697402887742457
        0.8449630162314763        0.6960774469708590
        0.7153939160085153        0.5675019229750642
        0.4652751304140339        0.5095672051637146
        0.1788329781003188        0.3308023303259737
        0.6902171494367761        0.6298772380700384
        0.6585328389222531        0.6234035590882743
        0.6560771919108830        0.6909871318410121
        0.5949522881826979        0.6663659579552939
        0.3952155585332922        0.3950616327823597
        0.5999241747449111        0.5669851521714813
        0.2518487208794411        0.3518585223536903
        0.2666759496131531        0.3935422181586107
        0.3202810042103038        0.4729792134667269
        0.6339309415766448        0.6963643683909658
        0.7189365359593451        0.6029295387848297
        0.6598503086809391        0.7932705191920366
        0.3539690321248565        0.5184615597613269
        0.3099464315501173        0.4510148688228378
        0.8277804964020006        0.6832610812271681
        0.2021408667854232        0.3874133321202905
        0.7701195172117272        0.5989559266637454
        0.6655575618673044        0.5801214419578643
        0.4192413612708401        0.5766820826826828
        0.5193484575409205        0.6589734350231516
        0.7663990339740159        0.6031210865262372
        0.2136147782961239        0.3033876109930360
        0.4394804099632121        0.5640420903658672
        0.0885511624865161        0.2817343868520721
        0.7209563535460755        0.6828476550056490
        0.2438273322716632        0.3877137837643258
        0.6970972667870807        0.7660864984260779
        0.7296880624871657        0.5893874404833637
        0.4569131737704347        0.5966205146970803
        0.6360144738511138        0.7072072289983625
        0.6748015165484164        0.5327973358912491
        0.8385296984418062        0.7830578514554667
        0.5207647977091395        0.6837090966527073
        0.8418934944232352        0.7685216206281563
        0.3200536656746593        0.3968616109592348
        0.2515984959647756        0.4332509783927689
        0.5035551643611355        0.5418035498039828
        0.4655269223895988        0.6153769017383242
        0.6278353251478090        0.5926973763748684
        0.2496981848236475        0.3814443227055196
        0.2663511444447444        0.4076890283792720
        0.4412527799961393        0.5986623881770393
        0.8467481254068117        0.7127507596434914
        0.4839851096047993        0.5975575486776207
        0.5478577102398365        0.5858041943383494
        0.4864463038993890        0.4937151235677688
        0.8266194170191578        0.6270217758407653
        0.1481361387316208        0.2950278320377309
        0.8766601796552087        0.7280673167424074
        0.3383783284505071        0.3830098325580417
        0.1791233758646223        0.3635726628240099
        0.7594321508640509        0.7471930600734560
        0.6722696504177228        0.5572078042609518
        0.4039308890611001        0.5124092467588643
        0.6693663006723680        0.7764983230888899
        0.7883655643714669        0.6250600729166650
        0.4005723012275234        0.4670063626293102
        0.8347382517591064        0.7760073895251268
        0.3750575848238350        0.5057337874548627
        0.6931390797892771        0.7168531902739441
        0.4375402236697071        0.5694892616509245
        0.4760426414873228        0.4672569595550299
        0.3928651252626456        0.5050024412535554
        0.2348576845977951        0.3969811861618954
        0.1631546255572121        0.3339386261757947
        0.7789748060579159        0.6287146314055565
        0.4145692049480263        0.5663476245694247
        0.5986250279254464        0.6799966527834761
        0.7731839712572079        0.6749365509722607
        0.2959656735812722        0.4582652329004610
        0.3417534577779868        0.3791790818006406
        0.4345614085709551        0.5536265033228338
        0.7953686400213658        0.7381170483300374
        0.3957037885084376        0.4299234117965783
        0.4420822487513728        0.6053238074672597
        0.4481334654241831        0.5497133048864704
        0.2153712413860361        0.3146394676207529
        0.3700118188284059        0.4973282941781387
        0.0909682074867524        0.2591241744029196
        0.7010776825978530        0.5768284685506770
        0.7094420114597488        0.6293225771794120
        0.6875486972483935        0.6360401938045216
        0.7539344208796920        0.6150047737859702
        0.4822795274435925        0.5928687604237335
        0.7435600090279663        0.6653991757854782
        0.2534789933578190        0.3391002348600860
        0.7841833395558915        0.7661371236812841
        0.6532116784081715        0.5780185625257512
        0.6933869707572552        0.7787171899735830
        0.2746320719032161        0.4492754227949151
        0.5871589920509689        0.6668534937981896
        0.7202415562520130        0.6963127286926449
        0.6998081441295788        0.5695479341116761
        0.1644822726868339        0.3007041713309645
        0.6754309307185649        0.5368828307000723
        0.3058828072884238        0.4054216585175525
        0.7530054163608328        0.5676356918400267
        0.4931204061302795        0.5030079446222272
        0.8869976680127292        0.6856126493587691
        0.7863576735054313        0.7919714028501033
        0.7270494920106843        0.8693514237752303
        0.1593006613961952        0.3010442728229110
        0.4431480929560896        0.4809098824955194
        0.2947280398087272        0.3876014013056102
        0.8245360989839503        0.7610888579716668
        0.7292920172304357        0.6287657929127222
        0.6812284989697039        0.5241757679575947
        0.6286620467342769        0.5820158842766538
        0.7945060045584649        0.6424265367975168
        0.2785117302879748        0.4564104798012446
        0.8636871459840125        0.7356167566015219
        0.8798290571909247        0.7013010513811085
        0.6324218121570301        0.5259574652502111
        0.7396648225740026        0.6456148560935466
        0.1411787624228030        0.2934955469353865
        0.8180160868903443        0.7560861129149391
        0.4104295397870807        0.5268914884511311
        0.6432479192294873        0.7406507020623954
        0.5014895985273921        0.6347239482751090
        0.8887702785249314        0.6686808631463050
        0.3596008982294491        0.4204968400182437
        0.6121663261334366        0.5807170109436424
        0.4019025856821615        0.4600804841192193
        0.2908778346286046        0.4449423307268129
        0.5833490824802963        0.5299234220859934
        0.2749415801681795        0.4008448533246945
        0.5195773814727329        0.4599837927390706
        0.5110432112011059        0.5975373683376874
        0.3615702820502223        0.4823520653320915
        0.2526548370005033        0.3458804636499873
        0.5435566834894070        0.5496682830069650
        0.7805930177807459        0.6812638544505734
        0.7657337917545579        0.8673640595847105
        0.4938174836676832        0.6543553228872829
        0.6442375140934631        0.6366020140977451
        0.3153157104515676        0.3563995038207307
        0.4751378687303280        0.4412968810813532
        0.6330311118317513        0.7237040167376407
        0.4541225589521516        0.6081986080814504
        0.5621145542633775        0.6049102678142300
        0.6292701695547230        0.5190814503292832
        0.2185574847815809        0.3726341921951282
        0.5652325151423814        0.7174657036029531
        0.6549855377831291        0.7714827568438141
        0.5252715892627582        0.6867465846757030
        0.8837274473189489        0.6970108725187995
        0.6602509217664712        0.7684067111617527
        0.7228746953483693        0.6832748832181821
        0.1278740008121330        0.3165647733410352
        0.7607573822883600        0.6154382749915563
        0.7406530860772881        0.8681274272602706
        0.7878389845468128        0.8214009370527344
        0.3905329612870400        0.4857973179896654
        0.7851048753684298        0.6706518132653848
        0.4304647258327739        0.5448138047871530
        0.8605651875483021        0.6105925423993720
        0.8649130730142550        0.7025095014447391
        0.6229709159932217        0.5066886982850665
        0.7287499550176593        0.8781395716735243
        0.7520352431348547        0.8649061915086975
        0.6386760564469502        0.7924622636507107
        0.8182689017199586        0.6896004802610027
        0.5366802303579246        0.4808907996261084
        0.8087521139717417        0.7241098235064939
        0.4174791877880560        0.4401148847501001
        0.4677909079239612        0.6015338101588963
        0.8084508013862560        0.5978972607871778
        0.3650955892907111        0.5230637052169959
        0.0379563029476763        0.2184132637901575
        0.1656475201164773        0.3138647521521455
        0.7324215636748886        0.8577611473214576
        0.6217714242107730        0.6215246093473821
        0.8768891567365087        0.6191226884691395
        0.7546379115626995        0.7968464161040509
        0.8182166188305635        0.6836238734229240
        0.6588813547775454        0.5857413150433813
        0.5590865369273269        0.6259456601223558
        0.7635515439845693        0.7363896311749404
        0.7615777345654858        0.7747199647076991
        0.7455858361133102        0.6657894463206884
        0.9151153542027131        0.6416812162675321
        0.8527971501596273        0.7541071269023040
        0.1024354957397279        0.2936076209006572
        0.7941373001210343        0.7368307329936142
        0.1507356641610712        0.2849555616020165
        0.8663444068240056        0.6724587348478684
        0.4973036941204235        0.5791487035145203
        0.5202806486032532        0.6073279241754224
        0.5106602535060563        0.4517417219246522
        0.6599577141088266        0.5776711958759504
        0.5289809074214146        0.5096191764791423
        0.1950152402024624        0.3794647475149405
        0.7849110615060707        0.6474083910316017
        0.7505028518327052        0.5717396307509687
        0.4951383234346415        0.5311817513885855
        0.7478428327236731        0.7822475972332039
        0.6635472475369472        0.5436547600554125
        0.7218245683587242        0.6244605486307730
        0.6810280278505974        0.7110458585119175
        0.7920480103638403        0.8307553118740230
        0.6018926642398986        0.5713451781547225
        0.1415689023726325        0.3265309587314426
        0.3892941851542245        0.4653223786338208
        0.6196865541963436        0.5366203681193873
        0.7951782137342063        0.7382577226760759
        0.5246187712997974        0.6866858627464928
        0.7003761835599582        0.7390851791015079
        0.7977703406207055        0.5893264791344025
        0.6376391078289743        0.5188485950950381
        0.7873473062334181        0.6487472104966769
        0.7283208905862543        0.6193579734308504
        0.8300692952743958        0.6891695921334354
        0.7292839901378787        0.8021418461834771
        0.2361974003000366        0.4032969024775550
        0.1947554437421961        0.3591299258697562
        0.4651041216380212        0.4895111611943486
        0.9245791183283764        0.6546970032271078
        0.8808122731995023        0.7166382878924427
        0.5955634687855231        0.5732177705784607
        0.2381916900846209        0.3205031265440356
        0.3587528986172295        0.4671645013225396
        0.4894599453344236        0.6214085229184952
        0.2618163699364074        0.3978649357588886
        0.2827838456424626        0.4393740877702775
        0.6540658621652705        0.6901889270236585
        0.6261040677969103        0.7149223990439911
        0.6510022227651809        0.6171308255016381
        0.6818725359287349        0.8090978712829370
        0.3700843262314560        0.3811730240890682
        0.4975631039478713        0.4839066650630313
        0.7228760933566867        0.5497647363607675
        0.8251264373616365        0.6961301841397023
        0.5486686782721177        0.5017615082856348
        0.4686161081018707        0.5498271871040736
        0.5745080333642664        0.5568636172431332
        0.6255451548273246        0.7653215193063495
        0.1269370978163644        0.2932760606540201
        0.1119254997334951        0.2641017909061616
        0.4053552432600769        0.5022472907973677
        0.4764077161415833        0.5357960195603753
        0.5532636057704521        0.5027397557151367
        0.1497129063670326        0.2719091535513781
        0.3544092287248496        0.5045602596559090
        0.5842521256491056        0.6900762216682480
        0.4727602881166090        0.5942476983083905
        0.7010828719447755        0.6572193726091895
        0.6297068576938463        0.7359494192045457
        0.7695161346426717        0.6470718224187112
        0.7929972202461788        0.6548380021157806
        0.2459882752518728        0.3486621852550462
        0.7046616631781013        0.6614173131206891
        0.7745129691014949        0.5772850409178901
        0.5407597313702469        0.6133907925551194
        0.5851362247678823        0.7429587347680117
        0.8540300151297067        0.6878577248248761
        0.5787887975332311        0.5933172207456460
        0.5009428086303314        0.4384584511085832
        0.3929006599743754        0.4396655770912051
        0.2032015578659173        0.3587031120062159
        0.6472099726828101        0.5229598293154029
        0.4373273806286836        0.5472441490214459
        0.0670568660982542        0.2466336491578301
        0.8462817930723650        0.7620595951424957
        0.8680809901583455        0.7471763030693398
        0.8010941592198599        0.7458674215737977
        0.0570381069664114        0.2419130844803637
        0.1656940908262426        0.3293012863426963
        0.4365400171010158        0.5886710622226639
        0.5743999248344008        0.6257994840186468
        0.2905604031135512        0.4181503382151806
        0.3878096172895845        0.4504171733715074
        0.8112703713783904        0.7594540721353606
        0.4794524758868479        0.5074308371413174
        0.2057698966085261        0.3659187354270643
        0.1230830257731240        0.2955617926847549
        0.4064108927887927        0.4254998418370262
        0.6399041713867520        0.5294644532323722
        0.5448294522790640        0.5778968260224948
        0.7420030701639641        0.7222112382493747
        0.5467890107806209        0.6475604485573663
        0.6758903120513755        0.6591945778014160
        0.1495043186087034        0.2855208297517031
        0.8166152671487369        0.7196368769696363
        0.7760342427636884        0.7088911063412922
        0.7424124930663630        0.7252075099327299
        0.8477192064860359        0.6564764020156091
        0.4438831169001004        0.5325170414133400
        0.3731116615775197        0.4213379548516106
        0.2467059181963148        0.3472775248821102
        0.8270259545037033        0.6308987182618131
        0.4709552611178912        0.5192259124734915
        0.4438236516101891        0.4783109801477338
        0.6038877743799731        0.4896223416218786
        0.6420608117906150        0.5236491575411633
        0.8597125992864725        0.6763664133854751
        0.6464805966689579        0.6170354295482041
        0.5243896120170219        0.6133966270779251
        0.4176415989665853        0.4705115268096308
        0.2441112334323633        0.3634831794382135
        0.8518383457745866        0.6747138035251996
        0.4319428842132892        0.5011587420228725
        0.4171847017737621        0.5854907979588684
        0.5575717958292851        0.4859506067973025
        0.7406147052204860        0.5994044996685313
        0.3282791217387366        0.5052715708931579
        0.6065636177596068        0.7589452112872379
        0.5670477534529946        0.4977817292258557
        0.6430019381479968        0.7811082692558808
        0.6342426265344787        0.5022412551787350
        0.8550149324085149        0.6587550019547814
        0.6676207674269631        0.7464246814400642
        0.5265251544312839        0.6385972549525222
        0.2005917106990351        0.3504674290097658
        0.3770547411669908        0.4818945153018471
        0.7504161824183653        0.6595542570478858
        0.5095359858995273        0.4508087709786959
        0.6121559231613932        0.7231064944227561
        0.5220152009035731        0.6728876018191835
        0.5036225242919988        0.5195004010864679
        0.4022826349732248        0.4531734457687181
        0.8145461259443452        0.6087908985055055
        0.7990766339672327        0.5899343578261703
        0.7007076651352900        0.6159793708697772
        0.8845647180310037        0.7110688410617807
        0.1344289735677681        0.2822508920227528
        0.5221913684848762        0.5953883574949191
        0.2850194825268010        0.4305364664102680
        0.5103237514035531        0.6541792363740306
        0.4470402101200921        0.4541162778412267
        0.5121681058030236        0.5015054063623194
        0.7630213112158446        0.7811007069165719
        0.7281963504062350        0.7285618101470148
        0.6015673911750283        0.6306125651398434
        0.2897666528260295        0.3936106496459459
        0.4602676748208541        0.5244046865307231
        0.6555524418847234        0.6130975080365002
        0.7392622958824409        0.5962231011039845
        0.3944559486687247        0.4106292230349105
        0.1773713782859411        0.3196690079455505
        0.6117436337587755        0.7416505634560782
        0.8263141088678124        0.5950496995923720
        0.6860130344486172        0.6306516666250226
        0.3778353352833898        0.3918478256053118
        0.8678255966595025        0.7145571008687335
        0.5649240203311473        0.7040133755507614
        0.6354369580738354        0.7807255904629109
        0.2459989531388435        0.3850956509289220
        0.8576799781040633        0.6085482796614923
        0.9288653786799824        0.6715560053463332
        0.6827742944193979        0.8242446153111905
        0.7240836317020826        0.6041918205470018
        0.4696843206598957        0.5125318395200962
        0.4161790424510924        0.5027452674916831
        0.7399765421129356        0.7623616207055577
        0.3873610391181276        0.4847937456480502
        0.7276152004570737        0.5906152085484933
        0.6668362723320085        0.7925256743117740
        0.7179759301811484        0.7885087861684835
        0.7465509644172142        0.5900322554714430
        0.4269080368166471        0.5581294751944400
        0.1450661716347736        0.3246914041181583
        0.8550103419137943        0.7321416357967458
        0.7394406065942221        0.7866150365405631
        0.7235428403488089        0.5735861784595002
        0.7893025736952420        0.8284388136754514
        0.6414903932268685        0.6731707250228536
        0.3937502776606883        0.4830409728794446
        0.6210890414126691        0.7007288345942818
        0.6777071026030729        0.8194716160283023
        0.3860056874934890        0.5010088520805520
        0.8152877640656859        0.8132910108498455
        0.6797179810878283        0.5378562690126274
        0.7434863117671945        0.7398467406166320
        0.7026334318079325        0.6392983899736608
        0.5868353404595194        0.5466134002602990
        0.7158696759584073        0.6399955307224152
        0.6173915316734571        0.5458246047077568
        0.6379739488943816        0.6698693343652204
        0.1822165781092980        0.3311513966824610
        0.7769132302253798        0.7097409714391956
        0.6902902252668114        0.5700481581267730
        0.5781809739059104        0.5319033122498675
        0.4314273266844424        0.4337823727070093
        0.7340428706367998        0.5994365786555319
        0.5677675774209573        0.7251127442751317
        0.6884047927080592        0.7962517009852510
        0.3820840130205213        0.5509353963148328
        0.3885947301831175        0.4982585440325139
        0.7286240730579230        0.6998634979001013
        0.7141122844853346        0.5823579754300248
        0.5765813499381275        0.4880040187980138
        0.2981436184546997        0.3809914303860333
        0.8622156487252335        0.6215871473520344
        0.7752307051373767        0.7334791552017763
        0.5752970622596798        0.5363866694865764
        0.6081666800539214        0.5680798165526726
        0.6796200104232867        0.5776414941363884
        0.8686511321948849        0.6341018997897592
        0.3626511409210780        0.4305206471978398
        0.7760400989898892        0.7598508580241992
        0.6034581363935603        0.5788403596065748
        0.8051373825636168        0.7295070616290128
        0.7303119768715459        0.7216283851462237
        0.7723792949027839        0.6411526436511464
        0.7413573680409868        0.5773288586241682
        0.7147664630582631        0.8100634332804810
        0.7130925488040206        0.7654774279709562
        0.7170899363739769        0.6820303800278584
        0.2096567449490105        0.3651512393149446
        0.7759445572379061        0.8401728223529432
        0.5836408482352987        0.6537116382615377
        0.2624425746350125        0.3473816679604459
        0.6109566282838200        0.7469225648391408
        0.0505993137275237        0.2343724917200505
        0.6660169088808783        0.5525530004800537
        0.7312848637909914        0.8552845205192767
        0.6027869487504820        0.6869736471498018
        0.6599523526885617        0.7680979082013309
        0.9106953061791767        0.6877482065251663
        0.6866908591387433        0.7484998434120729
        0.7715028500040366        0.6438078490890787
        0.0905794847537683        0.2742279750236662
        0.0584809087098216        0.2324102198008439
        0.3525569716922979        0.3874010844600881
        0.7595418054882718        0.7380904109480062
        0.4686486039488559        0.5353637463501704
        0.4020389142173722        0.5354348310859686
        0.8039463403799976        0.7211538546410114
        0.5595164268422446        0.4814723913925300
        0.8390131464362718        0.7389899878796382
        0.6948134467418885        0.6675929449667461
        0.6156589820892024        0.5791755793688551
        0.5627309242421568        0.5921529845460545
        0.3925111473691807        0.5511497861662382
        0.7169452432814741        0.6215965548741951
        0.7730077921683225        0.6756441175208379
        0.6697691095428837        0.7070964859933420
        0.3394380932841342        0.4951180233112597
        0.7856005642419777        0.6368010380579856
        0.1924753827069294        0.3508716552346560
        0.5481973195546643        0.4712639443435999
        0.5893274526146893        0.5667879269945244
        0.7174744075728400        0.6030037867541749
        0.6702194969248577        0.5930998690520424
        0.3144849516283033        0.4480681461045968
        0.2885357431035954        0.4668741065814553
        0.5299082371138558        0.5659558801893774
        0.6191935291206562        0.5613073820945339
        0.7655957372923512        0.8176415853560797
        0.6752280156052224        0.7149853527946201
        0.7887461804479148        0.8092544936200329
        0.5295986434874299        0.5616653565514511
        0.6559115958011602        0.5443349692200548
        0.5445171797731003        0.6145392343620291
        0.3881204840862847        0.4424272303908574
        0.5711218890636479        0.6877847491084385
        0.7781378480664471        0.6738092631296082
        0.5524859522119514        0.7081652091722519
        0.6671280585585730        0.6412086026140227
        0.2549838352534434        0.4304794256266678
        0.7031894197669584        0.7637307135953993
        0.2996602141534481        0.3460589270614322
        0.8016738689950744        0.6820914553044328
        0.4619474906914864        0.5246429315382574
        0.5037078619383397        0.5167625000282209
        0.0706178274693100        0.2636200173225981
        0.7881025755702441        0.6250965829036469
        0.5276858565819177        0.5493421129330083
        0.5866413864739305        0.5958739842626554
        0.7236936907350695        0.5868458331398000
        0.8479262065954885        0.6502730164774202
        0.5486531637010521        0.5921183438631789
        0.7280903163974052        0.7656284795752075
        0.7314808730600566        0.5925053798452369
        0.7856985466469321        0.8347971799048540
        0.7535625451259123        0.8571492366781490
        0.6215689256024207        0.6101811163560642
        0.6782913250086920        0.5734559151625591
        0.4753010340530608        0.5211978842104490
        0.5600000210195746        0.6850283163840464
        0.5671227317014023        0.5964062238721268
        0.3981870397171314        0.4389021097408465
        0.8374239616922634        0.7287958199149940
        0.7488920918894083        0.7480943949731595
        0.8694250385712567        0.6567173750263677
        0.7327683099707223        0.8062630192920978
        0.7819679535999893        0.6173705304468617
        0.5381452651285380        0.5268099714858050
        0.2378040530176455        0.3844287138828937
        0.6399322910653726        0.7332975892091672
        0.2316088555801522        0.3353615714466970
        0.7428791681973665        0.5910180886630166
        0.6366421713201083        0.5460173201414089
        0.3259412833601283        0.3758560260456380
        0.5702089430022002        0.5875769352880266
        0.7038925670129801        0.5474838741996526
        0.7144467292847727        0.5672245971147251
        0.7596223365264885        0.7181096251034371
        0.4353742447314030        0.4781572033306465
        0.7839988566144113        0.8156782185077837
        0.7616219311244600        0.6243946603489805
        0.5466166245552369        0.5664041081194451
        0.6160518083866849        0.5151460514910382
        0.7810680690059447        0.6894404335904970
        0.5870673072958327        0.5101688644367605
        0.6139211428896532        0.6721734167031537
        0.4397089551085986        0.4348281141312593
        0.4772046852429058        0.5044920389304517
        0.6838889735245067        0.8094998834281034
        0.5337036814113247        0.5854751206334343
        0.6543443845132565        0.6204552515384074
        0.6039082816839795        0.7316659400440108
        0.9021333724655622        0.6395941585391351
        0.8793121906473811        0.7115950736102021
        0.8380167818991653        0.6334292101038834
        0.7655422475894149        0.8560068681153039
        0.4837279712613257        0.5699105492361484
        0.3763376287271705        0.4982860257121836
        0.4227943841356504        0.4697202149130442
        0.1378414223645289        0.2756448349397312
        0.6040076695653666        0.7400199273370525
        0.9355894921415262        0.6487247820371799
        0.5072283796429389        0.5346765048690547
        0.6641140897579049        0.8081111520812106
        0.3743073871437896        0.4333884579065631
        0.4803796710497430        0.5539251191044012
        0.4402941327194685        0.4412103081556111
        0.6814468857491729        0.6992177211978898
        0.2605493095778070        0.3882424692140204
        0.3924712683227838        0.5559747723140620
        0.2894932912158283        0.3920034572247354
        0.3868456636162781        0.5191563955762613
        0.5926356464207514        0.5811668361152094
        0.5133686228086460        0.5625679647983662
        0.7386682216264088        0.8050246922605628
        0.4321380318925571        0.5460347040026254
        0.6564805919616863        0.6705051511975562
        0.3766503066378510        0.4368904584038005
        0.6521134405866567        0.6835674263538862
        0.8372963084734049        0.6714591309648776
        0.2758925163267599        0.4407802046207471
        0.4522303641009999        0.4881658329557854
        0.5503507943232460        0.6113373319125075
        0.5608298401265744        0.5506771423575814
        0.4664362609555175        0.5491422596765809
        0.2600114320186939        0.3474982391588577
        0.5032219377666948        0.5893867160970857
        0.1725692687966038        0.3036499714577797
        0.7855410894933939        0.6125125640013321
        0.8368917054156970        0.7082169974827937
        0.7746292210052895        0.8071249401744700
        0.3634875780413652        0.5014912673220866
        0.4319207819960901        0.4836451311040858
        0.2378776063192303        0.3300563145636867
        0.3189126614563996        0.4819017112857171
        0.6477215403268649        0.6827251016662241
        0.4650302671524641        0.5615226380723549
        0.6396195123913380        0.5322567004123431
        0.8236440426450928        0.7245881281033091
        0.7428379538381962        0.8699754930174410
        0.2648111373976847        0.4222834677325722
        0.5171498785929496        0.5892188989671167
        0.7776086840369434        0.8533917204947160
        0.5434897689925966        0.6952468779489661
        0.6720570537405517        0.5620538689197793
        0.3035934077770684        0.3805108783681462
        0.5081305796155718        0.6206698541970210
        0.4060173220386097        0.5710971106312673
        0.6942412601729003        0.5880085150085799
        0.6407830963566986        0.5506817361258867
        0.3549216467129814        0.4408684408223381
        0.8330494060932150        0.6048507054013298
        0.4249219957736443        0.4758302884019099
        0.7650907760956490        0.7059115848831022
        0.3563526130984416        0.4768901734030113
        0.7609135604741408        0.7713600963521479
        0.2374277985809303        0.4161811101312460
        0.4242281657172419        0.4203710130029603
        0.1971344644424782        0.3274068319632795
        0.7701720617794829        0.7612442292398646
        0.2256963904121815        0.3477250543900958
        0.7695346960412899        0.7716889341763377
        0.5786939433068559        0.5300924339201407
        0.4721582164947447        0.5909076229055684
        0.6741931303789774        0.5741953429584981
        0.5732391828582302        0.7280157099896226
        0.6299998015368368        0.5831691292203419
        0.7427206844702368        0.5690948058613194
        0.7087272729088578        0.6504862368939304
        0.7625948048656911        0.8160343868042650
        0.5989309764251628        0.7180099141229657
        0.5945408210680646        0.7121953867764603
        0.7304519390549153        0.6864683166858679
        0.4749792278948283        0.4974323549239797
        0.7764805986189651        0.6740300561998247
        0.5610439450340896        0.6448397997375938
        0.7788300527554086        0.8563471782270863
        0.7106022648350653        0.6863425266512490
        0.5986615820628668        0.7119149969579817
        0.5923142949807663        0.5702643211465119
        0.5331990786165810        0.6790747421347151
        0.7955567417621578        0.7708203980165831
        0.3735735056764645        0.4120872513472075
        0.8698503873049841        0.6232469134251269
        0.4067095188811786        0.5682824995825989
        0.5197132173383014        0.4811557852294982
        0.5309948499516934        0.5984127155853960
        0.4372425126948835        0.4505810491049310
        0.3922095715220861        0.4838956411141263
        0.4294501715355744        0.5424767906429793
        0.5589747298884336        0.4775695613936770
        0.6429052025278565        0.6867988429047539
        0.5759444373639647        0.7265818515076486
        0.7019555942888380        0.8209183380612557
        0.7170338890554505        0.7486597630466003
        0.5899141081180704        0.6552223398503702
        0.3768779559615872        0.5459462407911567
        0.4027029688608488        0.4971831069491608
        0.7050298526872801        0.8422164745820131
        0.4521970934634815        0.5672405114187674
        0.3187328731723216        0.4509420907599128
        0.2925933462717094        0.4347086402493367
        0.6952249082918696        0.7041099441790156
        0.7618680527948415        0.8334124653092402
        0.6185449475811077        0.6569386235133234
        0.8162946982292623        0.7489808058405357
        0.7988798721372126        0.5879390240254003
        0.8880232657177271        0.6320962096622512
        0.5965339209658956        0.5876939055348789
        0.3322998601848481        0.4887444252545767
        0.1921521424340952        0.3650165084868944
        0.5216368186508876        0.5659693367564274
        0.8825723681214940        0.6716561533033568
        0.5976153674139123        0.6933431923234689
        0.7858007344973265        0.7090545588047303
        0.3497503591213004        0.4857309161837632
        0.5253391043694973        0.5601702589266958
        0.5710616281623954        0.7318106796327930
        0.4650506926397822        0.5617894504184093
        0.7049969265459821        0.7016352984665124
        0.2221593463243879        0.3472755137411546
        0.7127884625769250        0.6573942914301969
        0.7498107444203868        0.8406938648269188
        0.8087780676791981        0.5869632688688334
        0.7542967504140967        0.7729101873875206
        0.7568231412413089        0.8149684108174039
        0.8705967161603860        0.6143226251456445
        0.7222144617992544        0.5499099384909066
        0.3859317512786274        0.4117383874298067
        0.5422086754131215        0.6689777726947698
        0.2476158954690038        0.4218593368195270
        0.9285258695464323        0.6460584884589341
        0.6139325462826583        0.6063794714314754
