        0.3602013025336190        0.1475107859914238        0.9211382033491373
       -0.2283080195135390       -0.9076575818419133        0.3521834214591823
        0.7074055091895344        0.4383023888119080        0.5544983873106131
        0.1138067174145340       -0.6403414450160747        0.7596123122133117
       -0.0161826648435371       -0.5481884091066281        0.8361982955493905
       -0.0760883961853129        0.1969525468545900        0.9774560093699549
        0.3423354354465598       -0.2507874321648313        0.9054899853150141
        0.0232210932948033       -0.2723580285398982        0.9619157370144508
        0.0126344281120595       -0.1711064367231387        0.9851715376208307
       -0.5827683070056832        0.3855932645944199        0.7153313460552022
        0.1890123607152557       -0.0765586415728929        0.9789857516314318
       -0.5299553592945242       -0.2179102695115986        0.8195501397696142
        0.5348253227912818        0.0601340186574712        0.8428201314048591
       -0.7797960343043383       -0.0054054528978811        0.6260103241658209
        0.7813752254136375        0.2106458867922129        0.5874360113981006
       -0.0237835445905852        0.0256962954173952        0.9993868337178200
       -0.1202497203448767        0.8755149305558576        0.4679889006490972
        0.3153756100340034       -0.3882617105727744        0.8659047688393819
        0.2489142129519531        0.0459230790196841        0.9674361919030431
        0.0948146176488777        0.0104328269553807        0.9954402766624506
        0.4915327672210305        0.6982959833303736        0.5203635829040144
        0.6327877661100679        0.5530811172990929        0.5419233532046918
       -0.1759061283766875        0.2300206349584575        0.9571559650824062
        0.0518310620026865        0.0482501334731091        0.9974895817157695
        0.1147911416406145        0.4109970088190162        0.9043807011113549
        0.2068540095844741        0.8718334552904019        0.4439795546590236
       -0.2108914866880071       -0.1811464506768289        0.9605783384241544
        0.1829792337032832       -0.4662642706826964        0.8655150084880634
       -0.7066022873540868       -0.4305043123594560        0.5615863642805837
        0.0930628643493998        0.4224652005876373        0.9015888517342773
        0.0834977639313328       -0.7328174065305324        0.6752827349372497
       -0.1086062095742748       -0.6412214069875152        0.7596313569507648
       -0.8103102443850266        0.2744823946961377        0.5177419461918765
        0.3535523447571600       -0.4547569458883487        0.8174330918693076
        0.8426980930977181       -0.3032853400192704        0.4448347180907365
        0.5675240812399457       -0.3648968406150580        0.7380831341535345
       -0.3582186617763602       -0.0446264902307380        0.9325705693001680
        0.7704029077711796        0.1479388253044332        0.6201559994592133
       -0.5312356129180610        0.0634954988968886        0.8448414319784555
       -0.0938943301817020        0.3448121145033594        0.9339638432249140
        0.5394204077015978       -0.3784033690437862        0.7522210539803803
       -0.2530319097753612       -0.4458323137415473        0.8586084093807211
       -0.5857759398764338        0.3600886514606325        0.7260872615265631
        0.2806256289062624        0.4240024964056598        0.8610871845769934
        0.1919446140388716       -0.3327073721453206        0.9232892665149010
        0.7338439083914868       -0.1669205702432799        0.6584911854735530
       -0.0163685349784084       -0.2825407736119586        0.9591156250991935
       -0.4421113371535663        0.1251416522233766        0.8881875547648082
       -0.4721098579221326       -0.6813586180418373        0.5593413230513740
       -0.6906958118791963        0.4578952292362015        0.5597064002629096
