        0.9714782975966048        0.0000000000000000
        0.2444303885711963        0.7555696114288036
        0.0000000000000000        0.5862014891364099
        0.4668632371272693        0.0000000000000000
        0.9831219892327183        0.0168780107672817
        0.3544158179691191        0.0000000000000000
        0.2998492661850087        0.7001507338149913
        0.0404153939436449        0.9595846060563551
        0.1286751020511190        0.0000000000000000
        0.1590277633509922        0.0000000000000000
        0.8594562195553767        0.1405437804446233
        0.7524815814299807        0.2475184185700194
        0.3217097172781557        0.6782902827218443
        0.1358011866276187        0.8641988133723812
        0.4994603459189254        0.5005396540810746
        0.1233085801413045        0.0000000000000000
        0.9172412449441673        0.0000000000000000
        0.0000000000000000        0.0656881345577918
        0.1788529291134776        0.8211470708865224
        0.8952326330497671        0.1047673669502330
        0.6827510935906641        0.3172489064093360
        0.3282136771517816        0.6717863228482184
        0.7596243948686755        0.0000000000000000
        0.0000000000000000        0.1467106501362490
        0.7344980205776445        0.0000000000000000
        0.8270849580239558        0.1729150419760442
        0.2023796796121274        0.7976203203878727
        0.9103422979741763        0.0000000000000000
        0.6486027331848555        0.3513972668151445
        0.7701663761599212        0.2298336238400787
        0.5668716363964486        0.4331283636035513
        0.3953841378036385        0.6046158621963615
        0.0000000000000000        0.6759217122655827
        0.0000000000000000        0.6337950112578088
        0.2528512890343197        0.0000000000000000
        0.6278065167865770        0.0000000000000000
        0.0000000000000000        0.0164887892094646
        0.1305044608387427        0.0000000000000000
        0.2771670298016749        0.7228329701983250
        0.9138190476042075        0.0861809523957925
        0.0000000000000000        0.8788275538579606
        0.9441318536280476        0.0000000000000000
        0.0000000000000000        0.2744511933430813
        0.9300566672200348        0.0699433327799652
        0.3808485726317875        0.6191514273682125
        0.5168911589094396        0.4831088410905605
        0.4358608915578863        0.5641391084421137
        0.0000000000000000        0.3948048853191010
        0.4210247524788661        0.0000000000000000
        0.7221019260730041        0.2778980739269960
