      0.0000000000000001        0.0000000000000001  
     -0.7071067811865475        0.0000000000000001  
      0.7071067811865476        0.0000000000000001  
      0.0000000000000001       -0.7071067811865475  
      0.0000000000000001        0.7071067811865476  
     -0.9238795325112867        0.0000000000000001  
     -0.3826834323650897        0.0000000000000001  
      0.3826834323650898        0.0000000000000001  
      0.9238795325112867        0.0000000000000001  
     -0.7071067811865475       -0.7071067811865475  
      0.7071067811865476       -0.7071067811865475  
     -0.7071067811865475        0.7071067811865476  
      0.7071067811865476        0.7071067811865476  
      0.0000000000000001       -0.9238795325112867  
      0.0000000000000001       -0.3826834323650897  
      0.0000000000000001        0.3826834323650898  
      0.0000000000000001        0.9238795325112867  
