      2.4251      5.3416  2
      2.9565      3.1651  2
     -0.5868     -1.8022  1
      3.5506      5.4407  2
      2.7234      4.3083  2
     -2.2381      1.7148  1
     -3.0842      1.6854  1
      2.8326      6.0439  2
     -1.8152      1.6224  1
     -1.7018     -0.8644  1
      0.2974      0.4114  2
      2.7423      1.6100  2
      1.9781      4.6253  2
      1.6261      1.6049  2
      3.6153      3.7329  2
      2.3399      6.3699  2
      2.3850      0.2223  2
     -1.9422      2.7627  1
     -0.6021     -2.4160  1
     -1.3136     -1.4077  1
      1.1435     -0.8573  2
     -3.4957      0.7701  1
      1.0847      6.2447  2
      2.5609      6.0750  2
      0.0467      8.2615  2
     -2.9049     -1.1487  1
      1.6794      6.6465  2
     -1.7724      2.5436  1
     -0.4656      3.2348  1
      0.9565      1.7322  2
     -1.3537      2.3188  1
      0.0539     -1.8601  1
     -1.4969     -4.0838  1
      1.0194      1.6508  2
      0.5652      7.4429  2
     -1.3057     -1.0025  1
     -0.7248     -4.0285  1
     -1.2831     -1.8163  1
     -1.9858     -3.6137  1
      1.8195      0.7322  2
     -2.6300     -0.2252  1
      0.9305      7.7738  2
     -2.1301     -3.4501  1
     -2.0341      2.0439  1
      0.2888     -2.3224  1
     -0.2801      1.7610  1
     -1.8600      1.1990  1
     -1.0613      1.3208  1
      2.2893      3.4876  2
      1.9033      6.0677  2
      0.3635      0.6285  2
     -2.2631     -0.9380  1
      3.2832      1.0140  2
     -0.1763      3.2081  1
      2.4565      1.4654  2
      0.3239      3.0695  1
      2.5365      4.0436  2
     -0.7032     -4.2920  1
     -0.8120     -2.0133  1
     -0.6553     -2.6411  1
      0.6984     -2.3630  1
     -0.9830     -0.8824  1
     -2.7970     -0.1359  1
      2.6067      6.8572  2
      0.6384      7.8091  2
      3.1372      3.8289  2
      0.4678      6.4020  2
      4.2934      2.6107  2
     -1.1965      2.5069  1
     -1.2087      0.2622  1
      4.4011      5.5505  2
     -1.1818      0.6801  1
     -0.8537      0.9732  1
     -3.4183      0.3549  1
      4.6904      3.1573  2
      4.1593      5.2078  2
      2.5901      4.0166  2
      1.5352      1.9680  2
      0.4868      1.2732  2
     -1.8320      3.5329  1
      2.4265      3.5660  2
     -0.2749     -4.7185  1
      0.8267      3.8737  1
     -3.3011      0.8713  1
      0.3859     -1.9842  1
      0.8063      4.8584  1
      0.9289      6.8346  2
      2.3185      4.1181  2
      2.7065      1.7185  2
     -3.8499      0.3092  1
      2.3545      2.9248  2
     -2.1735     -2.4185  1
     -0.8583      3.8198  1
     -0.6796      1.1695  1
      3.7655      2.0402  2
      1.4652      1.5964  2
      4.8845      2.6866  2
     -1.9672     -0.1524  1
      0.2075      1.0954  2
      1.7651      0.7794  2
      1.4235      1.9330  2
     -3.4277     -0.6443  1
      1.8589      2.3743  2
      0.6172      0.9179  2
     -2.2001      1.0231  1
      3.1772      2.2958  2
     -1.5466     -1.0779  1
      1.6156      6.5164  2
      3.1860      4.4625  2
     -0.7462      2.5346  1
      3.7438      6.4111  2
      4.4093      5.6860  2
     -2.5401     -1.6706  1
     -2.1488     -0.6591  1
     -1.4836      2.2788  1
     -2.1999     -3.4459  1
      0.6902      0.8576  2
      4.6299      3.9078  2
      2.7322      1.2586  2
      1.5075      6.4736  2
      4.3351      1.6857  2
     -0.7905      2.4865  1
     -2.6327     -2.0918  1
      2.1535      4.3883  2
     -0.7509      1.1385  1
      1.7773      1.1366  2
     -2.6225      2.3664  1
      4.5067      4.8531  2
     -1.5181     -1.4594  1
      0.0142      5.9668  2
      4.8049      4.1800  2
      0.0937      0.2694  2
      0.2151      1.5071  2
     -0.3267      2.1990  1
     -2.7061     -1.5964  1
     -0.8239     -1.7990  1
      3.2744      4.9841  2
      1.0882      1.6511  2
     -1.0628      1.4445  1
      0.0086      3.2266  1
      3.3800      5.8425  2
      0.8792      1.5006  2
     -3.6540      1.2949  1
      1.5868      1.1046  2
      3.5573      6.5116  2
      1.3733      1.0277  2
      0.0874     -2.2034  1
     -0.4959     -3.2992  1
     -2.9146      1.2555  1
      0.5689      6.9118  2
      3.9371      0.5582  2
      1.8366      7.0626  2
     -1.8600      0.2031  1
      4.5362      4.0634  2
     -1.5251     -1.2547  1
      3.2102      4.5662  2
     -3.1094      2.5343  1
      1.2611      5.2834  2
     -2.0667      2.2815  1
      2.2601      3.9154  2
      2.0621      2.6548  2
     -0.8479     -1.4913  1
     -3.2557     -1.6086  1
      0.5556      2.3019  1
      2.0067      5.8534  2
      0.1810      7.3852  2
      0.4160      1.9377  1
     -0.5101     -1.7904  1
      0.0819     -2.2331  1
     -0.8266     -3.9158  1
     -1.0197      3.9076  1
      3.4066      1.7086  2
      4.3478      4.9627  2
      0.3745      7.0940  2
      1.6826     -0.4505  2
      2.2155      1.4785  2
      0.0752      3.8713  1
      0.2223     -3.3137  1
      0.1163      2.4147  1
      3.8621      4.4291  2
     -1.0585      2.2057  1
      3.5963      2.3277  2
     -2.5923     -1.5238  1
      2.9753      0.0284  2
      2.7211      2.4169  2
      0.7851      4.7520  1
      2.2456      2.4015  2
      0.4362      3.2682  1
     -2.2776      2.3244  1
     -2.5044     -2.6662  1
     -2.1605      1.1375  1
      2.8256      4.0825  2
     -3.1118     -0.6766  1
     -0.0102      4.6984  1
      0.7800      1.5979  2
     -0.2909      2.2130  1
     -2.3921     -1.3100  1
      4.8020      2.1837  2
      0.1559      4.7697  1
      2.2811      5.2683  2
