      3.4880      6.5511  2
      1.6774      5.7147  2
      3.4743     -0.0283  2
      4.3671      4.5695  2
      2.2158      1.6458  2
      0.1729     -1.3515  2
      0.6452      7.7286  2
      1.1635      7.6582  2
      0.2990     -3.0464  1
      0.7169     -3.7017  1
     -1.8076     -4.0939  1
      0.1168      0.6419  2
      3.8255      5.4544  2
     -0.7204      3.4126  1
     -0.7788     -3.0320  1
      1.8549      6.0177  2
      4.1147      1.2054  2
      2.9317      0.1908  2
      2.2787     -0.8755  2
      2.2621      3.5784  2
      3.9267      4.0622  2
      0.2607      0.4176  2
     -3.3020      2.3909  1
      2.3228      3.7670  2
      1.9613      4.7317  2
      1.8274      4.5418  2
      4.7572      2.4326  2
      4.5536      3.6658  2
      1.0918      1.7947  2
      3.3970      4.9256  2
      0.6687      4.0956  1
      3.0346      3.8295  2
      1.6396      1.1654  2
      0.7369      1.3302  2
      1.8851     -0.9667  2
      4.2846      0.9394  2
      0.8813     -0.3991  2
      1.7517      1.7888  2
      2.4388      7.5370  2
     -1.9301      2.1628  1
      0.4583     -0.7670  2
     -3.2001      1.3922  1
      0.0519      1.3818  2
      3.6439      2.8378  2
      1.4771      6.0692  2
      3.7389      3.6674  2
      2.5270      0.1082  2
      1.2370      6.8879  2
      0.3507     -1.0134  2
      4.2190      6.1490  2
      0.5719      5.5155  2
      0.5971      7.3814  2
      3.4311      1.4187  2
      1.9221      4.8299  2
     -1.3727     -2.3219  1
      3.0675      3.4101  2
     -1.8089     -2.1737  1
      0.7316      5.3621  2
      3.6341      0.2998  2
      1.7205      1.0119  2
     -1.1952     -2.4323  1
     -1.9277     -0.6069  1
      1.8954      2.0672  2
     -0.4334      3.7056  1
      4.6995      4.2479  2
      2.5483      3.7603  2
      0.9108      1.0036  2
      1.4481      1.7067  2
      2.1961      1.0884  2
      2.9282      3.7059  2
      1.3124      7.9979  2
     -1.5413     -1.7085  1
      1.3137      0.4541  2
      3.6147      6.3294  2
      0.5758      0.0316  2
     -3.3752      0.8810  1
     -0.6679      2.8441  1
      4.5676      1.6715  2
      0.6410      0.1797  2
      4.6153      4.9219  2
      2.1090      0.1886  2
      3.3737      6.5523  2
      3.6147      1.5307  2
      2.6591      1.9058  2
     -1.5898     -2.0021  1
      0.2424      8.1488  2
     -1.1837      3.2348  1
      2.9101      2.6628  2
      0.5568      1.2553  2
      2.0448      4.5422  2
      3.4419      3.9923  2
      3.7752      1.9708  2
      1.6848      6.3444  2
      3.4399      4.9350  2
      1.2637      5.8015  2
     -0.6489      2.0634  1
     -1.4821     -0.0704  1
      0.1755     -0.8764  2
     -0.4981      2.9099  1
      2.1958      1.4649  2
      2.0915      7.3225  2
      0.6777      0.0671  2
      2.3637      6.0627  2
      0.9610      2.8232  1
      1.1782      7.2079  2
      1.1520      6.7217  2
      0.4598     -0.7805  2
      4.4889      3.2121  2
      3.3363      4.1639  2
      0.2435      6.5186  2
      1.2092      5.6356  2
      2.5770      4.5676  2
     -1.7444     -3.9132  1
      0.9545      6.7622  2
      0.7125      3.4916  1
      2.4740      1.5840  2
      4.4082      5.3497  2
      3.2875      5.5982  2
      1.8380      1.8134  2
      0.6613      1.4448  2
      4.3883      3.4786  2
      1.3306     -0.7493  2
      2.1303      2.7239  2
      2.6827      0.0422  2
      3.6022      3.4569  2
      3.2322      4.5806  2
      4.2350      5.6462  2
     -0.3410      1.8126  1
      2.3999      3.4330  2
     -2.0390     -2.8809  1
      1.7077      7.8362  2
      3.1475      3.5041  2
      3.7083      6.5031  2
      1.1229      6.7634  2
      1.9751     -0.3060  2
     -1.3042      1.0801  1
      0.0321      1.3351  2
      3.3738      5.3649  2
      2.1671      0.8082  2
      0.9387     -0.3350  2
      2.3778      6.4249  2
      3.2523      3.3046  2
      0.1073      5.6343  2
      2.4243      7.0048  2
      4.5144      1.9654  2
      3.7181      2.2720  2
      0.4619     -0.9217  2
      0.9098      1.6848  2
     -3.0340      0.1379  1
      2.1836      4.4815  2
      1.6735      4.8520  2
      3.4286      5.3563  2
      3.5581      0.1372  2
      1.2692      6.7559  2
     -0.7665     -2.2927  1
      1.6863     -0.6439  2
      0.6434     -2.6561  1
      1.0124      1.5574  2
     -2.1139      2.7201  1
      1.1431      0.4389  2
      1.9305      7.0026  2
      3.5962      2.5631  2
      1.7389      4.6721  2
      0.3750      6.8825  2
      0.1688      5.7158  2
      2.4178      3.1218  2
      0.2710      0.9346  2
      2.1719      1.9687  2
     -1.4313     -1.0783  1
      0.9293      6.4342  2
      3.0600      4.2711  2
     -1.3498      0.1832  1
     -1.0313     -0.9631  1
      3.9473      1.7597  2
      3.5419      2.1104  2
      3.4010      1.5012  2
      2.9241      1.5191  2
      0.9191      5.9723  2
      3.4768      1.7920  2
     -2.0461      3.5145  1
      0.9585      1.2357  2
      2.0024      1.7143  2
      4.8237      3.1731  2
      3.2941      6.4819  2
      2.0598      8.0226  2
      3.2759      1.7787  2
      2.0819      2.8128  2
      3.4440      6.7060  2
      2.9415      1.2149  2
      1.3261      5.2548  2
      3.9956      3.4732  2
      2.8600      4.7483  2
      0.9737      1.2667  2
      2.2225      6.0234  2
      2.0913      6.0505  2
      3.4838      2.1854  2
      3.1465      4.5397  2
      4.9078      3.7622  2
      2.1491      1.2898  2
      0.1610      0.3727  2
      0.8896      6.0867  2
     -2.8066     -2.0107  1
      1.2948     -0.8345  2
      1.9836      1.4514  2
     -0.9062     -0.8033  1
      3.4602      3.7233  2
      4.3887      2.4807  2
      2.1815      2.8343  2
     -2.8404      0.0396  1
      3.3443      5.6008  2
      0.0381      0.3564  2
      3.7029      2.1646  2
      0.7014      7.5466  2
      0.4398      0.6531  2
      0.4195     -0.0668  2
      0.0760      1.3836  2
      0.1411     -0.1179  2
      0.4111      3.7588  1
      0.7460      5.4499  2
      2.2563      3.9865  2
      2.4449      3.3373  2
     -0.6311     -3.5334  1
     -1.5340     -1.1882  1
      2.8596      3.7642  2
      0.3239      8.3250  2
      1.9460     -0.7923  2
      2.0295      0.9531  2
      0.4969      7.7504  2
      1.4400      7.9311  2
      0.0817     -1.8505  1
      0.0000      2.8351  1
      1.6754      1.7870  2
      3.8087      1.7012  2
      3.0694      0.4997  2
      1.8435      5.7387  2
      0.9642      5.6480  2
      0.4766      1.3975  2
      0.7808      1.3330  2
      2.4028      2.4462  2
      3.1942      7.0248  2
      3.8051      2.4078  2
     -0.3883     -3.1505  1
      1.2315      5.8546  2
      3.2090      5.8159  2
      3.0045      0.4892  2
      2.3323      5.9308  2
      0.5764      1.3818  2
      1.9378      4.4187  2
      0.5544      6.7822  2
      0.0388      0.3082  2
     -1.1579      1.5666  1
      2.2208      4.4111  2
      4.2197      2.1407  2
      3.4351      3.6245  2
      2.4016     -0.3080  2
      0.6206      1.3854  2
      0.7127      5.3763  2
     -2.3270     -1.8388  1
      1.8652      7.3411  2
     -0.7993      2.8237  1
      2.0820      2.9112  2
      0.3164      5.5136  2
      2.4243      6.8131  2
      3.3134      1.2857  2
      2.0949      6.9286  2
     -0.0430     -3.4308  1
      3.5553      5.7959  2
      3.7556      3.4948  2
      2.7925      2.9359  2
      4.3270      5.5770  2
      2.8210      4.8452  2
      1.4977      6.3477  2
     -3.5614     -0.6142  1
      0.7891      0.6463  2
      4.0508      4.3117  2
      2.0567      6.1963  2
      2.7366      6.6659  2
      0.0443     -3.2566  1
      3.5662      0.5636  2
      2.0590      3.4486  2
      0.3671      5.5390  2
      2.7359      3.7828  2
     -1.1602     -1.8963  1
      0.2973     -0.0171  2
     -0.9212     -2.8006  1
      2.3163      1.5166  2
      2.2150      2.7730  2
      1.1879      6.4522  2
      2.7756      7.0063  2
     -0.7469      2.9647  1
      0.2390      7.8410  2
      0.5065      7.3827  2
      3.4676      3.0908  2
      0.8609      7.3194  2
      1.3991      7.6645  2
     -0.0813     -2.8276  1
      2.7900      7.0137  2
      2.1058      6.2537  2
      3.1274      0.0584  2
      3.4599      0.7551  2
      2.9339      1.6447  2
      1.1641     -0.3568  2
      2.2999      3.7260  2
      0.1321     -4.6472  1
      2.8775      6.1069  2
      4.8346      2.6385  2
      4.0972      0.6800  2
      1.7820      0.1395  2
      3.4165      5.3085  2
      0.5966      5.4493  2
      2.4549      2.7572  2
      1.9631      6.3087  2
      2.9498      4.5136  2
      2.1929      1.4159  2
      2.0944      2.1372  2
      0.4605      1.1283  2
     -0.5847     -4.6962  1
      1.0477      6.7443  2
      1.8914      6.1199  2
      0.0760      4.0569  1
      0.8712      5.5589  2
      2.4278      4.0884  2
      1.5112      0.3654  2
      2.9553     -0.0845  2
      2.4624      2.7546  2
      3.8923      2.3162  2
      1.9557      2.2050  2
      0.8825      1.1573  2
      0.4321      3.0902  1
      0.9667      4.9992  1
      1.3047      6.8197  2
     -1.0468      3.5533  1
     -3.3576     -1.9508  1
      2.2465      4.2627  2
      1.4154      5.8198  2
      0.3771      2.4172  1
      2.7468      4.6106  2
      0.9791     -2.2448  1
      1.8094      5.7354  2
     -1.4496     -0.5658  1
      2.7394      0.8177  2
      0.8924     -0.7034  2
      4.2570      1.0450  2
      0.4881      0.7383  2
      4.7448      3.0336  2
      2.3603      5.7793  2
      2.7992      5.7557  2
      4.1018      5.9452  2
      3.0379      5.7783  2
      3.6432      0.9743  2
     -2.6491     -0.2880  1
      2.9974      4.8307  2
      1.1451      8.1535  2
      3.6016      3.5768  2
     -3.7483      0.7846  1
     -1.9398      1.1366  1
      2.2258      6.3878  2
      3.2892      4.5742  2
      0.5058      5.8698  2
      1.4464      7.7817  2
     -2.2107      3.3216  1
      0.1806     -4.6374  1
      1.7720      6.7194  2
      3.2794      4.2303  2
      2.6353      7.6078  2
      2.2486      0.2737  2
      1.5276      0.6606  2
     -1.2626     -2.2812  1
     -0.5367     -2.9101  1
      1.9579      3.0425  2
      3.9071      0.4622  2
      0.6627      6.8291  2
      4.4017      2.0096  2
      2.2145      1.6589  2
      2.7076      1.8920  2
      0.7811      6.7526  2
      2.1566      3.4910  2
      4.8815      3.8639  2
      4.5428      3.4363  2
      0.6137     -4.2449  1
      1.5730      6.4322  2
      2.9457      2.8916  2
      4.3622      5.8891  2
      0.8323      6.0158  2
      3.1469      3.2770  2
     -1.0789      1.0649  1
      1.6401      0.2155  2
      0.4837      6.1693  2
      0.3109     -2.3569  1
      0.5273      6.1236  2
      2.0216      3.0648  2
      2.3478      7.8736  2
      3.9732      4.1352  2
      2.4408      2.7283  2
      2.5372      4.5525  2
      4.1578      3.4932  2
      2.4488      4.7929  2
     -0.0933     -2.3205  1
      1.8142      4.3614  2
      1.9050      2.8195  2
      4.4040      2.1524  2
      0.4980     -0.7691  2
      3.3967      2.2906  2
      2.1445      2.9982  2
      4.2047      1.8847  2
      0.2863      0.9080  2
     -2.6364     -0.9412  1
     -0.3807      2.2672  1
      2.9754      5.8355  2
      4.1670      4.5695  2
      1.7502      0.4738  2
      2.2400      6.6101  2
      3.2095      5.4823  2
      3.3108      2.5572  2
      0.3451      6.1716  2
      2.0691     -0.3288  2
      4.4639      2.5089  2
      1.9807      2.6909  2
      4.0715      4.2008  2
     -2.7630     -0.3650  1
      3.9794      4.8328  2
      2.8867      0.9253  2
     -0.3525      2.9011  1
      0.0993      2.3724  1
      1.0137      8.0519  2
      2.4316      7.5648  2
      1.5010      0.9477  2
      2.8642      1.4186  2
      1.4901     -0.6336  2
     -1.8348     -2.7676  1
      1.1054     -0.8773  2
      2.4660      2.3235  2
      3.5123      5.3144  2
      2.9212      6.0177  2
     -1.5900      2.9508  1
      3.5683      0.7169  2
      4.1073      6.1942  2
      3.1782      2.0312  2
     -0.5519     -3.3346  1
      3.1893      6.1060  2
      0.6272     -2.6170  1
     -1.5960      4.1221  1
     -0.7051      4.0766  1
      1.8899      1.9434  2
     -0.6052     -4.0128  1
      2.7244      4.0891  2
     -1.2641      4.0113  1
      2.2052      0.7661  2
     -0.1410      4.6031  1
      3.2148      0.4809  2
      0.4864      5.6750  2
      1.5058      0.4974  2
      0.7579      0.9721  2
      2.0209      4.3868  2
      2.7259      4.6992  2
      1.4369      5.1057  2
      0.5581     -0.3445  2
     -0.4435      2.8418  1
     -3.0654      1.4946  1
      0.8628      2.7430  1
      2.1619      5.7103  2
      4.7500      4.0095  2
     -1.6588     -0.6234  1
      0.5167      6.3859  2
      1.8431      4.6662  2
      0.6246      5.9757  2
      3.0635      0.6669  2
      2.6838      2.7768  2
      1.2275     -1.1100  2
     -0.2533      1.9446  1
      0.3800     -1.1016  2
      1.8285     -0.0232  2
      2.8157      0.7717  2
     -1.5755     -4.1679  1
      3.5703      6.9464  2
     -0.1985     -2.3503  1
      1.7867      4.5744  2
      3.5703      2.8974  2
      3.1233      5.6790  2
      1.3994     -1.2953  2
     -0.9449     -1.0543  1
      0.7950      1.2421  2
      2.3256      3.9057  2
      0.2506      1.0626  2
      0.3048      6.6297  2
      3.2270      1.0264  2
     -1.0860     -3.4998  1
      2.6857      4.3647  2
      0.9755      5.2632  2
      2.6758      6.6845  2
      4.1354      1.2805  2
      1.2493      5.6659  2
      0.6647     -2.1654  1
      4.8720      2.6870  2
      4.8192      4.2614  2
      1.2429      7.7308  2
      1.0431      1.4878  2
      2.3530      7.7594  2
      2.2718      5.4904  2
      3.7324      4.2821  2
