     -1.6979     -0.6633  1
     -1.1630     -1.7445  1
      1.6554      0.7802  2
      4.3359      2.9511  2
      4.4179      2.9653  2
     -1.3942     -0.8525  1
      0.7782      3.6345  1
      2.2700      1.7557  2
      1.7010      0.9261  2
      0.1920      1.3034  2
      4.5234      2.1639  2
     -2.6942     -0.8552  1
     -0.9976     -1.1949  1
     -1.6925      0.9070  1
      3.0671      4.2440  2
      0.5461     -4.8873  1
     -2.6953     -3.0505  1
     -0.5185      4.3515  1
      2.5004     -0.6105  2
      4.8327      3.6531  2
      3.7181      1.1102  2
     -1.1791      3.2441  1
     -1.1238     -0.3564  1
      1.8720      0.0643  2
     -3.6232     -0.9989  1
      1.7627      5.2191  2
      1.1578      1.6954  2
      1.9015      6.1638  2
     -0.7384      1.2402  1
      2.5889      6.0302  2
      2.5575      4.5821  2
     -0.8137      3.7836  1
      0.7085      0.1981  2
      1.5578      0.7840  2
      1.9232      1.3983  2
      2.9717      1.9501  2
     -1.1076      2.2352  1
      1.4376     -0.2144  2
     -1.3189      0.9150  1
     -2.5167     -0.8745  1
      2.7854      1.8217  2
      1.9021      4.5337  2
     -0.8663      3.5125  1
     -2.7399     -0.0278  1
      2.1653      7.4946  2
      0.4050     -1.9302  1
     -2.0449      1.8765  1
      0.8859      4.1014  1
      0.0774     -4.2657  1
     -2.2529     -2.9071  1
