     0.00000         0.00000    
    0.750000         0.00000    
     1.00000         0.00000    
    0.750000         0.00000    
     0.00000         0.00000    
     0.00000         0.00000    
     0.00000         0.00000    
     0.00000         0.00000    
     0.00000         0.00000    
     0.00000         0.00000    
     0.00000         0.00000    
     0.00000         0.00000    
     0.00000         0.00000    
     0.00000         0.00000    
     0.00000         0.00000    
     0.00000         0.00000    
     0.00000         0.00000    
     0.00000         0.00000    
    0.369515        0.561147    
     1.67244        0.113706    
    0.340798       -0.610493E-01
    0.833011E-01    0.244081    
    0.114971        0.624818E-01
   -0.320558E-02    0.506894E-01
   -0.204001E-01    0.181753E-01
   -0.107684E-01    0.229461E-01
   -0.437227E-02    0.416290E-01
    0.451940E-02    0.438091E-01
   -0.249801E-02    0.371689E-01
    0.119473E-01    0.293082E-01
   -0.156270E-04    0.178343E-01
    0.519372E-02    0.676480E-02
    0.256496E-02    0.256496E-02
     0.00000         0.00000    
     0.00000         0.00000    
    0.455632        0.428314E-01
     1.13327        0.102785    
    0.686628        0.370812    
    0.357866        0.473383    
    0.197490        0.115003    
    0.237611E-01    0.678388E-01
   -0.161105E-01    0.900394E-01
   -0.130277E-01    0.929117E-01
    0.199251E-02    0.978441E-01
    0.109012E-01    0.881423E-01
    0.167924E-01    0.710310E-01
    0.263642E-01    0.530968E-01
    0.204970E-01    0.324745E-01
    0.148093E-01    0.141838E-01
    0.909733E-02    0.392998E-02
     0.00000         0.00000    
     0.00000         0.00000    
    0.188169       -0.257594E-01
     1.06533       -0.918862E-01
    0.632997        0.479451    
    0.503922        0.881838    
    0.154006        0.265147    
    0.106587E-01    0.160140    
   -0.100655E-01    0.198150    
    0.470950E-02    0.170773    
    0.162555E-01    0.144832    
    0.264280E-01    0.124019    
    0.299942E-01    0.927956E-01
    0.556949E-01    0.709116E-01
    0.394770E-01    0.413216E-01
    0.275140E-01    0.158727E-01
    0.222570E-01    0.115997E-01
     0.00000         0.00000    
     0.00000         0.00000    
    0.107814       -0.183584E-01
    0.562970        0.350467E-01
    0.457964        0.392799    
    0.433938        0.595717    
    0.282099        0.361149    
    0.125357        0.283126    
    0.532904E-01    0.318309    
    0.409627E-01    0.255488    
    0.449376E-01    0.181226    
    0.547788E-01    0.143095    
    0.602295E-01    0.100006    
    0.776459E-01    0.754138E-01
    0.616861E-01    0.346204E-01
    0.451331E-01    0.128650E-01
    0.252713E-01   -0.509248E-02
     0.00000         0.00000    
     0.00000         0.00000    
    0.175421        0.341680E-01
    0.528294        0.116949E-01
    0.369672        0.259349    
    0.391118        0.417726    
    0.267106        0.313467    
    0.209214        0.316047    
    0.136762        0.331833    
    0.987798E-01    0.298225    
    0.854857E-01    0.211407    
    0.101749        0.171858    
    0.103536        0.122682    
    0.126129        0.945011E-01
    0.980049E-01    0.520275E-01
    0.659424E-01    0.179466E-01
    0.424228E-01    0.190523E-01
     0.00000         0.00000    
     0.00000         0.00000    
    0.137176        0.107414E-01
    0.314742        0.579366E-01
    0.289070        0.192635    
    0.286964        0.273890    
    0.238038        0.279886    
    0.218096        0.306022    
    0.185474        0.321056    
    0.148209        0.289135    
    0.134982        0.212797    
    0.146521        0.172246    
    0.151181        0.113897    
    0.156930        0.861345E-01
    0.127873        0.304490E-01
    0.876033E-01    0.941145E-02
    0.436403E-01   -0.119778E-01
     0.00000         0.00000    
     0.00000         0.00000    
    0.112084        0.209072E-01
    0.239413        0.487992E-01
    0.217816        0.146840    
    0.227155        0.212592    
    0.207044        0.231978    
    0.206527        0.269444    
    0.187124        0.281849    
    0.174948        0.279759    
    0.176760        0.221014    
    0.201392        0.194396    
    0.201367        0.139393    
    0.204076        0.109873    
    0.162494        0.594554E-01
    0.110044        0.213975E-01
    0.566121E-01    0.195151E-01
     0.00000         0.00000    
     0.00000         0.00000    
    0.751548E-01    0.120595E-01
    0.148970        0.513075E-01
    0.162273        0.116632    
    0.171184        0.165004    
    0.170137        0.196815    
    0.179322        0.227319    
    0.185394        0.241060    
    0.192655        0.243976    
    0.209791        0.208369    
    0.239047        0.186477    
    0.251783        0.126997    
    0.242102        0.104195    
    0.202029        0.434614E-01
    0.136696        0.193240E-01
    0.662934E-01   -0.827583E-02
     0.00000         0.00000    
     0.00000         0.00000    
    0.558595E-01    0.125745E-01
    0.108081        0.406016E-01
    0.121136        0.921610E-01
    0.131902        0.132769    
    0.140208        0.162120    
    0.153830        0.193887    
    0.172993        0.210338    
    0.198473        0.229623    
    0.233290        0.219464    
    0.272319        0.214124    
    0.288297        0.177749    
    0.283527        0.147120    
    0.238520        0.948614E-01
    0.168534        0.441491E-01
    0.829658E-01    0.246458E-01
     0.00000         0.00000    
     0.00000         0.00000    
    0.331773E-01    0.938074E-02
    0.661227E-01    0.337390E-01
    0.842320E-01    0.698878E-01
    0.964043E-01    0.102668    
    0.110583        0.130916    
    0.129758        0.161993    
    0.160490        0.181701    
    0.195992        0.204601    
    0.242698        0.200775    
    0.291306        0.217407    
    0.330103        0.179391    
    0.327770        0.167534    
    0.296960        0.104685    
    0.217546        0.574346E-01
    0.119032        0.907506E-02
     0.00000         0.00000    
     0.00000         0.00000    
    0.184952E-01    0.763869E-02
    0.391221E-01    0.235786E-01
    0.532056E-01    0.513887E-01
    0.641621E-01    0.775961E-01
    0.799756E-01    0.104719    
    0.991173E-01    0.140258    
    0.131726        0.171273    
    0.169853        0.202989    
    0.216611        0.236340    
    0.281009        0.271125    
    0.338026        0.264657    
    0.364140        0.236841    
    0.341510        0.182577    
    0.276462        0.919518E-01
    0.154438        0.372665E-01
     0.00000         0.00000    
     0.00000         0.00000    
    0.798838E-02    0.368651E-02
    0.196019E-01    0.149510E-01
    0.304519E-01    0.320010E-01
    0.395986E-01    0.519204E-01
    0.520909E-01    0.739112E-01
    0.672673E-01    0.108541    
    0.907775E-01    0.142134    
    0.120426        0.181766    
    0.166577        0.230029    
    0.246031        0.294165    
    0.352717        0.304229    
    0.414722        0.282708    
    0.430969        0.214578    
    0.368932        0.123371    
    0.235452        0.451595E-01
     0.00000         0.00000    
     0.00000         0.00000    
    0.211231E-02    0.210034E-02
    0.828775E-02    0.758228E-02
    0.147620E-01    0.191920E-01
    0.202433E-01    0.325623E-01
    0.280293E-01    0.509337E-01
    0.366360E-01    0.792425E-01
    0.478241E-01    0.110068    
    0.697731E-01    0.139922    
    0.108095        0.194107    
    0.183150        0.305089    
    0.327445        0.342015    
    0.455620        0.316418    
    0.500642        0.259756    
    0.470471        0.137661    
    0.304432        0.468752E-01
     0.00000         0.00000    
     0.00000         0.00000    
   -0.323054E-03    0.175939E-03
    0.245658E-02    0.232214E-02
    0.610692E-02    0.687220E-02
    0.933569E-02    0.150771E-01
    0.145082E-01    0.246556E-01
    0.174963E-01    0.440063E-01
    0.246043E-01    0.586783E-01
    0.335202E-01    0.718007E-01
    0.760707E-01    0.104045    
    0.154978        0.230031    
    0.339561        0.267226    
    0.494379        0.310695    
    0.633526        0.236060    
    0.593956        0.136805    
    0.383880        0.443360E-01
     0.00000         0.00000    
     0.00000         0.00000    
   -0.252980E-03   -0.252980E-03
    0.532523E-03   -0.157003E-03
    0.124161E-02    0.163464E-02
    0.203645E-02    0.570335E-02
    0.318659E-02    0.103823E-01
    0.427115E-02    0.182973E-01
    0.183518E-02    0.258606E-01
    0.333758E-02    0.267075E-01
    0.642658E-02    0.569917E-01
    0.596340E-01    0.182897    
    0.164666        0.267233    
    0.514070        0.274765    
    0.704826        0.227109    
    0.684963        0.100874    
    0.459411        0.301992E-01
     0.00000         0.00000    
     0.00000         0.00000    
     0.00000         0.00000    
     0.00000         0.00000    
     0.00000         0.00000    
     0.00000         0.00000    
     0.00000         0.00000    
     0.00000         0.00000    
     0.00000         0.00000    
     0.00000         0.00000    
     0.00000         0.00000    
     0.00000         0.00000    
     0.00000         0.00000    
    0.674897         0.00000    
    0.835653         0.00000    
    0.700569         0.00000    
    0.466045         0.00000    
     0.00000         0.00000    
