     0.00000         0.00000    
    0.750000         0.00000    
     1.00000         0.00000    
    0.750000         0.00000    
     0.00000         0.00000    
     0.00000         0.00000    
     0.00000         0.00000    
     0.00000         0.00000    
     0.00000         0.00000    
     0.00000         0.00000    
     0.00000         0.00000    
     0.00000         0.00000    
     0.00000         0.00000    
     0.00000         0.00000    
     0.00000         0.00000    
     0.00000         0.00000    
     0.00000         0.00000    
     0.00000         0.00000    
    0.685084        0.739470E-01
    0.900568        0.201638    
    0.653185        0.387065    
    0.196419        0.372806    
    0.460115E-01    0.176187    
    0.146395E-01    0.102346    
    0.714449E-02    0.871319E-01
    0.104213E-01    0.655114E-01
    0.756627E-02    0.502210E-01
    0.715627E-02    0.375631E-01
    0.399559E-02    0.254032E-01
    0.561979E-02    0.155928E-01
    0.251771E-02    0.771878E-02
    0.220444E-02    0.213763E-02
    0.156315E-03    0.156315E-03
     0.00000         0.00000    
     0.00000         0.00000    
    0.539331        0.964118E-01
    0.724901        0.252696    
    0.626310        0.394967    
    0.344879        0.414428    
    0.139303        0.291481    
    0.675959E-01    0.208535    
    0.434539E-01    0.171955    
    0.352569E-01    0.131318    
    0.293060E-01    0.989080E-01
    0.247987E-01    0.733820E-01
    0.209137E-01    0.531011E-01
    0.183851E-01    0.340192E-01
    0.133868E-01    0.197703E-01
    0.795056E-02    0.796546E-02
    0.261719E-02    0.234094E-02
     0.00000         0.00000    
     0.00000         0.00000    
    0.386870        0.783771E-01
    0.549897        0.207421    
    0.512318        0.337141    
    0.360606        0.377517    
    0.228009        0.323756    
    0.149321        0.267210    
    0.101369        0.222294    
    0.740274E-01    0.179202    
    0.579299E-01    0.137113    
    0.511766E-01    0.104251    
    0.429574E-01    0.761087E-01
    0.395453E-01    0.506602E-01
    0.288140E-01    0.294827E-01
    0.186899E-01    0.127358E-01
    0.835390E-02    0.383896E-02
     0.00000         0.00000    
     0.00000         0.00000    
    0.284977        0.508587E-01
    0.420728        0.154969    
    0.436677        0.258771    
    0.359501        0.312715    
    0.263863        0.312223    
    0.195583        0.283795    
    0.146603        0.243923    
    0.113356        0.204573    
    0.940211E-01    0.164999    
    0.829834E-01    0.129373    
    0.732169E-01    0.978050E-01
    0.644918E-01    0.669201E-01
    0.502306E-01    0.403195E-01
    0.338017E-01    0.183341E-01
    0.160215E-01    0.443209E-02
     0.00000         0.00000    
     0.00000         0.00000    
    0.201491        0.337324E-01
    0.323323        0.109498    
    0.358739        0.197760    
    0.330314        0.253910    
    0.273733        0.276536    
    0.218810        0.270826    
    0.176357        0.245498    
    0.147464        0.216400    
    0.128854        0.182622    
    0.119193        0.148133    
    0.107327        0.114660    
    0.966957E-01    0.809204E-01
    0.773064E-01    0.501681E-01
    0.540890E-01    0.233236E-01
    0.281717E-01    0.778313E-02
     0.00000         0.00000    
     0.00000         0.00000    
    0.147031        0.242034E-01
    0.246356        0.811477E-01
    0.292685        0.150721    
    0.290634        0.203917    
    0.262630        0.235261    
    0.226937        0.245369    
    0.196186        0.235758    
    0.174363        0.218738    
    0.160268        0.193573    
    0.151984        0.163404    
    0.142692        0.129357    
    0.129682        0.940536E-01
    0.108042        0.588098E-01
    0.780612E-01    0.283500E-01
    0.411210E-01    0.672963E-02
     0.00000         0.00000    
     0.00000         0.00000    
    0.108821        0.174987E-01
    0.189620        0.604663E-01
    0.233591        0.116811    
    0.245359        0.165468    
    0.236579        0.200906    
    0.219260        0.220307    
    0.202922        0.224257    
    0.191914        0.217876    
    0.185296        0.202279    
    0.182647        0.177698    
    0.177287        0.146325    
    0.166681        0.109421    
    0.143596        0.715815E-01
    0.107192        0.349214E-01
    0.590080E-01    0.113699E-01
     0.00000         0.00000    
     0.00000         0.00000    
    0.795973E-01    0.133218E-01
    0.143005        0.468933E-01
    0.184983        0.913216E-01
    0.203554        0.135207    
    0.207629        0.171453    
    0.203720        0.197724    
    0.199314        0.211419    
    0.198691        0.216224    
    0.202608        0.208528    
    0.208367        0.192025    
    0.212028        0.162928    
    0.205719        0.126717    
    0.184389        0.837173E-01
    0.141557        0.425505E-01
    0.792533E-01    0.109362E-01
     0.00000         0.00000    
     0.00000         0.00000    
    0.572473E-01    0.102431E-01
    0.106342        0.371106E-01
    0.142087        0.742797E-01
    0.163629        0.113314    
    0.174559        0.150064    
    0.180060        0.180192    
    0.185516        0.202665    
    0.194191        0.217002    
    0.208752        0.220502    
    0.226531        0.211801    
    0.242606        0.189085    
    0.246787        0.151691    
    0.230325        0.105354    
    0.183444        0.540599E-01
    0.105911        0.168719E-01
     0.00000         0.00000    
     0.00000         0.00000    
    0.396752E-01    0.787028E-02
    0.761925E-01    0.298061E-01
    0.106033        0.604866E-01
    0.126400        0.952051E-01
    0.140293        0.130322    
    0.151235        0.163994    
    0.164610        0.191677    
    0.181361        0.216123    
    0.206427        0.229450    
    0.238459        0.233170    
    0.272003        0.216430    
    0.291313        0.181793    
    0.285596        0.128641    
    0.234653        0.688658E-01
    0.139585        0.195914E-01
     0.00000         0.00000    
     0.00000         0.00000    
    0.256532E-01    0.634312E-02
    0.518777E-01    0.240993E-01
    0.746671E-01    0.500335E-01
    0.923814E-01    0.797347E-01
    0.105556        0.113532    
    0.117799        0.149498    
    0.134493        0.182779    
    0.156220        0.213296    
    0.188741        0.240399    
    0.235058        0.259606    
    0.291931        0.255128    
    0.335722        0.222092    
    0.346643        0.164607    
    0.298600        0.889543E-01
    0.183373        0.276789E-01
     0.00000         0.00000    
     0.00000         0.00000    
    0.148431E-01    0.470916E-02
    0.319940E-01    0.184959E-01
    0.481911E-01    0.391480E-01
    0.615623E-01    0.639615E-01
    0.732405E-01    0.936164E-01
    0.847431E-01    0.129774    
    0.101261        0.164672    
    0.121079        0.198838    
    0.153982        0.237912    
    0.217534        0.281165    
    0.307258        0.291486    
    0.385845        0.265145    
    0.425188        0.200930    
    0.380191        0.114253    
    0.244382        0.353859E-01
     0.00000         0.00000    
     0.00000         0.00000    
    0.682148E-02    0.331649E-02
    0.172137E-01    0.127115E-01
    0.270860E-01    0.283998E-01
    0.358553E-01    0.478326E-01
    0.436339E-01    0.731601E-01
    0.516710E-01    0.106868    
    0.638021E-01    0.139188    
    0.802672E-01    0.165656    
    0.107304        0.215904    
    0.171914        0.295909    
    0.295055        0.331731    
    0.427453        0.307692    
    0.508492        0.238606    
    0.476579        0.135368    
    0.311510        0.455294E-01
     0.00000         0.00000    
     0.00000         0.00000    
    0.188537E-02    0.172590E-02
    0.681995E-02    0.695383E-02
    0.118922E-01    0.168646E-01
    0.167887E-01    0.303149E-01
    0.217710E-01    0.484317E-01
    0.250931E-01    0.745433E-01
    0.272449E-01    0.997362E-01
    0.303417E-01    0.113024    
    0.464983E-01    0.163179    
    0.117063        0.268524    
    0.268506        0.334621    
    0.463306        0.329860    
    0.616094        0.250784    
    0.596209        0.137511    
    0.388447        0.451411E-01
     0.00000         0.00000    
     0.00000         0.00000    
    0.882052E-04    0.882052E-04
    0.166418E-02    0.176214E-02
    0.286901E-02    0.649701E-02
    0.421652E-02    0.141804E-01
    0.635771E-02    0.236308E-01
    0.756071E-02    0.368717E-01
    0.533907E-02    0.495286E-01
    0.282317E-02    0.459756E-01
    0.137651E-02    0.800315E-01
    0.420640E-01    0.192875    
    0.195602        0.260736    
    0.524470        0.264278    
    0.711377        0.208068    
    0.693500        0.922686E-01
    0.458947        0.203221E-01
     0.00000         0.00000    
     0.00000         0.00000    
     0.00000         0.00000    
     0.00000         0.00000    
     0.00000         0.00000    
     0.00000         0.00000    
     0.00000         0.00000    
     0.00000         0.00000    
     0.00000         0.00000    
     0.00000         0.00000    
     0.00000         0.00000    
     0.00000         0.00000    
     0.00000         0.00000    
    0.687309         0.00000    
    0.831074         0.00000    
    0.700475         0.00000    
    0.470076         0.00000    
     0.00000         0.00000    
