       0.02544448443321295
       0.04788244452110569
                         0
       0.02544448443321294
       0.02544448443321295
      -0.06636281106291925
       0.06240251776425863
       -0.1248841817693534
       0.08191579950024878
       0.06240251776425861
      -0.06636281106291922
       0.02544448443321294
       0.06240251776425863
        0.1174315440608487
                         0
        0.0624025177642586
       0.04788244452110569
       -0.1248841817693534
        0.1174315440608487
       -0.2350120286709092
        0.1541524150457073
        0.1174315440608487
       -0.1248841817693534
       0.04788244452110568
                         0
                         0
                         0
                         0
                         0
       0.08191579950024878
        0.1541524150457073
                         0
       0.08191579950024876
       0.06240251776425861
        0.1174315440608487
                         0
       0.06240251776425858
       0.02544448443321294
      -0.06636281106291922
        0.0624025177642586
       -0.1248841817693534
       0.08191579950024876
       0.06240251776425858
      -0.06636281106291919
       0.02544448443321293
       0.02544448443321294
       0.04788244452110568
                         0
       0.02544448443321293
