   -8.9844992845796179e-01   -7.5169840741214378e-01
   -8.9844992845796179e-01   -1.4658413372004020e-16
   -8.9844992845796179e-01    0.0000000000000000e+00
   -8.9844992845796179e-01    7.5169840741214378e-01
   -7.5169840741214378e-01   -8.9844992845796179e-01
   -7.5169840741214378e-01   -7.5169840741214378e-01
   -7.5169840741214378e-01   -5.2131728631255603e-01
   -7.5169840741214378e-01   -1.4658413372004020e-16
   -7.5169840741214378e-01    7.3166296143701821e-17
   -7.5169840741214378e-01    5.2131728631255592e-01
   -7.5169840741214378e-01    7.5169840741214378e-01
   -7.5169840741214378e-01    8.9844992845796201e-01
   -5.2131728631255603e-01   -7.5169840741214378e-01
   -5.2131728631255603e-01   -1.4658413372004020e-16
   -5.2131728631255603e-01    0.0000000000000000e+00
   -5.2131728631255603e-01    7.5169840741214378e-01
   -1.4658413372004020e-16   -8.9844992845796179e-01
   -1.4658413372004020e-16   -7.5169840741214378e-01
   -1.4658413372004020e-16   -5.2131728631255603e-01
   -1.4658413372004020e-16   -1.4658413372004020e-16
   -1.4658413372004020e-16    7.3166296143701821e-17
   -1.4658413372004020e-16    5.2131728631255592e-01
   -1.4658413372004020e-16    7.5169840741214378e-01
   -1.4658413372004020e-16    8.9844992845796201e-01
    0.0000000000000000e+00   -8.9844992845796179e-01
    0.0000000000000000e+00   -5.2131728631255603e-01
    0.0000000000000000e+00    7.3166296143701821e-17
    0.0000000000000000e+00    5.2131728631255592e-01
    0.0000000000000000e+00    8.9844992845796201e-01
    7.3166296143701821e-17   -7.5169840741214378e-01
    7.3166296143701821e-17   -1.4658413372004020e-16
    7.3166296143701821e-17    0.0000000000000000e+00
    7.3166296143701821e-17    7.5169840741214378e-01
    5.2131728631255592e-01   -7.5169840741214378e-01
    5.2131728631255592e-01   -1.4658413372004020e-16
    5.2131728631255592e-01    0.0000000000000000e+00
    5.2131728631255592e-01    7.5169840741214378e-01
    7.5169840741214378e-01   -8.9844992845796179e-01
    7.5169840741214378e-01   -7.5169840741214378e-01
    7.5169840741214378e-01   -5.2131728631255603e-01
    7.5169840741214378e-01   -1.4658413372004020e-16
    7.5169840741214378e-01    7.3166296143701821e-17
    7.5169840741214378e-01    5.2131728631255592e-01
    7.5169840741214378e-01    7.5169840741214378e-01
    7.5169840741214378e-01    8.9844992845796201e-01
    8.9844992845796201e-01   -7.5169840741214378e-01
    8.9844992845796201e-01   -1.4658413372004020e-16
    8.9844992845796201e-01    0.0000000000000000e+00
    8.9844992845796201e-01    7.5169840741214378e-01
