0.63068  -0.96885  0.0888794
0.96885  0.63068  0.0888794
-0.63068  0.96885  0.0888794
-0.96885  -0.63068  0.0888794
-0.750277  -0.927962  0.1121
0.927962  -0.750277  0.1121
0.750277  0.927962  0.1121
-0.927962  0.750277  0.1121
-0.0762083  -0.852616  0.269051
0.852616  -0.0762083  0.269051
0.0762083  0.852616  0.269051
-0.852616  0.0762083  0.269051
-0.523736  -0.45334  0.398282
0.45334  -0.523736  0.398282
0.523736  0.45334  0.398282
-0.45334  0.523736  0.398282
1.01896e-33  -7.4032e-33  0.526749
