     0.00000         0.00000    
    0.187500       -0.557424E-16
    0.250000       -0.892804E-16
    0.187500        0.218575E-15
     0.00000         0.00000    
     0.00000         0.00000    
    0.187500       -0.428824E-14
    0.250000       -0.828967E-15
    0.187500       -0.676542E-15
     0.00000         0.00000    
     0.00000       -0.416334E-16
    0.187500        0.138999E-15
    0.250000       -0.762319E-15
    0.187500       -0.104389E-14
     0.00000         0.00000    
   -0.166533E-15     0.00000    
    0.187500        0.445643E-15
    0.250000       -0.638528E-15
    0.187500       -0.804686E-15
     0.00000         0.00000    
     0.00000         0.00000    
    0.187500       -0.855288E-16
    0.250000       -0.284894E-15
    0.187500       -0.310117E-15
     0.00000         0.00000    
     0.00000         0.00000    
    0.187500       -0.138852E-15
    0.250000       -0.129072E-15
    0.187500        0.421302E-16
     0.00000         0.00000    
     0.00000         0.00000    
    0.187500       -0.116029E-15
    0.250000         0.00000    
    0.187500        0.259113E-15
     0.00000         0.00000    
    0.166533E-15     0.00000    
    0.187500       -0.171765E-15
    0.250000        0.242713E-16
    0.187500        0.192752E-15
     0.00000         0.00000    
     0.00000         0.00000    
    0.187500       -0.208872E-15
    0.250000       -0.507660E-16
    0.187500        0.258993E-16
     0.00000         0.00000    
   -0.166533E-15     0.00000    
    0.187500       -0.775464E-16
    0.250000        0.121394E-16
    0.187500        0.120417E-16
     0.00000         0.00000    
     0.00000         0.00000    
    0.187500        0.938456E-16
    0.250000        0.507604E-16
    0.187500        0.647695E-16
     0.00000         0.00000    
     0.00000         0.00000    
    0.187500        0.871519E-17
    0.250000       -0.117306E-16
    0.187500        0.788952E-17
     0.00000         0.00000    
     0.00000         0.00000    
    0.187500         0.00000    
    0.250000         0.00000    
    0.187500         0.00000    
     0.00000         0.00000    
