      0.0000      0.0000     -0.0796     -0.0000
      0.0500      0.0000     -0.0786     -0.0000
      0.1000      0.0000     -0.0757     -0.0000
      0.1500      0.0000     -0.0709     -0.0000
      0.2000      0.0000     -0.0644     -0.0000
      0.2500      0.0000     -0.0563     -0.0000
      0.3000      0.0000     -0.0468     -0.0000
      0.3500      0.0000     -0.0361     -0.0000
      0.4000      0.0000     -0.0246     -0.0000
      0.4500      0.0000     -0.0124     -0.0000
      0.5000      0.0000     -0.0000     -0.0000
      0.5500      0.0000      0.0124     -0.0000
      0.6000      0.0000      0.0246     -0.0000
      0.6500      0.0000      0.0361     -0.0000
      0.7000      0.0000      0.0468     -0.0000
      0.7500      0.0000      0.0563     -0.0000
      0.8000      0.0000      0.0644     -0.0000
      0.8500      0.0000      0.0709     -0.0000
      0.9000      0.0000      0.0757     -0.0000
      0.9500      0.0000      0.0786     -0.0000
      1.0000      0.0000      0.0796     -0.0000
      0.0000      0.0500     -0.0796     -0.0000
      0.0500      0.0500     -0.0786     -0.0020
      0.1000      0.0500     -0.0757     -0.0039
      0.1500      0.0500     -0.0709     -0.0057
      0.2000      0.0500     -0.0644     -0.0073
      0.2500      0.0500     -0.0563     -0.0088
      0.3000      0.0500     -0.0468     -0.0101
      0.3500      0.0500     -0.0361     -0.0111
      0.4000      0.0500     -0.0246     -0.0119
      0.4500      0.0500     -0.0124     -0.0123
      0.5000      0.0500     -0.0000     -0.0125
      0.5500      0.0500      0.0124     -0.0123
      0.6000      0.0500      0.0246     -0.0119
      0.6500      0.0500      0.0361     -0.0111
      0.7000      0.0500      0.0468     -0.0101
      0.7500      0.0500      0.0563     -0.0088
      0.8000      0.0500      0.0644     -0.0073
      0.8500      0.0500      0.0709     -0.0057
      0.9000      0.0500      0.0757     -0.0039
      0.9500      0.0500      0.0786     -0.0020
      1.0000      0.0500      0.0796     -0.0000
      0.0000      0.1000     -0.0796     -0.0000
      0.0500      0.1000     -0.0786     -0.0039
      0.1000      0.1000     -0.0757     -0.0077
      0.1500      0.1000     -0.0709     -0.0113
      0.2000      0.1000     -0.0644     -0.0147
      0.2500      0.1000     -0.0563     -0.0177
      0.3000      0.1000     -0.0468     -0.0202
      0.3500      0.1000     -0.0361     -0.0223
      0.4000      0.1000     -0.0246     -0.0238
      0.4500      0.1000     -0.0124     -0.0247
      0.5000      0.1000     -0.0000     -0.0250
      0.5500      0.1000      0.0124     -0.0247
      0.6000      0.1000      0.0246     -0.0238
      0.6500      0.1000      0.0361     -0.0223
      0.7000      0.1000      0.0468     -0.0202
      0.7500      0.1000      0.0563     -0.0177
      0.8000      0.1000      0.0644     -0.0147
      0.8500      0.1000      0.0709     -0.0113
      0.9000      0.1000      0.0757     -0.0077
      0.9500      0.1000      0.0786     -0.0039
      1.0000      0.1000      0.0796     -0.0000
      0.0000      0.1500     -0.0796     -0.0000
      0.0500      0.1500     -0.0786     -0.0059
      0.1000      0.1500     -0.0757     -0.0116
      0.1500      0.1500     -0.0709     -0.0170
      0.2000      0.1500     -0.0644     -0.0220
      0.2500      0.1500     -0.0563     -0.0265
      0.3000      0.1500     -0.0468     -0.0303
      0.3500      0.1500     -0.0361     -0.0334
      0.4000      0.1500     -0.0246     -0.0357
      0.4500      0.1500     -0.0124     -0.0370
      0.5000      0.1500     -0.0000     -0.0375
      0.5500      0.1500      0.0124     -0.0370
      0.6000      0.1500      0.0246     -0.0357
      0.6500      0.1500      0.0361     -0.0334
      0.7000      0.1500      0.0468     -0.0303
      0.7500      0.1500      0.0563     -0.0265
      0.8000      0.1500      0.0644     -0.0220
      0.8500      0.1500      0.0709     -0.0170
      0.9000      0.1500      0.0757     -0.0116
      0.9500      0.1500      0.0786     -0.0059
      1.0000      0.1500      0.0796     -0.0000
      0.0000      0.2000     -0.0796     -0.0000
      0.0500      0.2000     -0.0786     -0.0078
      0.1000      0.2000     -0.0757     -0.0155
      0.1500      0.2000     -0.0709     -0.0227
      0.2000      0.2000     -0.0644     -0.0294
      0.2500      0.2000     -0.0563     -0.0354
      0.3000      0.2000     -0.0468     -0.0405
      0.3500      0.2000     -0.0361     -0.0446
      0.4000      0.2000     -0.0246     -0.0476
      0.4500      0.2000     -0.0124     -0.0494
      0.5000      0.2000     -0.0000     -0.0500
      0.5500      0.2000      0.0124     -0.0494
      0.6000      0.2000      0.0246     -0.0476
      0.6500      0.2000      0.0361     -0.0446
      0.7000      0.2000      0.0468     -0.0405
      0.7500      0.2000      0.0563     -0.0354
      0.8000      0.2000      0.0644     -0.0294
      0.8500      0.2000      0.0709     -0.0227
      0.9000      0.2000      0.0757     -0.0155
      0.9500      0.2000      0.0786     -0.0078
      1.0000      0.2000      0.0796     -0.0000
      0.0000      0.2500     -0.0796     -0.0000
      0.0500      0.2500     -0.0786     -0.0098
      0.1000      0.2500     -0.0757     -0.0193
      0.1500      0.2500     -0.0709     -0.0284
      0.2000      0.2500     -0.0644     -0.0367
      0.2500      0.2500     -0.0563     -0.0442
      0.3000      0.2500     -0.0468     -0.0506
      0.3500      0.2500     -0.0361     -0.0557
      0.4000      0.2500     -0.0246     -0.0594
      0.4500      0.2500     -0.0124     -0.0617
      0.5000      0.2500     -0.0000     -0.0625
      0.5500      0.2500      0.0124     -0.0617
      0.6000      0.2500      0.0246     -0.0594
      0.6500      0.2500      0.0361     -0.0557
      0.7000      0.2500      0.0468     -0.0506
      0.7500      0.2500      0.0563     -0.0442
      0.8000      0.2500      0.0644     -0.0367
      0.8500      0.2500      0.0709     -0.0284
      0.9000      0.2500      0.0757     -0.0193
      0.9500      0.2500      0.0786     -0.0098
      1.0000      0.2500      0.0796     -0.0000
      0.0000      0.3000     -0.0796     -0.0000
      0.0500      0.3000     -0.0786     -0.0117
      0.1000      0.3000     -0.0757     -0.0232
      0.1500      0.3000     -0.0709     -0.0340
      0.2000      0.3000     -0.0644     -0.0441
      0.2500      0.3000     -0.0563     -0.0530
      0.3000      0.3000     -0.0468     -0.0607
      0.3500      0.3000     -0.0361     -0.0668
      0.4000      0.3000     -0.0246     -0.0713
      0.4500      0.3000     -0.0124     -0.0741
      0.5000      0.3000     -0.0000     -0.0750
      0.5500      0.3000      0.0124     -0.0741
      0.6000      0.3000      0.0246     -0.0713
      0.6500      0.3000      0.0361     -0.0668
      0.7000      0.3000      0.0468     -0.0607
      0.7500      0.3000      0.0563     -0.0530
      0.8000      0.3000      0.0644     -0.0441
      0.8500      0.3000      0.0709     -0.0340
      0.9000      0.3000      0.0757     -0.0232
      0.9500      0.3000      0.0786     -0.0117
      1.0000      0.3000      0.0796     -0.0000
      0.0000      0.3500     -0.0796     -0.0000
      0.0500      0.3500     -0.0786     -0.0137
      0.1000      0.3500     -0.0757     -0.0270
      0.1500      0.3500     -0.0709     -0.0397
      0.2000      0.3500     -0.0644     -0.0514
      0.2500      0.3500     -0.0563     -0.0619
      0.3000      0.3500     -0.0468     -0.0708
      0.3500      0.3500     -0.0361     -0.0780
      0.4000      0.3500     -0.0246     -0.0832
      0.4500      0.3500     -0.0124     -0.0864
      0.5000      0.3500     -0.0000     -0.0875
      0.5500      0.3500      0.0124     -0.0864
      0.6000      0.3500      0.0246     -0.0832
      0.6500      0.3500      0.0361     -0.0780
      0.7000      0.3500      0.0468     -0.0708
      0.7500      0.3500      0.0563     -0.0619
      0.8000      0.3500      0.0644     -0.0514
      0.8500      0.3500      0.0709     -0.0397
      0.9000      0.3500      0.0757     -0.0270
      0.9500      0.3500      0.0786     -0.0137
      1.0000      0.3500      0.0796     -0.0000
      0.0000      0.4000     -0.0796     -0.0000
      0.0500      0.4000     -0.0786     -0.0156
      0.1000      0.4000     -0.0757     -0.0309
      0.1500      0.4000     -0.0709     -0.0454
      0.2000      0.4000     -0.0644     -0.0588
      0.2500      0.4000     -0.0563     -0.0707
      0.3000      0.4000     -0.0468     -0.0809
      0.3500      0.4000     -0.0361     -0.0891
      0.4000      0.4000     -0.0246     -0.0951
      0.4500      0.4000     -0.0124     -0.0988
      0.5000      0.4000     -0.0000     -0.1000
      0.5500      0.4000      0.0124     -0.0988
      0.6000      0.4000      0.0246     -0.0951
      0.6500      0.4000      0.0361     -0.0891
      0.7000      0.4000      0.0468     -0.0809
      0.7500      0.4000      0.0563     -0.0707
      0.8000      0.4000      0.0644     -0.0588
      0.8500      0.4000      0.0709     -0.0454
      0.9000      0.4000      0.0757     -0.0309
      0.9500      0.4000      0.0786     -0.0156
      1.0000      0.4000      0.0796     -0.0000
      0.0000      0.4500     -0.0796     -0.0000
      0.0500      0.4500     -0.0786     -0.0176
      0.1000      0.4500     -0.0757     -0.0348
      0.1500      0.4500     -0.0709     -0.0511
      0.2000      0.4500     -0.0644     -0.0661
      0.2500      0.4500     -0.0563     -0.0795
      0.3000      0.4500     -0.0468     -0.0910
      0.3500      0.4500     -0.0361     -0.1002
      0.4000      0.4500     -0.0246     -0.1070
      0.4500      0.4500     -0.0124     -0.1111
      0.5000      0.4500     -0.0000     -0.1125
      0.5500      0.4500      0.0124     -0.1111
      0.6000      0.4500      0.0246     -0.1070
      0.6500      0.4500      0.0361     -0.1002
      0.7000      0.4500      0.0468     -0.0910
      0.7500      0.4500      0.0563     -0.0795
      0.8000      0.4500      0.0644     -0.0661
      0.8500      0.4500      0.0709     -0.0511
      0.9000      0.4500      0.0757     -0.0348
      0.9500      0.4500      0.0786     -0.0176
      1.0000      0.4500      0.0796     -0.0000
      0.0000      0.5000     -0.0796     -0.0000
      0.0500      0.5000     -0.0786     -0.0196
      0.1000      0.5000     -0.0757     -0.0386
      0.1500      0.5000     -0.0709     -0.0567
      0.2000      0.5000     -0.0644     -0.0735
      0.2500      0.5000     -0.0563     -0.0884
      0.3000      0.5000     -0.0468     -0.1011
      0.3500      0.5000     -0.0361     -0.1114
      0.4000      0.5000     -0.0246     -0.1189
      0.4500      0.5000     -0.0124     -0.1235
      0.5000      0.5000     -0.0000     -0.1250
      0.5500      0.5000      0.0124     -0.1235
      0.6000      0.5000      0.0246     -0.1189
      0.6500      0.5000      0.0361     -0.1114
      0.7000      0.5000      0.0468     -0.1011
      0.7500      0.5000      0.0563     -0.0884
      0.8000      0.5000      0.0644     -0.0735
      0.8500      0.5000      0.0709     -0.0567
      0.9000      0.5000      0.0757     -0.0386
      0.9500      0.5000      0.0786     -0.0196
      1.0000      0.5000      0.0796     -0.0000
      0.0000      0.5500     -0.0796     -0.0000
      0.0500      0.5500     -0.0786     -0.0215
      0.1000      0.5500     -0.0757     -0.0425
      0.1500      0.5500     -0.0709     -0.0624
      0.2000      0.5500     -0.0644     -0.0808
      0.2500      0.5500     -0.0563     -0.0972
      0.3000      0.5500     -0.0468     -0.1112
      0.3500      0.5500     -0.0361     -0.1225
      0.4000      0.5500     -0.0246     -0.1308
      0.4500      0.5500     -0.0124     -0.1358
      0.5000      0.5500     -0.0000     -0.1375
      0.5500      0.5500      0.0124     -0.1358
      0.6000      0.5500      0.0246     -0.1308
      0.6500      0.5500      0.0361     -0.1225
      0.7000      0.5500      0.0468     -0.1112
      0.7500      0.5500      0.0563     -0.0972
      0.8000      0.5500      0.0644     -0.0808
      0.8500      0.5500      0.0709     -0.0624
      0.9000      0.5500      0.0757     -0.0425
      0.9500      0.5500      0.0786     -0.0215
      1.0000      0.5500      0.0796     -0.0000
      0.0000      0.6000     -0.0796     -0.0000
      0.0500      0.6000     -0.0786     -0.0235
      0.1000      0.6000     -0.0757     -0.0464
      0.1500      0.6000     -0.0709     -0.0681
      0.2000      0.6000     -0.0644     -0.0882
      0.2500      0.6000     -0.0563     -0.1061
      0.3000      0.6000     -0.0468     -0.1214
      0.3500      0.6000     -0.0361     -0.1337
      0.4000      0.6000     -0.0246     -0.1427
      0.4500      0.6000     -0.0124     -0.1482
      0.5000      0.6000     -0.0000     -0.1500
      0.5500      0.6000      0.0124     -0.1482
      0.6000      0.6000      0.0246     -0.1427
      0.6500      0.6000      0.0361     -0.1337
      0.7000      0.6000      0.0468     -0.1214
      0.7500      0.6000      0.0563     -0.1061
      0.8000      0.6000      0.0644     -0.0882
      0.8500      0.6000      0.0709     -0.0681
      0.9000      0.6000      0.0757     -0.0464
      0.9500      0.6000      0.0786     -0.0235
      1.0000      0.6000      0.0796     -0.0000
      0.0000      0.6500     -0.0796     -0.0000
      0.0500      0.6500     -0.0786     -0.0254
      0.1000      0.6500     -0.0757     -0.0502
      0.1500      0.6500     -0.0709     -0.0738
      0.2000      0.6500     -0.0644     -0.0955
      0.2500      0.6500     -0.0563     -0.1149
      0.3000      0.6500     -0.0468     -0.1315
      0.3500      0.6500     -0.0361     -0.1448
      0.4000      0.6500     -0.0246     -0.1545
      0.4500      0.6500     -0.0124     -0.1605
      0.5000      0.6500     -0.0000     -0.1625
      0.5500      0.6500      0.0124     -0.1605
      0.6000      0.6500      0.0246     -0.1545
      0.6500      0.6500      0.0361     -0.1448
      0.7000      0.6500      0.0468     -0.1315
      0.7500      0.6500      0.0563     -0.1149
      0.8000      0.6500      0.0644     -0.0955
      0.8500      0.6500      0.0709     -0.0738
      0.9000      0.6500      0.0757     -0.0502
      0.9500      0.6500      0.0786     -0.0254
      1.0000      0.6500      0.0796     -0.0000
      0.0000      0.7000     -0.0796     -0.0000
      0.0500      0.7000     -0.0786     -0.0274
      0.1000      0.7000     -0.0757     -0.0541
      0.1500      0.7000     -0.0709     -0.0794
      0.2000      0.7000     -0.0644     -0.1029
      0.2500      0.7000     -0.0563     -0.1237
      0.3000      0.7000     -0.0468     -0.1416
      0.3500      0.7000     -0.0361     -0.1559
      0.4000      0.7000     -0.0246     -0.1664
      0.4500      0.7000     -0.0124     -0.1728
      0.5000      0.7000     -0.0000     -0.1750
      0.5500      0.7000      0.0124     -0.1728
      0.6000      0.7000      0.0246     -0.1664
      0.6500      0.7000      0.0361     -0.1559
      0.7000      0.7000      0.0468     -0.1416
      0.7500      0.7000      0.0563     -0.1237
      0.8000      0.7000      0.0644     -0.1029
      0.8500      0.7000      0.0709     -0.0794
      0.9000      0.7000      0.0757     -0.0541
      0.9500      0.7000      0.0786     -0.0274
      1.0000      0.7000      0.0796     -0.0000
      0.0000      0.7500     -0.0796     -0.0000
      0.0500      0.7500     -0.0786     -0.0293
      0.1000      0.7500     -0.0757     -0.0579
      0.1500      0.7500     -0.0709     -0.0851
      0.2000      0.7500     -0.0644     -0.1102
      0.2500      0.7500     -0.0563     -0.1326
      0.3000      0.7500     -0.0468     -0.1517
      0.3500      0.7500     -0.0361     -0.1671
      0.4000      0.7500     -0.0246     -0.1783
      0.4500      0.7500     -0.0124     -0.1852
      0.5000      0.7500     -0.0000     -0.1875
      0.5500      0.7500      0.0124     -0.1852
      0.6000      0.7500      0.0246     -0.1783
      0.6500      0.7500      0.0361     -0.1671
      0.7000      0.7500      0.0468     -0.1517
      0.7500      0.7500      0.0563     -0.1326
      0.8000      0.7500      0.0644     -0.1102
      0.8500      0.7500      0.0709     -0.0851
      0.9000      0.7500      0.0757     -0.0579
      0.9500      0.7500      0.0786     -0.0293
      1.0000      0.7500      0.0796     -0.0000
      0.0000      0.8000     -0.0796     -0.0000
      0.0500      0.8000     -0.0786     -0.0313
      0.1000      0.8000     -0.0757     -0.0618
      0.1500      0.8000     -0.0709     -0.0908
      0.2000      0.8000     -0.0644     -0.1176
      0.2500      0.8000     -0.0563     -0.1414
      0.3000      0.8000     -0.0468     -0.1618
      0.3500      0.8000     -0.0361     -0.1782
      0.4000      0.8000     -0.0246     -0.1902
      0.4500      0.8000     -0.0124     -0.1975
      0.5000      0.8000     -0.0000     -0.2000
      0.5500      0.8000      0.0124     -0.1975
      0.6000      0.8000      0.0246     -0.1902
      0.6500      0.8000      0.0361     -0.1782
      0.7000      0.8000      0.0468     -0.1618
      0.7500      0.8000      0.0563     -0.1414
      0.8000      0.8000      0.0644     -0.1176
      0.8500      0.8000      0.0709     -0.0908
      0.9000      0.8000      0.0757     -0.0618
      0.9500      0.8000      0.0786     -0.0313
      1.0000      0.8000      0.0796     -0.0000
      0.0000      0.8500     -0.0796     -0.0000
      0.0500      0.8500     -0.0786     -0.0332
      0.1000      0.8500     -0.0757     -0.0657
      0.1500      0.8500     -0.0709     -0.0965
      0.2000      0.8500     -0.0644     -0.1249
      0.2500      0.8500     -0.0563     -0.1503
      0.3000      0.8500     -0.0468     -0.1719
      0.3500      0.8500     -0.0361     -0.1893
      0.4000      0.8500     -0.0246     -0.2021
      0.4500      0.8500     -0.0124     -0.2099
      0.5000      0.8500     -0.0000     -0.2125
      0.5500      0.8500      0.0124     -0.2099
      0.6000      0.8500      0.0246     -0.2021
      0.6500      0.8500      0.0361     -0.1893
      0.7000      0.8500      0.0468     -0.1719
      0.7500      0.8500      0.0563     -0.1503
      0.8000      0.8500      0.0644     -0.1249
      0.8500      0.8500      0.0709     -0.0965
      0.9000      0.8500      0.0757     -0.0657
      0.9500      0.8500      0.0786     -0.0332
      1.0000      0.8500      0.0796     -0.0000
      0.0000      0.9000     -0.0796     -0.0000
      0.0500      0.9000     -0.0786     -0.0352
      0.1000      0.9000     -0.0757     -0.0695
      0.1500      0.9000     -0.0709     -0.1021
      0.2000      0.9000     -0.0644     -0.1323
      0.2500      0.9000     -0.0563     -0.1591
      0.3000      0.9000     -0.0468     -0.1820
      0.3500      0.9000     -0.0361     -0.2005
      0.4000      0.9000     -0.0246     -0.2140
      0.4500      0.9000     -0.0124     -0.2222
      0.5000      0.9000     -0.0000     -0.2250
      0.5500      0.9000      0.0124     -0.2222
      0.6000      0.9000      0.0246     -0.2140
      0.6500      0.9000      0.0361     -0.2005
      0.7000      0.9000      0.0468     -0.1820
      0.7500      0.9000      0.0563     -0.1591
      0.8000      0.9000      0.0644     -0.1323
      0.8500      0.9000      0.0709     -0.1021
      0.9000      0.9000      0.0757     -0.0695
      0.9500      0.9000      0.0786     -0.0352
      1.0000      0.9000      0.0796     -0.0000
      0.0000      0.9500     -0.0796     -0.0000
      0.0500      0.9500     -0.0786     -0.0372
      0.1000      0.9500     -0.0757     -0.0734
      0.1500      0.9500     -0.0709     -0.1078
      0.2000      0.9500     -0.0644     -0.1396
      0.2500      0.9500     -0.0563     -0.1679
      0.3000      0.9500     -0.0468     -0.1921
      0.3500      0.9500     -0.0361     -0.2116
      0.4000      0.9500     -0.0246     -0.2259
      0.4500      0.9500     -0.0124     -0.2346
      0.5000      0.9500     -0.0000     -0.2375
      0.5500      0.9500      0.0124     -0.2346
      0.6000      0.9500      0.0246     -0.2259
      0.6500      0.9500      0.0361     -0.2116
      0.7000      0.9500      0.0468     -0.1921
      0.7500      0.9500      0.0563     -0.1679
      0.8000      0.9500      0.0644     -0.1396
      0.8500      0.9500      0.0709     -0.1078
      0.9000      0.9500      0.0757     -0.0734
      0.9500      0.9500      0.0786     -0.0372
      1.0000      0.9500      0.0796     -0.0000
      0.0000      1.0000     -0.0796     -0.0000
      0.0500      1.0000     -0.0786     -0.0391
      0.1000      1.0000     -0.0757     -0.0773
      0.1500      1.0000     -0.0709     -0.1135
      0.2000      1.0000     -0.0644     -0.1469
      0.2500      1.0000     -0.0563     -0.1768
      0.3000      1.0000     -0.0468     -0.2023
      0.3500      1.0000     -0.0361     -0.2228
      0.4000      1.0000     -0.0246     -0.2378
      0.4500      1.0000     -0.0124     -0.2469
      0.5000      1.0000     -0.0000     -0.2500
      0.5500      1.0000      0.0124     -0.2469
      0.6000      1.0000      0.0246     -0.2378
      0.6500      1.0000      0.0361     -0.2228
      0.7000      1.0000      0.0468     -0.2023
      0.7500      1.0000      0.0563     -0.1768
      0.8000      1.0000      0.0644     -0.1469
      0.8500      1.0000      0.0709     -0.1135
      0.9000      1.0000      0.0757     -0.0773
      0.9500      1.0000      0.0786     -0.0391
      1.0000      1.0000      0.0796     -0.0000
