      0.5000      0.5000     -0.0000      0.0000
      0.6000      0.5000      0.0309      0.0000
      0.7000      0.5000      0.0588      0.0000
      0.8000      0.5000      0.0809      0.0000
      0.9000      0.5000      0.0951      0.0000
      1.0000      0.5000      0.1000      0.0000
      1.1000      0.5000      0.0951     -0.0000
      1.2000      0.5000      0.0809     -0.0000
      1.3000      0.5000      0.0588     -0.0000
      1.4000      0.5000      0.0309     -0.0000
      1.5000      0.5000      0.0000     -0.0000
      1.6000      0.5000     -0.0309     -0.0000
      1.7000      0.5000     -0.0588     -0.0000
      1.8000      0.5000     -0.0809     -0.0000
      1.9000      0.5000     -0.0951     -0.0000
      2.0000      0.5000     -0.1000     -0.0000
      2.1000      0.5000     -0.0951      0.0000
      2.2000      0.5000     -0.0809      0.0000
      2.3000      0.5000     -0.0588      0.0000
      2.4000      0.5000     -0.0309      0.0000
      2.5000      0.5000     -0.0000      0.0000
      0.5000      0.6000     -0.0000     -0.0309
      0.6000      0.6000      0.0294     -0.0294
      0.7000      0.6000      0.0559     -0.0250
      0.8000      0.6000      0.0769     -0.0182
      0.9000      0.6000      0.0905     -0.0095
      1.0000      0.6000      0.0951     -0.0000
      1.1000      0.6000      0.0905      0.0095
      1.2000      0.6000      0.0769      0.0182
      1.3000      0.6000      0.0559      0.0250
      1.4000      0.6000      0.0294      0.0294
      1.5000      0.6000      0.0000      0.0309
      1.6000      0.6000     -0.0294      0.0294
      1.7000      0.6000     -0.0559      0.0250
      1.8000      0.6000     -0.0769      0.0182
      1.9000      0.6000     -0.0905      0.0095
      2.0000      0.6000     -0.0951      0.0000
      2.1000      0.6000     -0.0905     -0.0095
      2.2000      0.6000     -0.0769     -0.0182
      2.3000      0.6000     -0.0559     -0.0250
      2.4000      0.6000     -0.0294     -0.0294
      2.5000      0.6000     -0.0000     -0.0309
      0.5000      0.7000     -0.0000     -0.0588
      0.6000      0.7000      0.0250     -0.0559
      0.7000      0.7000      0.0476     -0.0476
      0.8000      0.7000      0.0655     -0.0345
      0.9000      0.7000      0.0769     -0.0182
      1.0000      0.7000      0.0809     -0.0000
      1.1000      0.7000      0.0769      0.0182
      1.2000      0.7000      0.0655      0.0345
      1.3000      0.7000      0.0476      0.0476
      1.4000      0.7000      0.0250      0.0559
      1.5000      0.7000      0.0000      0.0588
      1.6000      0.7000     -0.0250      0.0559
      1.7000      0.7000     -0.0476      0.0476
      1.8000      0.7000     -0.0655      0.0345
      1.9000      0.7000     -0.0769      0.0182
      2.0000      0.7000     -0.0809      0.0000
      2.1000      0.7000     -0.0769     -0.0182
      2.2000      0.7000     -0.0655     -0.0345
      2.3000      0.7000     -0.0476     -0.0476
      2.4000      0.7000     -0.0250     -0.0559
      2.5000      0.7000     -0.0000     -0.0588
      0.5000      0.8000     -0.0000     -0.0809
      0.6000      0.8000      0.0182     -0.0769
      0.7000      0.8000      0.0345     -0.0655
      0.8000      0.8000      0.0476     -0.0476
      0.9000      0.8000      0.0559     -0.0250
      1.0000      0.8000      0.0588     -0.0000
      1.1000      0.8000      0.0559      0.0250
      1.2000      0.8000      0.0476      0.0476
      1.3000      0.8000      0.0345      0.0655
      1.4000      0.8000      0.0182      0.0769
      1.5000      0.8000      0.0000      0.0809
      1.6000      0.8000     -0.0182      0.0769
      1.7000      0.8000     -0.0345      0.0655
      1.8000      0.8000     -0.0476      0.0476
      1.9000      0.8000     -0.0559      0.0250
      2.0000      0.8000     -0.0588      0.0000
      2.1000      0.8000     -0.0559     -0.0250
      2.2000      0.8000     -0.0476     -0.0476
      2.3000      0.8000     -0.0345     -0.0655
      2.4000      0.8000     -0.0182     -0.0769
      2.5000      0.8000     -0.0000     -0.0809
      0.5000      0.9000     -0.0000     -0.0951
      0.6000      0.9000      0.0095     -0.0905
      0.7000      0.9000      0.0182     -0.0769
      0.8000      0.9000      0.0250     -0.0559
      0.9000      0.9000      0.0294     -0.0294
      1.0000      0.9000      0.0309     -0.0000
      1.1000      0.9000      0.0294      0.0294
      1.2000      0.9000      0.0250      0.0559
      1.3000      0.9000      0.0182      0.0769
      1.4000      0.9000      0.0095      0.0905
      1.5000      0.9000      0.0000      0.0951
      1.6000      0.9000     -0.0095      0.0905
      1.7000      0.9000     -0.0182      0.0769
      1.8000      0.9000     -0.0250      0.0559
      1.9000      0.9000     -0.0294      0.0294
      2.0000      0.9000     -0.0309      0.0000
      2.1000      0.9000     -0.0294     -0.0294
      2.2000      0.9000     -0.0250     -0.0559
      2.3000      0.9000     -0.0182     -0.0769
      2.4000      0.9000     -0.0095     -0.0905
      2.5000      0.9000     -0.0000     -0.0951
      0.5000      1.0000     -0.0000     -0.1000
      0.6000      1.0000      0.0000     -0.0951
      0.7000      1.0000      0.0000     -0.0809
      0.8000      1.0000      0.0000     -0.0588
      0.9000      1.0000      0.0000     -0.0309
      1.0000      1.0000      0.0000     -0.0000
      1.1000      1.0000      0.0000      0.0309
      1.2000      1.0000      0.0000      0.0588
      1.3000      1.0000      0.0000      0.0809
      1.4000      1.0000      0.0000      0.0951
      1.5000      1.0000      0.0000      0.1000
      1.6000      1.0000     -0.0000      0.0951
      1.7000      1.0000     -0.0000      0.0809
      1.8000      1.0000     -0.0000      0.0588
      1.9000      1.0000     -0.0000      0.0309
      2.0000      1.0000     -0.0000      0.0000
      2.1000      1.0000     -0.0000     -0.0309
      2.2000      1.0000     -0.0000     -0.0588
      2.3000      1.0000     -0.0000     -0.0809
      2.4000      1.0000     -0.0000     -0.0951
      2.5000      1.0000     -0.0000     -0.1000
      0.5000      1.1000      0.0000     -0.0951
      0.6000      1.1000     -0.0095     -0.0905
      0.7000      1.1000     -0.0182     -0.0769
      0.8000      1.1000     -0.0250     -0.0559
      0.9000      1.1000     -0.0294     -0.0294
      1.0000      1.1000     -0.0309     -0.0000
      1.1000      1.1000     -0.0294      0.0294
      1.2000      1.1000     -0.0250      0.0559
      1.3000      1.1000     -0.0182      0.0769
      1.4000      1.1000     -0.0095      0.0905
      1.5000      1.1000     -0.0000      0.0951
      1.6000      1.1000      0.0095      0.0905
      1.7000      1.1000      0.0182      0.0769
      1.8000      1.1000      0.0250      0.0559
      1.9000      1.1000      0.0294      0.0294
      2.0000      1.1000      0.0309      0.0000
      2.1000      1.1000      0.0294     -0.0294
      2.2000      1.1000      0.0250     -0.0559
      2.3000      1.1000      0.0182     -0.0769
      2.4000      1.1000      0.0095     -0.0905
      2.5000      1.1000      0.0000     -0.0951
      0.5000      1.2000      0.0000     -0.0809
      0.6000      1.2000     -0.0182     -0.0769
      0.7000      1.2000     -0.0345     -0.0655
      0.8000      1.2000     -0.0476     -0.0476
      0.9000      1.2000     -0.0559     -0.0250
      1.0000      1.2000     -0.0588     -0.0000
      1.1000      1.2000     -0.0559      0.0250
      1.2000      1.2000     -0.0476      0.0476
      1.3000      1.2000     -0.0345      0.0655
      1.4000      1.2000     -0.0182      0.0769
      1.5000      1.2000     -0.0000      0.0809
      1.6000      1.2000      0.0182      0.0769
      1.7000      1.2000      0.0345      0.0655
      1.8000      1.2000      0.0476      0.0476
      1.9000      1.2000      0.0559      0.0250
      2.0000      1.2000      0.0588      0.0000
      2.1000      1.2000      0.0559     -0.0250
      2.2000      1.2000      0.0476     -0.0476
      2.3000      1.2000      0.0345     -0.0655
      2.4000      1.2000      0.0182     -0.0769
      2.5000      1.2000      0.0000     -0.0809
      0.5000      1.3000      0.0000     -0.0588
      0.6000      1.3000     -0.0250     -0.0559
      0.7000      1.3000     -0.0476     -0.0476
      0.8000      1.3000     -0.0655     -0.0345
      0.9000      1.3000     -0.0769     -0.0182
      1.0000      1.3000     -0.0809     -0.0000
      1.1000      1.3000     -0.0769      0.0182
      1.2000      1.3000     -0.0655      0.0345
      1.3000      1.3000     -0.0476      0.0476
      1.4000      1.3000     -0.0250      0.0559
      1.5000      1.3000     -0.0000      0.0588
      1.6000      1.3000      0.0250      0.0559
      1.7000      1.3000      0.0476      0.0476
      1.8000      1.3000      0.0655      0.0345
      1.9000      1.3000      0.0769      0.0182
      2.0000      1.3000      0.0809      0.0000
      2.1000      1.3000      0.0769     -0.0182
      2.2000      1.3000      0.0655     -0.0345
      2.3000      1.3000      0.0476     -0.0476
      2.4000      1.3000      0.0250     -0.0559
      2.5000      1.3000      0.0000     -0.0588
      0.5000      1.4000      0.0000     -0.0309
      0.6000      1.4000     -0.0294     -0.0294
      0.7000      1.4000     -0.0559     -0.0250
      0.8000      1.4000     -0.0769     -0.0182
      0.9000      1.4000     -0.0905     -0.0095
      1.0000      1.4000     -0.0951     -0.0000
      1.1000      1.4000     -0.0905      0.0095
      1.2000      1.4000     -0.0769      0.0182
      1.3000      1.4000     -0.0559      0.0250
      1.4000      1.4000     -0.0294      0.0294
      1.5000      1.4000     -0.0000      0.0309
      1.6000      1.4000      0.0294      0.0294
      1.7000      1.4000      0.0559      0.0250
      1.8000      1.4000      0.0769      0.0182
      1.9000      1.4000      0.0905      0.0095
      2.0000      1.4000      0.0951      0.0000
      2.1000      1.4000      0.0905     -0.0095
      2.2000      1.4000      0.0769     -0.0182
      2.3000      1.4000      0.0559     -0.0250
      2.4000      1.4000      0.0294     -0.0294
      2.5000      1.4000      0.0000     -0.0309
      0.5000      1.5000      0.0000     -0.0000
      0.6000      1.5000     -0.0309     -0.0000
      0.7000      1.5000     -0.0588     -0.0000
      0.8000      1.5000     -0.0809     -0.0000
      0.9000      1.5000     -0.0951     -0.0000
      1.0000      1.5000     -0.1000     -0.0000
      1.1000      1.5000     -0.0951      0.0000
      1.2000      1.5000     -0.0809      0.0000
      1.3000      1.5000     -0.0588      0.0000
      1.4000      1.5000     -0.0309      0.0000
      1.5000      1.5000     -0.0000      0.0000
      1.6000      1.5000      0.0309      0.0000
      1.7000      1.5000      0.0588      0.0000
      1.8000      1.5000      0.0809      0.0000
      1.9000      1.5000      0.0951      0.0000
      2.0000      1.5000      0.1000      0.0000
      2.1000      1.5000      0.0951     -0.0000
      2.2000      1.5000      0.0809     -0.0000
      2.3000      1.5000      0.0588     -0.0000
      2.4000      1.5000      0.0309     -0.0000
      2.5000      1.5000      0.0000     -0.0000
      0.5000      1.6000      0.0000      0.0309
      0.6000      1.6000     -0.0294      0.0294
      0.7000      1.6000     -0.0559      0.0250
      0.8000      1.6000     -0.0769      0.0182
      0.9000      1.6000     -0.0905      0.0095
      1.0000      1.6000     -0.0951      0.0000
      1.1000      1.6000     -0.0905     -0.0095
      1.2000      1.6000     -0.0769     -0.0182
      1.3000      1.6000     -0.0559     -0.0250
      1.4000      1.6000     -0.0294     -0.0294
      1.5000      1.6000     -0.0000     -0.0309
      1.6000      1.6000      0.0294     -0.0294
      1.7000      1.6000      0.0559     -0.0250
      1.8000      1.6000      0.0769     -0.0182
      1.9000      1.6000      0.0905     -0.0095
      2.0000      1.6000      0.0951     -0.0000
      2.1000      1.6000      0.0905      0.0095
      2.2000      1.6000      0.0769      0.0182
      2.3000      1.6000      0.0559      0.0250
      2.4000      1.6000      0.0294      0.0294
      2.5000      1.6000      0.0000      0.0309
      0.5000      1.7000      0.0000      0.0588
      0.6000      1.7000     -0.0250      0.0559
      0.7000      1.7000     -0.0476      0.0476
      0.8000      1.7000     -0.0655      0.0345
      0.9000      1.7000     -0.0769      0.0182
      1.0000      1.7000     -0.0809      0.0000
      1.1000      1.7000     -0.0769     -0.0182
      1.2000      1.7000     -0.0655     -0.0345
      1.3000      1.7000     -0.0476     -0.0476
      1.4000      1.7000     -0.0250     -0.0559
      1.5000      1.7000     -0.0000     -0.0588
      1.6000      1.7000      0.0250     -0.0559
      1.7000      1.7000      0.0476     -0.0476
      1.8000      1.7000      0.0655     -0.0345
      1.9000      1.7000      0.0769     -0.0182
      2.0000      1.7000      0.0809     -0.0000
      2.1000      1.7000      0.0769      0.0182
      2.2000      1.7000      0.0655      0.0345
      2.3000      1.7000      0.0476      0.0476
      2.4000      1.7000      0.0250      0.0559
      2.5000      1.7000      0.0000      0.0588
      0.5000      1.8000      0.0000      0.0809
      0.6000      1.8000     -0.0182      0.0769
      0.7000      1.8000     -0.0345      0.0655
      0.8000      1.8000     -0.0476      0.0476
      0.9000      1.8000     -0.0559      0.0250
      1.0000      1.8000     -0.0588      0.0000
      1.1000      1.8000     -0.0559     -0.0250
      1.2000      1.8000     -0.0476     -0.0476
      1.3000      1.8000     -0.0345     -0.0655
      1.4000      1.8000     -0.0182     -0.0769
      1.5000      1.8000     -0.0000     -0.0809
      1.6000      1.8000      0.0182     -0.0769
      1.7000      1.8000      0.0345     -0.0655
      1.8000      1.8000      0.0476     -0.0476
      1.9000      1.8000      0.0559     -0.0250
      2.0000      1.8000      0.0588     -0.0000
      2.1000      1.8000      0.0559      0.0250
      2.2000      1.8000      0.0476      0.0476
      2.3000      1.8000      0.0345      0.0655
      2.4000      1.8000      0.0182      0.0769
      2.5000      1.8000      0.0000      0.0809
      0.5000      1.9000      0.0000      0.0951
      0.6000      1.9000     -0.0095      0.0905
      0.7000      1.9000     -0.0182      0.0769
      0.8000      1.9000     -0.0250      0.0559
      0.9000      1.9000     -0.0294      0.0294
      1.0000      1.9000     -0.0309      0.0000
      1.1000      1.9000     -0.0294     -0.0294
      1.2000      1.9000     -0.0250     -0.0559
      1.3000      1.9000     -0.0182     -0.0769
      1.4000      1.9000     -0.0095     -0.0905
      1.5000      1.9000     -0.0000     -0.0951
      1.6000      1.9000      0.0095     -0.0905
      1.7000      1.9000      0.0182     -0.0769
      1.8000      1.9000      0.0250     -0.0559
      1.9000      1.9000      0.0294     -0.0294
      2.0000      1.9000      0.0309     -0.0000
      2.1000      1.9000      0.0294      0.0294
      2.2000      1.9000      0.0250      0.0559
      2.3000      1.9000      0.0182      0.0769
      2.4000      1.9000      0.0095      0.0905
      2.5000      1.9000      0.0000      0.0951
      0.5000      2.0000      0.0000      0.1000
      0.6000      2.0000     -0.0000      0.0951
      0.7000      2.0000     -0.0000      0.0809
      0.8000      2.0000     -0.0000      0.0588
      0.9000      2.0000     -0.0000      0.0309
      1.0000      2.0000     -0.0000      0.0000
      1.1000      2.0000     -0.0000     -0.0309
      1.2000      2.0000     -0.0000     -0.0588
      1.3000      2.0000     -0.0000     -0.0809
      1.4000      2.0000     -0.0000     -0.0951
      1.5000      2.0000     -0.0000     -0.1000
      1.6000      2.0000      0.0000     -0.0951
      1.7000      2.0000      0.0000     -0.0809
      1.8000      2.0000      0.0000     -0.0588
      1.9000      2.0000      0.0000     -0.0309
      2.0000      2.0000      0.0000     -0.0000
      2.1000      2.0000      0.0000      0.0309
      2.2000      2.0000      0.0000      0.0588
      2.3000      2.0000      0.0000      0.0809
      2.4000      2.0000      0.0000      0.0951
      2.5000      2.0000      0.0000      0.1000
      0.5000      2.1000     -0.0000      0.0951
      0.6000      2.1000      0.0095      0.0905
      0.7000      2.1000      0.0182      0.0769
      0.8000      2.1000      0.0250      0.0559
      0.9000      2.1000      0.0294      0.0294
      1.0000      2.1000      0.0309      0.0000
      1.1000      2.1000      0.0294     -0.0294
      1.2000      2.1000      0.0250     -0.0559
      1.3000      2.1000      0.0182     -0.0769
      1.4000      2.1000      0.0095     -0.0905
      1.5000      2.1000      0.0000     -0.0951
      1.6000      2.1000     -0.0095     -0.0905
      1.7000      2.1000     -0.0182     -0.0769
      1.8000      2.1000     -0.0250     -0.0559
      1.9000      2.1000     -0.0294     -0.0294
      2.0000      2.1000     -0.0309     -0.0000
      2.1000      2.1000     -0.0294      0.0294
      2.2000      2.1000     -0.0250      0.0559
      2.3000      2.1000     -0.0182      0.0769
      2.4000      2.1000     -0.0095      0.0905
      2.5000      2.1000     -0.0000      0.0951
      0.5000      2.2000     -0.0000      0.0809
      0.6000      2.2000      0.0182      0.0769
      0.7000      2.2000      0.0345      0.0655
      0.8000      2.2000      0.0476      0.0476
      0.9000      2.2000      0.0559      0.0250
      1.0000      2.2000      0.0588      0.0000
      1.1000      2.2000      0.0559     -0.0250
      1.2000      2.2000      0.0476     -0.0476
      1.3000      2.2000      0.0345     -0.0655
      1.4000      2.2000      0.0182     -0.0769
      1.5000      2.2000      0.0000     -0.0809
      1.6000      2.2000     -0.0182     -0.0769
      1.7000      2.2000     -0.0345     -0.0655
      1.8000      2.2000     -0.0476     -0.0476
      1.9000      2.2000     -0.0559     -0.0250
      2.0000      2.2000     -0.0588     -0.0000
      2.1000      2.2000     -0.0559      0.0250
      2.2000      2.2000     -0.0476      0.0476
      2.3000      2.2000     -0.0345      0.0655
      2.4000      2.2000     -0.0182      0.0769
      2.5000      2.2000     -0.0000      0.0809
      0.5000      2.3000     -0.0000      0.0588
      0.6000      2.3000      0.0250      0.0559
      0.7000      2.3000      0.0476      0.0476
      0.8000      2.3000      0.0655      0.0345
      0.9000      2.3000      0.0769      0.0182
      1.0000      2.3000      0.0809      0.0000
      1.1000      2.3000      0.0769     -0.0182
      1.2000      2.3000      0.0655     -0.0345
      1.3000      2.3000      0.0476     -0.0476
      1.4000      2.3000      0.0250     -0.0559
      1.5000      2.3000      0.0000     -0.0588
      1.6000      2.3000     -0.0250     -0.0559
      1.7000      2.3000     -0.0476     -0.0476
      1.8000      2.3000     -0.0655     -0.0345
      1.9000      2.3000     -0.0769     -0.0182
      2.0000      2.3000     -0.0809     -0.0000
      2.1000      2.3000     -0.0769      0.0182
      2.2000      2.3000     -0.0655      0.0345
      2.3000      2.3000     -0.0476      0.0476
      2.4000      2.3000     -0.0250      0.0559
      2.5000      2.3000     -0.0000      0.0588
      0.5000      2.4000     -0.0000      0.0309
      0.6000      2.4000      0.0294      0.0294
      0.7000      2.4000      0.0559      0.0250
      0.8000      2.4000      0.0769      0.0182
      0.9000      2.4000      0.0905      0.0095
      1.0000      2.4000      0.0951      0.0000
      1.1000      2.4000      0.0905     -0.0095
      1.2000      2.4000      0.0769     -0.0182
      1.3000      2.4000      0.0559     -0.0250
      1.4000      2.4000      0.0294     -0.0294
      1.5000      2.4000      0.0000     -0.0309
      1.6000      2.4000     -0.0294     -0.0294
      1.7000      2.4000     -0.0559     -0.0250
      1.8000      2.4000     -0.0769     -0.0182
      1.9000      2.4000     -0.0905     -0.0095
      2.0000      2.4000     -0.0951     -0.0000
      2.1000      2.4000     -0.0905      0.0095
      2.2000      2.4000     -0.0769      0.0182
      2.3000      2.4000     -0.0559      0.0250
      2.4000      2.4000     -0.0294      0.0294
      2.5000      2.4000     -0.0000      0.0309
      0.5000      2.5000     -0.0000      0.0000
      0.6000      2.5000      0.0309      0.0000
      0.7000      2.5000      0.0588      0.0000
      0.8000      2.5000      0.0809      0.0000
      0.9000      2.5000      0.0951      0.0000
      1.0000      2.5000      0.1000      0.0000
      1.1000      2.5000      0.0951     -0.0000
      1.2000      2.5000      0.0809     -0.0000
      1.3000      2.5000      0.0588     -0.0000
      1.4000      2.5000      0.0309     -0.0000
      1.5000      2.5000      0.0000     -0.0000
      1.6000      2.5000     -0.0309     -0.0000
      1.7000      2.5000     -0.0588     -0.0000
      1.8000      2.5000     -0.0809     -0.0000
      1.9000      2.5000     -0.0951     -0.0000
      2.0000      2.5000     -0.1000     -0.0000
      2.1000      2.5000     -0.0951      0.0000
      2.2000      2.5000     -0.0809      0.0000
      2.3000      2.5000     -0.0588      0.0000
      2.4000      2.5000     -0.0309      0.0000
      2.5000      2.5000     -0.0000      0.0000
