      0.000000
      0.083333
      0.166667
      0.250000
      0.333333
      0.416667
      0.500000
      0.583333
      0.666667
      0.750000
      0.833333
      0.916667
      1.000000
      0.000000
      0.150333
      0.296075
      0.433047
      0.557475
      0.666713
      0.758817
      0.833380
      0.890808
      0.933047
      0.962742
      0.983666
      1.000000
      0.000000
      0.212742
      0.416514
      0.603550
      0.766082
      0.899625
      0.999695
      1.066292
      1.099415
      1.103550
      1.083181
      1.046075
      1.000000
      0.000000
      0.266380
      0.520217
      0.750093
      0.945700
      1.099806
      1.207100
      1.266473
      1.279033
      1.250093
      1.186883
      1.099713
      1.000000
      0.000000
      0.307475
      0.599415
      0.862367
      1.082876
      1.253175
      1.365497
      1.419842
      1.416209
      1.362367
      1.266082
      1.140808
      1.000000
      0.000000
      0.333380
      0.649625
      0.933140
      1.169842
      1.349853
      1.465917
      1.516520
      1.503175
      1.433140
      1.316292
      1.166713
      1.000000
      0.000000
      0.342150
      0.666362
      0.957100
      1.198830
      1.382583
      1.499390
      1.549250
      1.532164
      1.457100
      1.333028
      1.175483
      1.000000
      0.000000
      0.333380
      0.649625
      0.933140
      1.169842
      1.349853
      1.465917
      1.516520
      1.503175
      1.433140
      1.316292
      1.166713
      1.000000
      0.000000
      0.307475
      0.599415
      0.862367
      1.082876
      1.253175
      1.365497
      1.419842
      1.416209
      1.362367
      1.266082
      1.140808
      1.000000
      0.000000
      0.266380
      0.520217
      0.750093
      0.945700
      1.099806
      1.207100
      1.266473
      1.279033
      1.250093
      1.186883
      1.099713
      1.000000
      0.000000
      0.212742
      0.416514
      0.603550
      0.766082
      0.899625
      0.999695
      1.066292
      1.099415
      1.103550
      1.083181
      1.046075
      1.000000
      0.000000
      0.150333
      0.296075
      0.433047
      0.557475
      0.666713
      0.758817
      0.833380
      0.890808
      0.933047
      0.962742
      0.983666
      1.000000
      0.000000
      0.083333
      0.166667
      0.250000
      0.333333
      0.416667
      0.500000
      0.583333
      0.666667
      0.750000
      0.833333
      0.916667
      1.000000
