      0.000000
      0.000000
     -0.000000
     -0.000000
      0.000000
     -0.000000
      0.000000
      0.000000
      0.000000
      0.000000
     -0.000000
      0.000000
      0.000000
      0.000000
      0.065973
      0.127624
      0.180241
      0.221051
      0.246213
      0.255247
      0.246213
      0.221051
      0.180241
      0.127624
      0.065973
      0.000000
      0.000000
      0.127624
      0.248061
      0.348674
      0.429653
      0.476298
      0.496121
      0.476298
      0.429653
      0.348674
      0.248061
      0.127624
      0.000000
     -0.000000
      0.180241
      0.348674
      0.492427
      0.603921
      0.672668
      0.697348
      0.672668
      0.603921
      0.492427
      0.348674
      0.180241
      0.000000
      0.000000
      0.221051
      0.429653
      0.603921
      0.744182
      0.824972
      0.859307
      0.824972
      0.744182
      0.603921
      0.429653
      0.221051
      0.000000
      0.000000
      0.246213
      0.476298
      0.672668
      0.824972
      0.918881
      0.952596
      0.918881
      0.824972
      0.672668
      0.476298
      0.246213
      0.000000
      0.000000
      0.255247
      0.496121
      0.697348
      0.859307
      0.952596
      0.992242
      0.952596
      0.859307
      0.697348
      0.496121
      0.255247
      0.000000
      0.000000
      0.246213
      0.476298
      0.672668
      0.824972
      0.918881
      0.952596
      0.918881
      0.824972
      0.672668
      0.476298
      0.246213
      0.000000
     -0.000000
      0.221051
      0.429653
      0.603921
      0.744182
      0.824972
      0.859307
      0.824972
      0.744182
      0.603921
      0.429653
      0.221051
      0.000000
      0.000000
      0.180241
      0.348674
      0.492427
      0.603921
      0.672668
      0.697348
      0.672668
      0.603921
      0.492427
      0.348674
      0.180241
      0.000000
      0.000000
      0.127624
      0.248061
      0.348674
      0.429653
      0.476298
      0.496121
      0.476298
      0.429653
      0.348674
      0.248061
      0.127624
      0.000000
     -0.000000
      0.065973
      0.127624
      0.180241
      0.221051
      0.246213
      0.255247
      0.246213
      0.221051
      0.180241
      0.127624
      0.065973
      0.000000
      0.000000
      0.000000
      0.000000
      0.000000
      0.000000
      0.000000
      0.000000
      0.000000
      0.000000
      0.000000
      0.000000
      0.000000
      0.000000
