      0.000000
     -0.000000
      0.000000
     -0.000000
     -0.000000
     -0.000000
      0.000000
      0.000000
      0.000000
      0.000000
     -0.000000
      0.000000
      0.000000
      0.000000
      0.066489
      0.128531
      0.181652
      0.222621
      0.248142
      0.257061
      0.248142
      0.222621
      0.181652
      0.128531
      0.066489
      0.000000
      0.000000
      0.128531
      0.249182
      0.351152
      0.431596
      0.479683
      0.498364
      0.479683
      0.431596
      0.351152
      0.249182
      0.128531
      0.000000
     -0.000000
      0.181652
      0.351152
      0.496283
      0.608213
      0.677935
      0.702304
      0.677935
      0.608213
      0.496283
      0.351152
      0.181652
      0.000000
     -0.000000
      0.222621
      0.431596
      0.608213
      0.747546
      0.830835
      0.863192
      0.830835
      0.747546
      0.608213
      0.431596
      0.222621
      0.000000
      0.000000
      0.248142
      0.479683
      0.677935
      0.830835
      0.926077
      0.959365
      0.926077
      0.830835
      0.677935
      0.479683
      0.248142
      0.000000
     -0.000000
      0.257061
      0.498364
      0.702304
      0.863192
      0.959365
      0.996728
      0.959365
      0.863192
      0.702304
      0.498364
      0.257061
      0.000000
      0.000000
      0.248142
      0.479683
      0.677935
      0.830835
      0.926077
      0.959365
      0.926077
      0.830835
      0.677935
      0.479683
      0.248142
      0.000000
      0.000000
      0.222621
      0.431596
      0.608213
      0.747546
      0.830835
      0.863192
      0.830835
      0.747546
      0.608213
      0.431596
      0.222621
      0.000000
     -0.000000
      0.181652
      0.351152
      0.496283
      0.608213
      0.677935
      0.702304
      0.677935
      0.608213
      0.496283
      0.351152
      0.181652
      0.000000
      0.000000
      0.128531
      0.249182
      0.351152
      0.431596
      0.479683
      0.498364
      0.479683
      0.431596
      0.351152
      0.249182
      0.128531
      0.000000
     -0.000000
      0.066489
      0.128531
      0.181652
      0.222621
      0.248142
      0.257061
      0.248142
      0.222621
      0.181652
      0.128531
      0.066489
      0.000000
      0.000000
      0.000000
      0.000000
      0.000000
      0.000000
      0.000000
      0.000000
      0.000000
      0.000000
      0.000000
      0.000000
      0.000000
      0.000000
