      0.000000
      0.000000
      0.000000
      0.000000
      0.000000
     -0.000000
      0.000000
      0.000000
     -0.000000
      0.000000
     -0.000000
      0.000000
      0.000000
      0.000000
      0.066853
      0.129169
      0.182647
      0.223727
      0.249500
      0.258337
      0.249500
      0.223727
      0.182647
      0.129169
      0.066853
      0.000000
      0.000000
      0.129169
      0.249818
      0.352895
      0.432698
      0.482064
      0.499636
      0.482064
      0.432698
      0.352895
      0.249818
      0.129169
      0.000000
     -0.000000
      0.182647
      0.352895
      0.499001
      0.611233
      0.681648
      0.705791
      0.681648
      0.611233
      0.499001
      0.352895
      0.182647
      0.000000
     -0.000000
      0.223727
      0.432698
      0.611233
      0.749454
      0.834960
      0.865395
      0.834960
      0.749454
      0.611233
      0.432698
      0.223727
      0.000000
     -0.000000
      0.249500
      0.482064
      0.681648
      0.834960
      0.931149
      0.964128
      0.931149
      0.834960
      0.681648
      0.482064
      0.249500
      0.000000
      0.000000
      0.258337
      0.499636
      0.705791
      0.865395
      0.964128
      0.999273
      0.964128
      0.865395
      0.705791
      0.499636
      0.258337
      0.000000
     -0.000000
      0.249500
      0.482064
      0.681648
      0.834960
      0.931149
      0.964128
      0.931149
      0.834960
      0.681648
      0.482064
      0.249500
      0.000000
      0.000000
      0.223727
      0.432698
      0.611233
      0.749454
      0.834960
      0.865395
      0.834960
      0.749454
      0.611233
      0.432698
      0.223727
      0.000000
      0.000000
      0.182647
      0.352895
      0.499001
      0.611233
      0.681648
      0.705791
      0.681648
      0.611233
      0.499001
      0.352895
      0.182647
      0.000000
     -0.000000
      0.129169
      0.249818
      0.352895
      0.432698
      0.482064
      0.499636
      0.482064
      0.432698
      0.352895
      0.249818
      0.129169
      0.000000
      0.000000
      0.066853
      0.129169
      0.182647
      0.223727
      0.249500
      0.258337
      0.249500
      0.223727
      0.182647
      0.129169
      0.066853
      0.000000
      0.000000
      0.000000
      0.000000
      0.000000
      0.000000
      0.000000
      0.000000
      0.000000
      0.000000
      0.000000
      0.000000
      0.000000
      0.000000
