      0.000000
     -0.000000
     -0.000000
     -0.000000
      0.000000
     -0.000000
     -0.000000
      0.000000
      0.000000
      0.000000
      0.000000
      0.000000
      0.000000
      0.000000
      0.066332
      0.128255
      0.181222
      0.222145
      0.247555
      0.256511
      0.247555
      0.222145
      0.181222
      0.128255
      0.066332
      0.000000
      0.000000
      0.128255
      0.248862
      0.350400
      0.431042
      0.478655
      0.497724
      0.478655
      0.431042
      0.350400
      0.248862
      0.128255
      0.000000
      0.000000
      0.181222
      0.350400
      0.495109
      0.606911
      0.676332
      0.700800
      0.676332
      0.606911
      0.495109
      0.350400
      0.181222
      0.000000
     -0.000000
      0.222145
      0.431042
      0.606911
      0.746586
      0.829055
      0.862084
      0.829055
      0.746586
      0.606911
      0.431042
      0.222145
      0.000000
      0.000000
      0.247555
      0.478655
      0.676332
      0.829055
      0.923886
      0.957311
      0.923886
      0.829055
      0.676332
      0.478655
      0.247555
      0.000000
     -0.000000
      0.256511
      0.497724
      0.700800
      0.862084
      0.957311
      0.995449
      0.957311
      0.862084
      0.700800
      0.497724
      0.256511
      0.000000
     -0.000000
      0.247555
      0.478655
      0.676332
      0.829055
      0.923886
      0.957311
      0.923886
      0.829055
      0.676332
      0.478655
      0.247555
      0.000000
      0.000000
      0.222145
      0.431042
      0.606911
      0.746586
      0.829055
      0.862084
      0.829055
      0.746586
      0.606911
      0.431042
      0.222145
      0.000000
      0.000000
      0.181222
      0.350400
      0.495109
      0.606911
      0.676332
      0.700800
      0.676332
      0.606911
      0.495109
      0.350400
      0.181222
      0.000000
     -0.000000
      0.128255
      0.248862
      0.350400
      0.431042
      0.478655
      0.497724
      0.478655
      0.431042
      0.350400
      0.248862
      0.128255
      0.000000
      0.000000
      0.066332
      0.128255
      0.181222
      0.222145
      0.247555
      0.256511
      0.247555
      0.222145
      0.181222
      0.128255
      0.066332
      0.000000
      0.000000
      0.000000
      0.000000
      0.000000
      0.000000
      0.000000
      0.000000
      0.000000
      0.000000
      0.000000
      0.000000
      0.000000
      0.000000
