      0.000000
     -0.000000
      0.000000
      0.000000
      0.000000
      0.000000
      0.000000
      0.000000
      0.000000
      0.000000
     -0.000000
     -0.000000
      0.000000
      0.000000
      0.066159
      0.127952
      0.180751
      0.221620
      0.246910
      0.255905
      0.246910
      0.221620
      0.180751
      0.127952
      0.066159
      0.000000
      0.000000
      0.127952
      0.248488
      0.349572
      0.430394
      0.477525
      0.496976
      0.477525
      0.430394
      0.349572
      0.248488
      0.127952
      0.000000
     -0.000000
      0.180751
      0.349572
      0.493820
      0.605477
      0.674571
      0.699145
      0.674571
      0.605477
      0.493820
      0.349572
      0.180751
      0.000000
      0.000000
      0.221620
      0.430394
      0.605477
      0.745464
      0.827097
      0.860788
      0.827097
      0.745464
      0.605477
      0.430394
      0.221620
      0.000000
      0.000000
      0.246910
      0.477525
      0.674571
      0.827097
      0.921481
      0.955050
      0.921481
      0.827097
      0.674571
      0.477525
      0.246910
      0.000000
     -0.000000
      0.255905
      0.496976
      0.699145
      0.860788
      0.955050
      0.993952
      0.955050
      0.860788
      0.699145
      0.496976
      0.255905
      0.000000
      0.000000
      0.246910
      0.477525
      0.674571
      0.827097
      0.921481
      0.955050
      0.921481
      0.827097
      0.674571
      0.477525
      0.246910
      0.000000
     -0.000000
      0.221620
      0.430394
      0.605477
      0.745464
      0.827097
      0.860788
      0.827097
      0.745464
      0.605477
      0.430394
      0.221620
      0.000000
     -0.000000
      0.180751
      0.349572
      0.493820
      0.605477
      0.674571
      0.699145
      0.674571
      0.605477
      0.493820
      0.349572
      0.180751
      0.000000
     -0.000000
      0.127952
      0.248488
      0.349572
      0.430394
      0.477525
      0.496976
      0.477525
      0.430394
      0.349572
      0.248488
      0.127952
      0.000000
      0.000000
      0.066159
      0.127952
      0.180751
      0.221620
      0.246910
      0.255905
      0.246910
      0.221620
      0.180751
      0.127952
      0.066159
      0.000000
      0.000000
      0.000000
      0.000000
      0.000000
      0.000000
      0.000000
      0.000000
      0.000000
      0.000000
      0.000000
      0.000000
      0.000000
      0.000000
