      0.000000
      0.000000
      0.000000
     -0.000000
     -0.000000
     -0.000000
      0.000000
     -0.000000
     -0.000000
      0.000000
      0.000000
      0.000000
      0.000000
      0.000000
      0.066630
      0.128776
      0.182036
      0.223047
      0.248666
      0.257552
      0.248666
      0.223047
      0.182036
      0.128776
      0.066630
      0.000000
      0.000000
      0.128776
      0.249447
      0.351823
      0.432055
      0.480599
      0.498894
      0.480599
      0.432055
      0.351823
      0.249447
      0.128776
      0.000000
      0.000000
      0.182036
      0.351823
      0.497332
      0.609375
      0.679368
      0.703646
      0.679368
      0.609375
      0.497332
      0.351823
      0.182036
      0.000000
      0.000000
      0.223047
      0.432055
      0.609375
      0.748341
      0.832422
      0.864110
      0.832422
      0.748341
      0.609375
      0.432055
      0.223047
      0.000000
      0.000000
      0.248666
      0.480599
      0.679368
      0.832422
      0.928034
      0.961198
      0.928034
      0.832422
      0.679368
      0.480599
      0.248666
      0.000000
     -0.000000
      0.257552
      0.498894
      0.703646
      0.864110
      0.961198
      0.997789
      0.961198
      0.864110
      0.703646
      0.498894
      0.257552
      0.000000
      0.000000
      0.248666
      0.480599
      0.679368
      0.832422
      0.928034
      0.961198
      0.928034
      0.832422
      0.679368
      0.480599
      0.248666
      0.000000
     -0.000000
      0.223047
      0.432055
      0.609375
      0.748341
      0.832422
      0.864110
      0.832422
      0.748341
      0.609375
      0.432055
      0.223047
      0.000000
      0.000000
      0.182036
      0.351823
      0.497332
      0.609375
      0.679368
      0.703646
      0.679368
      0.609375
      0.497332
      0.351823
      0.182036
      0.000000
     -0.000000
      0.128776
      0.249447
      0.351823
      0.432055
      0.480599
      0.498894
      0.480599
      0.432055
      0.351823
      0.249447
      0.128776
      0.000000
     -0.000000
      0.066630
      0.128776
      0.182036
      0.223047
      0.248666
      0.257552
      0.248666
      0.223047
      0.182036
      0.128776
      0.066630
      0.000000
      0.000000
      0.000000
      0.000000
      0.000000
      0.000000
      0.000000
      0.000000
      0.000000
      0.000000
      0.000000
      0.000000
      0.000000
      0.000000
