      0.218418        0.956318  
      0.829509        0.561695  
      0.415307        0.066119  
      0.257578        0.109957  
      0.032672        0.621551  
      0.070861        0.470812  
      0.401306        0.754673  
      0.795324        0.011602  
      0.897504        0.350752  
      0.094545        0.007750  
      0.842050        0.832753  
      0.267104        0.882825  
      0.113664        0.351629  
      0.822887        0.267132  
      0.676151        0.572980  
      0.877280        0.449500  
      0.925363        0.580002  
      0.188955        0.761492  
      0.404633        0.171131  
      0.585532        0.374316  
      0.212930        0.714471  
      0.126750        0.295262  
      0.061862        0.710781  
      0.103247        0.774887  
      0.745303        0.308675  
      0.899373        0.763537  
      0.768632        0.391070  
      0.017820        0.501103  
      0.041909        0.368851  
      0.029037        0.017442  
      0.152384        0.114319  
      0.353907        0.119308  
      0.206653        0.212924  
      0.612948        0.809519  
      0.590223        0.205986  
      0.748422        0.735852  
      0.468329        0.862565  
      0.945018        0.909057  
      0.519726        0.030195  
      0.495437        0.298818  
      0.902640        0.667841  
      0.833282        0.964404  
      0.740790        0.456099  
      0.641483        0.409834  
      0.540539        0.832281  
      0.145756        0.717128  
      0.530238        0.376837  
      0.771043        0.912276  
      0.320633        0.877413  
      0.679476        0.949176  
      0.102278        0.991406  
      0.563260        0.704527  
      0.994146        0.604334  
      0.046145        0.562029  
      0.478380        0.141938  
      0.198688        0.858111  
      0.040624        0.773973  
      0.155941        0.895727  
      0.572300        0.639618  
      0.628397        0.469879  
      0.258509        0.754493  
      0.304735        0.684345  
      0.131231        0.595555  
      0.848580        0.083143  
      0.383972        0.411112  
      0.538036        0.775243  
      0.584076        0.559778  
      0.692814        0.121905  
      0.858971        0.722382  
      0.684731        0.278111  
