    0.0000000000000000e+00
   -0.0000000000000000e+00
    1.0408340855860843e-16
   -2.0816681711721685e-16
    1.2490009027033011e-16
   -8.3266726846886741e-17
    1.2490009027033011e-16
   -0.0000000000000000e+00
    0.0000000000000000e+00
    0.0000000000000000e+00
    1.0874026247845114e-01
    2.0072699027519669e-01
    2.6252221645148688e-01
    2.8387083198151558e-01
    2.6252221645148699e-01
    2.0072699027519686e-01
    1.0874026247845127e-01
    3.4718597078623920e-17
   -1.6653345369377348e-16
    2.0072699027519667e-01
    3.6973567419741515e-01
    4.8459782225671222e-01
    5.2288520494314461e-01
    4.8459782225671244e-01
    3.6973567419741549e-01
    2.0072699027519694e-01
    6.4151602476893561e-17
    1.6653345369377346e-16
    2.6252221645148682e-01
    4.8459782225671216e-01
    6.3378469538142512e-01
    6.8532481253190902e-01
    6.3378469538142523e-01
    4.8459782225671238e-01
    2.6252221645148716e-01
    8.3818107933780765e-17
   -0.0000000000000000e+00
    2.8387083198151547e-01
    5.2288520494314450e-01
    6.8532481253190902e-01
    7.3947134839483064e-01
    6.8532481253190913e-01
    5.2288520494314494e-01
    2.8387083198151580e-01
    9.0724066270790336e-17
    3.3306690738754691e-16
    2.6252221645148704e-01
    4.8459782225671250e-01
    6.3378469538142523e-01
    6.8532481253190913e-01
    6.3378469538142557e-01
    4.8459782225671272e-01
    2.6252221645148727e-01
    8.3818107933780765e-17
   -0.0000000000000000e+00
    2.0072699027519678e-01
    3.6973567419741538e-01
    4.8459782225671238e-01
    5.2288520494314472e-01
    4.8459782225671250e-01
    3.6973567419741554e-01
    2.0072699027519694e-01
    6.4151602476893586e-17
   -8.3266726846886728e-17
    1.0874026247845119e-01
    2.0072699027519678e-01
    2.6252221645148699e-01
    2.8387083198151564e-01
    2.6252221645148710e-01
    2.0072699027519689e-01
    1.0874026247845124e-01
    3.4718597078623926e-17
    0.0000000000000000e+00
    3.4718597078623920e-17
    6.4151602476893561e-17
    8.3818107933780765e-17
    9.0724066270790336e-17
    8.3818107933780765e-17
    6.4151602476893586e-17
    3.4718597078623926e-17
    1.1110493736415572e-32
