    0.0000000000000000e+00
   -0.0000000000000000e+00
    2.0816681711721685e-16
   -1.2490009027033011e-16
   -2.9143354396410359e-16
   -4.1633363423443370e-17
    2.9143354396410359e-16
    8.3266726846886741e-17
    0.0000000000000000e+00
    0.0000000000000000e+00
    1.1431174964706198e-01
    2.1101157000417575e-01
    2.7597297633653489e-01
    2.9841542411754512e-01
    2.7597297633653506e-01
    2.1101157000417592e-01
    1.1431174964706210e-01
    3.6498657615482392e-17
   -1.6653345369377348e-16
    2.1101157000417564e-01
    3.8867969370728672e-01
    5.0942699412172077e-01
    5.4967609425986563e-01
    5.0942699412172110e-01
    3.8867969370728706e-01
    2.1101157000417589e-01
    6.7440725470162761e-17
   -1.6653345369377346e-16
    2.7597297633653473e-01
    5.0942699412172066e-01
    6.6625770232013182e-01
    7.2043856412589669e-01
    6.6625770232013204e-01
    5.0942699412172099e-01
    2.7597297633653517e-01
    8.8115554223709620e-17
   -1.6653345369377348e-16
    2.9841542411754496e-01
    5.4967609425986530e-01
    7.2043856412589657e-01
    7.7735938741457389e-01
    7.2043856412589691e-01
    5.4967609425986586e-01
    2.9841542411754540e-01
    9.5375588616184811e-17
   -1.6653345369377346e-16
    2.7597297633653495e-01
    5.0942699412172099e-01
    6.6625770232013204e-01
    7.2043856412589680e-01
    6.6625770232013226e-01
    5.0942699412172132e-01
    2.7597297633653528e-01
    8.8115554223709620e-17
   -0.0000000000000000e+00
    2.1101157000417575e-01
    3.8867969370728694e-01
    5.0942699412172088e-01
    5.4967609425986541e-01
    5.0942699412172099e-01
    3.8867969370728711e-01
    2.1101157000417595e-01
    6.7440725470162773e-17
    8.3266726846886728e-17
    1.1431174964706201e-01
    2.1101157000417572e-01
    2.7597297633653495e-01
    2.9841542411754512e-01
    2.7597297633653506e-01
    2.1101157000417589e-01
    1.1431174964706210e-01
    3.6498657615482398e-17
    0.0000000000000000e+00
    3.6498657615482392e-17
    6.7440725470162761e-17
    8.8115554223709620e-17
    9.5375588616184811e-17
    8.8115554223709620e-17
    6.7440725470162773e-17
    3.6498657615482398e-17
    1.1680140931560548e-32
