    0.0000000000000000e+00
   -8.3266726846886741e-17
    6.2450045135165055e-17
   -1.6653345369377348e-16
   -2.9143354396410359e-16
    4.1633363423443370e-17
    4.1633363423443370e-17
   -0.0000000000000000e+00
    0.0000000000000000e+00
    0.0000000000000000e+00
    9.8394866806195233e-02
    1.8163010640759555e-01
    2.3754622191141075e-01
    2.5686375981689002e-01
    2.3754622191141092e-01
    1.8163010640759569e-01
    9.8394866806195330e-02
    3.1414685738452875e-17
   -8.3266726846886741e-17
    1.8163010640759555e-01
    3.3455954156982537e-01
    4.3849386622448555e-01
    4.7313864110937243e-01
    4.3849386622448588e-01
    3.3455954156982559e-01
    1.8163010640759569e-01
    5.8046770348061644e-17
   -0.0000000000000000e+00
    2.3754622191141067e-01
    4.3849386622448550e-01
    5.7348731062901681e-01
    6.2012397263208119e-01
    5.7348731062901703e-01
    4.3849386622448572e-01
    2.3754622191141095e-01
    7.5841760367461573e-17
   -0.0000000000000000e+00
    2.5686375981688991e-01
    4.7313864110937215e-01
    6.2012397263208097e-01
    6.6911908313965085e-01
    6.2012397263208130e-01
    4.7313864110937254e-01
    2.5686375981689025e-01
    8.2090529878185218e-17
   -0.0000000000000000e+00
    2.3754622191141087e-01
    4.3849386622448572e-01
    5.7348731062901703e-01
    6.2012397263208141e-01
    5.7348731062901726e-01
    4.3849386622448605e-01
    2.3754622191141106e-01
    7.5841760367461573e-17
   -8.3266726846886741e-17
    1.8163010640759558e-01
    3.3455954156982542e-01
    4.3849386622448561e-01
    4.7313864110937237e-01
    4.3849386622448577e-01
    3.3455954156982570e-01
    1.8163010640759572e-01
    5.8046770348061656e-17
   -0.0000000000000000e+00
    9.8394866806195261e-02
    1.8163010640759555e-01
    2.3754622191141081e-01
    2.5686375981689008e-01
    2.3754622191141095e-01
    1.8163010640759572e-01
    9.8394866806195330e-02
    3.1414685738452881e-17
    0.0000000000000000e+00
    3.1414685738452875e-17
    5.8046770348061644e-17
    7.5841760367461573e-17
    8.2090529878185218e-17
    7.5841760367461573e-17
    5.8046770348061656e-17
    3.1414685738452881e-17
    1.0053190465562968e-32
