    0.0000000000000000e+00
   -0.0000000000000000e+00
    1.2490009027033011e-16
   -8.3266726846886741e-17
   -1.6653345369377348e-16
    2.0816681711721685e-16
    4.1633363423443370e-17
    1.6653345369377348e-16
    0.0000000000000000e+00
    0.0000000000000000e+00
    9.3596546884248122e-02
    1.7277274026036127e-01
    2.2596205287924107e-01
    2.4433755248456696e-01
    2.2596205287924118e-01
    1.7277274026036135e-01
    9.3596546884248233e-02
    2.9882573435859314e-17
   -0.0000000000000000e+00
    1.7277274026036124e-01
    3.1824442500492706e-01
    4.1711029274492822e-01
    4.5006558199159530e-01
    4.1711029274492833e-01
    3.1824442500492722e-01
    1.7277274026036138e-01
    5.5215795952311781e-17
    1.6653345369377346e-16
    2.2596205287924098e-01
    4.1711029274492811e-01
    5.4552065264273031e-01
    5.8988303300528955e-01
    5.4552065264273031e-01
    4.1711029274492828e-01
    2.2596205287924123e-01
    7.2142914067461521e-17
   -0.0000000000000000e+00
    2.4433755248456693e-01
    4.5006558199159519e-01
    5.8988303300528944e-01
    6.3648885000985433e-01
    5.8988303300528966e-01
    4.5006558199159552e-01
    2.4433755248456709e-01
    7.8086927492984785e-17
   -0.0000000000000000e+00
    2.2596205287924115e-01
    4.1711029274492833e-01
    5.4552065264273031e-01
    5.8988303300528955e-01
    5.4552065264273053e-01
    4.1711029274492856e-01
    2.2596205287924123e-01
    7.2142914067461521e-17
    8.3266726846886741e-17
    1.7277274026036130e-01
    3.1824442500492711e-01
    4.1711029274492811e-01
    4.5006558199159513e-01
    4.1711029274492833e-01
    3.1824442500492728e-01
    1.7277274026036138e-01
    5.5215795952311800e-17
    8.3266726846886728e-17
    9.3596546884248136e-02
    1.7277274026036124e-01
    2.2596205287924109e-01
    2.4433755248456693e-01
    2.2596205287924112e-01
    1.7277274026036132e-01
    9.3596546884248205e-02
    2.9882573435859320e-17
    0.0000000000000000e+00
    2.9882573435859314e-17
    5.5215795952311781e-17
    7.2142914067461521e-17
    7.8086927492984785e-17
    7.2142914067461521e-17
    5.5215795952311800e-17
    2.9882573435859320e-17
    9.5628905809535262e-33
