    0.0000000000000000e+00
   -8.3266726846886741e-17
    1.0408340855860843e-16
   -2.0816681711721685e-16
    2.0816681711721685e-16
   -0.0000000000000000e+00
    2.9143354396410359e-16
    4.1633363423443370e-17
    0.0000000000000000e+00
    0.0000000000000000e+00
    1.2016519717965483e-01
    2.2181663099933374e-01
    2.9010444875635993e-01
    3.1369608791916626e-01
    2.9010444875636016e-01
    2.2181663099933405e-01
    1.2016519717965503e-01
    3.8369983807681292e-17
   -0.0000000000000000e+00
    2.2181663099933371e-01
    4.0858243078470596e-01
    5.3551271891849983e-01
    5.7782281496309795e-01
    5.3551271891850027e-01
    4.0858243078470652e-01
    2.2181663099933410e-01
    7.0898485405412449e-17
    1.6653345369377346e-16
    2.9010444875635982e-01
    5.3551271891849972e-01
    7.0037409469237477e-01
    7.5732934991783374e-01
    7.0037409469237499e-01
    5.3551271891850027e-01
    2.9010444875636032e-01
    9.2633335296540202e-17
   -0.0000000000000000e+00
    3.1369608791916609e-01
    5.7782281496309773e-01
    7.5732934991783374e-01
    8.1716486156941259e-01
    7.5732934991783396e-01
    5.7782281496309829e-01
    3.1369608791916648e-01
    1.0026559961204525e-16
    1.6653345369377346e-16
    2.9010444875636004e-01
    5.3551271891850005e-01
    7.0037409469237499e-01
    7.5732934991783396e-01
    7.0037409469237544e-01
    5.3551271891850050e-01
    2.9010444875636038e-01
    9.2633335296540202e-17
   -0.0000000000000000e+00
    2.2181663099933382e-01
    4.0858243078470624e-01
    5.3551271891849994e-01
    5.7782281496309795e-01
    5.3551271891850027e-01
    4.0858243078470657e-01
    2.2181663099933402e-01
    7.0898485405412474e-17
   -0.0000000000000000e+00
    1.2016519717965492e-01
    2.2181663099933385e-01
    2.9010444875636004e-01
    3.1369608791916626e-01
    2.9010444875636021e-01
    2.2181663099933402e-01
    1.2016519717965500e-01
    3.8369983807681298e-17
    0.0000000000000000e+00
    3.8369983807681292e-17
    7.0898485405412449e-17
    9.2633335296540202e-17
    1.0026559961204525e-16
    9.2633335296540202e-17
    7.0898485405412474e-17
    3.8369983807681298e-17
    1.2278994562948131e-32
