    0.0000000000000000e+00
   -0.0000000000000000e+00
    4.1633363423443370e-17
   -1.6653345369377348e-16
   -8.3266726846886741e-17
   -4.9960036108132044e-16
    1.6653345369377348e-16
    8.3266726846886741e-17
    0.0000000000000000e+00
    0.0000000000000000e+00
    1.2631140471944768e-01
    2.3316213889475981e-01
    3.0494270635608761e-01
    3.2974105905688889e-01
    3.0494270635608778e-01
    2.3316213889476009e-01
    1.2631140471944788e-01
    4.0337254945431404e-17
   -1.6653345369377348e-16
    2.3316213889475981e-01
    4.2948066178531208e-01
    5.6290319795164856e-01
    6.0737737667376102e-01
    5.6290319795164911e-01
    4.2948066178531258e-01
    2.3316213889476015e-01
    7.4533528483547493e-17
   -1.6653345369377346e-16
    3.0494270635608739e-01
    5.6290319795164845e-01
    7.3619681743162291e-01
    7.9606533684640857e-01
    7.3619681743162335e-01
    5.6290319795164889e-01
    3.0494270635608794e-01
    9.7382747958161677e-17
   -3.3306690738754696e-16
    3.2974105905688861e-01
    6.0737737667376068e-01
    7.9606533684640857e-01
    8.5896132357062460e-01
    7.9606533684640868e-01
    6.0737737667376113e-01
    3.2974105905688905e-01
    1.0540632683295426e-16
    1.6653345369377346e-16
    3.0494270635608772e-01
    5.6290319795164878e-01
    7.3619681743162313e-01
    7.9606533684640868e-01
    7.3619681743162346e-01
    5.6290319795164911e-01
    3.0494270635608794e-01
    9.7382747958161677e-17
   -1.6653345369377348e-16
    2.3316213889475992e-01
    4.2948066178531230e-01
    5.6290319795164867e-01
    6.0737737667376079e-01
    5.6290319795164889e-01
    4.2948066178531247e-01
    2.3316213889476006e-01
    7.4533528483547506e-17
   -8.3266726846886728e-17
    1.2631140471944774e-01
    2.3316213889475990e-01
    3.0494270635608772e-01
    3.2974105905688889e-01
    3.0494270635608783e-01
    2.3316213889476006e-01
    1.2631140471944782e-01
    4.0337254945431410e-17
    0.0000000000000000e+00
    4.0337254945431404e-17
    7.4533528483547493e-17
    9.7382747958161677e-17
    1.0540632683295426e-16
    9.7382747958161677e-17
    7.4533528483547506e-17
    4.0337254945431410e-17
    1.2908552076585720e-32
