    0.0000000000000000e+00
   -0.0000000000000000e+00
   -8.3266726846886741e-17
    4.1633363423443370e-17
   -4.1633363423443370e-17
   -4.1633363423443370e-17
   -1.2490009027033011e-16
    8.3266726846886741e-17
    0.0000000000000000e+00
    0.0000000000000000e+00
    8.9032018132565852e-02
    1.6434693643809184e-01
    2.1494230566108780e-01
    2.3242166644521853e-01
    2.1494230566108788e-01
    1.6434693643809192e-01
    8.9032018132565935e-02
    2.8425183131992782e-17
    1.6653345369377348e-16
    1.6434693643809187e-01
    3.0272423884256378e-01
    3.9676860288331034e-01
    4.2811672423022590e-01
    3.9676860288331056e-01
    3.0272423884256394e-01
    1.6434693643809198e-01
    5.2522889807066395e-17
    1.6653345369377346e-16
    2.1494230566108766e-01
    3.9676860288331023e-01
    5.1891662945474137e-01
    5.6111553932140223e-01
    5.1891662945474137e-01
    3.9676860288331028e-01
    2.1494230566108782e-01
    6.8624462630195888e-17
   -0.0000000000000000e+00
    2.3242166644521844e-01
    4.2811672423022584e-01
    5.6111553932140223e-01
    6.0544847768512777e-01
    5.6111553932140235e-01
    4.2811672423022601e-01
    2.3242166644521861e-01
    7.4278583100180900e-17
   -0.0000000000000000e+00
    2.1494230566108782e-01
    3.9676860288331045e-01
    5.1891662945474148e-01
    5.6111553932140235e-01
    5.1891662945474160e-01
    3.9676860288331062e-01
    2.1494230566108796e-01
    6.8624462630195888e-17
   -8.3266726846886741e-17
    1.6434693643809187e-01
    3.0272423884256389e-01
    3.9676860288331028e-01
    4.2811672423022579e-01
    3.9676860288331040e-01
    3.0272423884256400e-01
    1.6434693643809201e-01
    5.2522889807066413e-17
    4.1633363423443364e-17
    8.9032018132565865e-02
    1.6434693643809187e-01
    2.1494230566108780e-01
    2.3242166644521850e-01
    2.1494230566108785e-01
    1.6434693643809198e-01
    8.9032018132565921e-02
    2.8425183131992788e-17
    0.0000000000000000e+00
    2.8425183131992782e-17
    5.2522889807066395e-17
    6.8624462630195888e-17
    7.4278583100180900e-17
    6.8624462630195888e-17
    5.2522889807066413e-17
    2.8425183131992788e-17
    9.0965029038837215e-33
