     0.00000    
    0.500000    
    0.250000    
    0.750000    
    0.125000    
    0.625000    
    0.375000    
    0.875000    
    0.625000E-01
    0.562500    
    0.312500    
    0.812500    
    0.187500    
    0.687500    
    0.437500    
    0.937500    
    0.312500E-01
    0.531250    
    0.281250    
    0.781250    
    0.156250    
    0.656250    
    0.406250    
    0.906250    
    0.937500E-01
    0.593750    
    0.343750    
    0.843750    
    0.218750    
    0.718750    
    0.468750    
    0.968750    
    0.156250E-01
    0.515625    
    0.265625    
    0.765625    
    0.140625    
    0.640625    
    0.390625    
    0.890625    
    0.781250E-01
    0.578125    
    0.328125    
    0.828125    
    0.203125    
    0.703125    
    0.453125    
    0.953125    
    0.468750E-01
    0.546875    
    0.296875    
    0.796875    
    0.171875    
    0.671875    
    0.421875    
    0.921875    
    0.109375    
    0.609375    
    0.359375    
    0.859375    
    0.234375    
    0.734375    
    0.484375    
    0.984375    
    0.781250E-02
    0.507812    
    0.257812    
    0.757812    
    0.132812    
    0.632812    
    0.382812    
    0.882812    
    0.703125E-01
    0.570312    
    0.320312    
    0.820312    
    0.195312    
    0.695312    
    0.445312    
    0.945312    
    0.390625E-01
    0.539062    
    0.289062    
    0.789062    
    0.164062    
    0.664062    
    0.414062    
    0.914062    
    0.101562    
    0.601562    
    0.351562    
    0.851562    
    0.226562    
    0.726562    
    0.476562    
    0.976562    
    0.234375E-01
    0.523438    
    0.273438    
    0.773438    
