    1.0549144747124841e+00
    9.8111050835352198e-01
    9.5292498129364633e-01
    8.8094008374981447e-01
    8.1649259377244854e-01
    7.8355232478098713e-01
    6.9362306747021152e-01
    5.3094571062116480e-01
    4.6442088370461759e-01
    4.0931678241971919e-01
    3.9284743068787525e-01
    3.7053550971173843e-01
    3.8941093233645846e-01
    3.7899952095283562e-01
    3.6217219691009478e-01
    3.8144907490544194e-01
    3.8445306466268320e-01
    3.9997874338804995e-01
    4.4678726950916675e-01
    4.9837014079841596e-01
    5.6311930666057997e-01
    7.2114892031195077e-01
    7.6586254583737112e-01
    8.4053947246225347e-01
    8.9171914917276984e-01
    9.4932143718631190e-01
    1.0005427681294095e+00
    1.0611310769352225e+00
    1.1093023421032402e+00
    1.1217679601021460e+00
    1.1257325371223683e+00
    1.1944500293701066e+00
    1.2543780909285462e+00
    1.2646289317279360e+00
    1.3568941459471242e+00
    1.4853246227503651e+00
    1.6739898823560653e+00
    1.7946577084999593e+00
    1.8792147960546166e+00
    1.8720018252811188e+00
    1.7462261618515269e+00
    1.7887654972224616e+00
    1.8589642714262500e+00
    1.9076440251579712e+00
    2.0372924374051458e+00
    2.1546604431850471e+00
    2.1780395628720157e+00
    2.2006620253853426e+00
    2.2210081980006291e+00
    2.1809612657646738e+00
    2.1036730219253750e+00
    2.0254212602296868e+00
    1.8933587489415584e+00
    1.8749409199500140e+00
    1.9262502863658755e+00
    2.0244463687068692e+00
    2.0479564367438980e+00
    2.0247314056279841e+00
    2.0267111544299783e+00
    2.0805222919970547e+00
    2.1298772310595520e+00
    2.2289368865103909e+00
    2.2130074372667794e+00
    2.3119748415612773e+00
    2.4779514134428040e+00
    2.5767940451268418e+00
    2.7445876545129351e+00
    2.8644889548937025e+00
    3.0238449681380417e+00
    3.1290513092392520e+00
    3.0654852985950782e+00
    3.0183025686541778e+00
    2.9481014006946098e+00
    2.8960919969824914e+00
    2.9547103183310699e+00
    2.8945675118437921e+00
    2.7106300609839762e+00
    2.5576317355802964e+00
    2.3943276075880724e+00
    2.2152103940702270e+00
    2.0568169365005136e+00
    1.9018353515687239e+00
    1.8253666209322121e+00
    1.7712399347129140e+00
    1.5803912920653544e+00
    1.5541146475076357e+00
    1.5489832009211719e+00
    1.3356670643101136e+00
    1.2322598394662421e+00
    1.1128458257396998e+00
    5.1209292668643724e-01
    5.5282879309286592e-01
    5.9534192936716834e-01
    6.1924421981188149e-01
    6.2127660118734163e-01
    6.4087856955817957e-01
    6.3934678859554772e-01
    5.9994332130718764e-01
    5.5431320593203348e-01
    5.0994792314079407e-01
    4.9737794961792159e-01
    4.3341225564890057e-01
    4.8533998825776037e-01
    3.9853680125100288e-01
   -6.3250589067077090e-01
    5.0881993592650931e-01
    8.4274064811171098e-02
    3.4555439993308922e-02
    8.1691120566711739e-02
    5.6174712097397361e-01
    5.9738365091684997e-01
    4.5116583986044573e-01
    3.3743201395742689e-02
    1.6606237049288963e-01
   -4.1114643452937821e-01
    6.2813192494470149e-01
    6.5901594919173789e-01
    3.7800892809630382e-01
    3.8475566074355844e-01
    3.9925735553712105e-01
    9.4974112984359219e-02
    1.1388060784819032e-01
    3.7214203916973643e-01
   -1.4941353987231390e-01
   -4.8516775615841462e-01
    7.2571970272210573e-01
    3.7464532793418481e-01
   -2.7302075273826865e-01
   -4.2457033410476758e-01
   -4.9363344801434022e-03
   -3.5116841486263578e-01
    7.5482918019761780e-01
    1.9039138335335531e-02
    8.2594307267147823e-02
   -2.6844033267030282e-01
    5.4036756180008538e-01
   -3.4627263179553830e-01
    7.8725059599986391e-01
    3.7807785601730004e-01
    7.8036931134128518e-02
    7.9877933349191757e-02
    2.1076594935282064e-01
   -2.5276036378970801e-01
    7.9643065342126484e-01
    7.9158186324744195e-01
    3.8399002080597311e-01
   -3.8196306234321575e-01
   -1.8529429851237386e-01
   -7.7891614342662702e-02
    9.8136258009330554e-02
    2.3751245898849077e-01
    3.0959049043962067e-01
   -1.3920522520739323e-01
    2.4973355253267021e-01
   -3.3875799985276517e-01
    8.0197365581479130e-01
    3.8171621534006334e-01
    3.8528744783295910e-01
   -5.6920831721464793e-01
    1.6953263482116038e-02
    3.5840096669859572e-01
   -3.6466079420610337e-01
   -5.3506924536792233e-01
   -8.1454951362741645e-01
    8.0869269841797786e-01
    3.6686740913231486e-01
    3.7306492561601662e-01
    7.6481439399661164e-02
    2.1967060294773702e-01
   -1.1382443687063432e-01
   -2.2811782764929645e-01
    2.3712981854490117e-01
    2.7732620918085749e-01
    4.0249386619403310e-01
    4.9839806357931776e-01
    8.3602297535451919e-01
    1.9398446785550136e+00
    2.0179557686375289e+00
    2.1494206248676382e+00
    3.6690028522974033e-01
    9.4302451547638430e-02
   -1.8171889187850035e-01
   -4.2699875320192682e-01
    5.3087848262833603e-01
    5.7453857998627489e-01
   -3.8743990493571462e-01
   -4.7810488122773193e-01
   -3.5898495212191239e-01
    6.9579151665644639e-03
    3.3720519297235380e-01
    8.5862126025455354e-01
    1.8521006559947131e+00
    1.8752851260238730e+00
    3.6851845238580788e-01
    1.9805177459675627e+00
   -1.9029369336732593e+00
    3.7564753968018633e-01
    3.7123375839855000e-01
   -4.1292402877542256e-01
    2.6444935314620666e-01
   -3.1633640400645958e-02
    2.0612128193635448e-01
    5.4867188971050984e-01
    1.6919503969773009e-01
   -4.4659689192450674e-01
    1.5992297559762296e+00
   -1.6485202560617873e+00
    1.2899947633049305e-01
   -1.1034941999057148e+00
   -5.4292716496344096e-01
    2.2759762451311918e+00
    7.1011265656621148e-01
    2.4494385922857429e+00
    1.0895742650891130e-01
    6.6987231185820187e-02
    5.0344296702692914e-01
    4.0431660969877004e-01
   -1.8499524973596371e-01
    4.6671106180368439e-02
    9.0368022189234221e-01
    1.7889213863775686e+00
    1.8067358769126249e+00
   -9.5691459628636810e-01
    9.4342711248339473e-01
   -7.0654908022360652e-01
   -4.7234963835834098e-01
    9.0225637057162811e-01
    2.5012075816781425e+00
    3.8245766821291544e-01
   -1.6437350931072228e-01
    1.7231224266537076e-01
    5.3114510833645923e-01
    6.2703393519898121e-01
   -4.0525452882130714e-01
    2.5940929126527884e-01
   -4.7706616906952284e-02
    6.7151032293668733e-01
    9.2940556828447596e-01
    1.7238621839585793e+00
    1.7481446193083086e+00
    2.2922543617234559e-01
    4.4614850636227810e-01
    1.8190246943972272e+00
   -8.4141982261425052e-01
    1.3922130907884596e+00
   -1.0727464354203167e+00
   -8.2207708525780332e-01
    2.6059979223025560e+00
    3.9402065382013662e-01
    3.8907187549492889e-01
   -1.8927364727463933e-01
   -1.0814751835981652e-01
   -2.4824668801219812e-01
   -4.1082219807030002e-01
   -5.0106514904560640e-01
    5.6941381451697115e-01
    6.3397147751209182e-01
    8.8849743746905338e-02
    7.8664029563225588e-02
   -9.0716875907308558e-01
    9.6149660067069598e-01
    1.6719098898844866e+00
    1.6979889267196908e+00
   -7.9690305929826621e-01
   -9.3850596310052947e-01
   -9.0224876411734711e-01
    1.1322631111269510e+00
    2.2608831137613485e+00
    2.3658782460220191e+00
    2.4187361409326438e+00
    4.3114193023289743e-01
   -4.9167701820551662e-01
   -4.2200836295443751e-02
   -1.2021229040384447e-01
    4.3548614243488132e-02
    5.8349600556534742e-01
    6.1915508512631079e-01
   -1.6288497879519240e-01
    2.5839828469326198e-01
   -2.8573388565588681e-01
    5.4472825648648471e-01
   -2.8576512264946733e-02
    9.7016253615861614e-01
    1.6247168540647905e+00
    1.6487020865508071e+00
    5.2094516818082393e-01
   -1.2875911927273748e-01
    7.5265130651057799e-01
   -9.1452573581985042e-01
   -1.0724954201873271e+00
    3.6642635211383001e-01
   -4.0415714057792163e-01
    2.6563017739036119e+00
    2.7708297935741300e+00
    4.2323086923864928e-01
   -4.0794313512199609e-01
   -1.4605883556754501e-01
   -3.3595646787881184e-01
    3.4358584905685946e-01
   -5.2974746829806252e-01
   -3.0221356949671152e-01
   -5.8481831376525018e-01
   -4.0185187251540089e-01
    6.1879523082906222e-02
   -9.6992789777178146e-01
    1.6022539458296281e+00
   -6.0733757071501981e-01
   -9.4423685744578945e-01
    7.0647208033959297e-01
    3.5670003522126836e-01
    2.3575063576007707e-01
    2.1047022843909722e+00
    2.1809538324042870e+00
    2.5095019598153940e+00
    1.6308724144325049e+00
    4.7243116051816042e-01
    5.0258613159224273e-02
   -1.4589949536452121e-01
    8.6316443558579984e-03
   -1.8610327389769174e-01
   -6.4211832907025049e-02
   -2.2190619572152911e-01
   -7.2780246794924053e-01
    1.5713145526790837e+00
    1.2748941590053082e+00
   -2.1981933707713705e-01
   -9.8060510425501279e-01
    2.2204326600350366e+00
    1.0950469843201915e+00
    2.8330883320436242e+00
    2.9130929965731704e+00
   -4.1209829090374722e-01
    5.4813872600963420e-01
   -1.5007267025665513e-01
   -5.1133313802148236e-02
    4.9958719360852794e-01
    3.2864817629852716e-02
   -5.3060783697548952e-01
    3.6763778954225768e-01
    1.0045562328312465e+00
    1.5628752293337780e+00
    1.1428652932268044e+00
   -4.3574249364861400e-01
    2.5367324573908214e+00
    2.0395266292962799e+00
    2.5416832746418510e+00
   -1.4231210546308732e+00
   -4.5069140294627502e-01
   -2.1172497869744453e+00
    2.9337939902554182e+00
    5.3208343894056442e-01
    5.8751998646007364e-01
    4.0424228936732740e-02
    2.4247147519472417e-01
    2.7785301485535369e-01
    6.0792187381832574e-01
    5.3129856327257985e-01
    1.1043128873002223e-01
   -5.5043427935789002e-01
    5.0767852462165433e-02
    1.0274777618100075e+00
    1.5514232576615070e+00
   -1.1994937391536948e+00
    2.3546803208608735e+00
   -5.6193936390292620e-01
   -2.4897184265414327e+00
    2.6307334426503370e+00
   -2.6823372371462501e-01
   -4.2732122872142919e-01
   -1.9397932222993036e-01
   -2.3858829796472314e+00
    6.1484579906009773e-01
    6.4163998249890586e-01
    1.7870390904449526e-01
    4.5942981134905148e-01
   -3.0527190884377392e-01
   -1.5299583952733323e-01
   -1.1984319038890703e+00
    2.3579108267655066e-01
    1.1508299730897311e+00
   -1.5981785019628327e+00
   -3.0859631175830415e-01
   -3.2091703324392540e-01
    2.1668546639739888e-01
    1.9980556468485040e+00
    2.0307222468372266e+00
    8.7216863182238855e-02
   -2.9063214997238068e-01
    2.9211215331785567e+00
    1.2840816652404655e-01
   -5.5400438686577935e-01
    3.4902536243291177e-01
    8.1177307138751331e-01
   -1.2583511862158769e-01
   -1.7269417349502500e-01
    9.9030562685819901e-01
    5.4929993371006258e-01
   -4.1319628533187208e-01
    1.1918972683232876e+00
    1.4892982171883693e+00
    8.0030682362655448e-01
    1.5498111287821652e+00
    5.3599727107267725e-01
    1.8997432964355205e+00
   -2.0868373293239544e+00
    1.9487229083089321e+00
    1.9748089199677084e+00
    2.6873062270976211e+00
   -7.8445664505992285e-01
   -8.4021990013678383e-01
    6.6707737601456485e-01
    6.9529252244081441e-01
    7.3491373576554575e-01
    7.4965159348929766e-01
    7.9042285480835550e-01
    4.2707450919167028e-01
    1.8438684358934709e-01
    4.6320024005075955e-02
   -6.0699711043092974e-01
   -1.0062735909547516e+00
   -4.0545176888856599e-01
   -1.2207127584926827e+00
    1.2685614827731480e+00
    1.3020466958287318e+00
    1.3685134215479229e+00
    1.4032636650802275e+00
    1.4544877511537848e+00
   -1.8365516613515022e-02
   -7.0555709881928441e-01
   -7.4129412044535903e-01
    2.7851254184478331e+00
    1.9248929359957698e-01
    8.6560931496480964e-01
    7.2700711266555237e-02
    5.7708081866162941e-01
   -1.3064672401690673e+00
    1.1485898967213746e+00
   -5.7514708246082258e-01
   -3.1689793053045262e-01
   -1.9262984484675587e+00
    9.1391094246898497e-01
    1.8531978123105672e+00
   -1.8687825905353699e+00
    3.0339959437691095e+00
   -5.3344680194786165e-01
   -6.6504926676651399e-01
    7.5210332264033408e-01
    1.0373208626728299e+00
    9.8171710293623038e-01
   -6.2137884927251430e-01
   -2.8017104233749968e-01
    1.9238552415724344e+00
   -1.0440139343559260e+00
   -2.5531600839573323e+00
    3.0499138983503675e+00
    1.0297493671495599e+00
    1.0189445775328834e+00
   -5.3782230847917423e-01
   -5.0588779934965478e-01
   -1.8822481007018110e-01
    2.2611459452807531e-01
   -2.7514915549576691e-01
    1.9596108326838237e+00
    2.9184709836942835e+00
   -1.6409425006596532e+00
   -1.0841983329745339e+00
   -6.6387836281829038e-02
    2.6811274833643756e-01
   -1.2391569640166180e+00
   -5.8336520154067617e-03
    1.0728262637096080e+00
   -3.3499581058530581e-01
    2.5059447871450109e+00
    1.9919311829714272e+00
    3.0846861798700451e+00
   -1.2116429180137370e-01
    7.7699937143967893e-03
   -1.0675696973719808e+00
   -2.8122936515612835e+00
    2.0506313460318943e+00
    2.9720690708285682e+00
    3.0741371765978123e+00
    3.1067039663310219e+00
    1.1147988890846028e+00
    4.9258179660420875e-01
   -5.6972996592549854e-02
   -1.7733587763349787e-01
    1.3813282880099371e+00
   -4.6150620595267261e-01
    2.5597176532489132e-02
   -5.0825582436987149e-01
   -1.9376628725410898e+00
    1.2834170637829601e-01
    2.0774498161548069e+00
   -7.1883709720243438e-01
    3.1114153642055536e-02
    5.0474525664195047e-01
    1.3656744258040323e+00
   -1.4563971086184341e-01
    3.9439884765988753e-01
    8.9634233918285977e-01
   -2.0367337289064857e-01
    2.1168870717304098e+00
    1.1576298830369376e+00
   -4.5797330694923727e-01
    5.5415390991109995e-02
   -3.9557674190988135e-01
    2.1313533399067595e+00
   -1.1362765058607925e-01
    4.9655925429286679e-01
    1.8103627241051279e+00
   -7.8910881703303903e-01
    2.1484808528196253e+00
    1.2331114591057977e+00
    1.2150086348735085e+00
    8.2577410896634929e-01
   -1.6277225575881797e+00
   -3.4498877078296242e-01
   -7.3180129078342582e-01
   -4.1983591175937374e-01
   -1.7397041720689552e+00
    2.1654714633787662e+00
   -3.6462098711245916e-01
   -1.1204683801578466e+00
    7.8741667554602068e-01
    3.8245899051261717e-01
   -1.2605065237304141e+00
   -5.6866551358972472e-01
   -4.1481279823931705e-01
    1.1574050923238057e+00
    2.1933413197057079e+00
    1.2598066253407725e+00
   -1.7280956937173336e-01
    6.4529773387613576e-01
    4.9154408352476597e-01
    4.4385412599446467e-01
    2.2077054287570266e+00
    1.2992605301044686e+00
   -1.4990453291461381e-01
   -4.6254817314694197e-01
   -5.1713948094553674e-01
   -1.1901301849350369e-01
   -1.0928241580942692e+00
    2.2146207210881701e+00
   -8.2013976485236939e-01
    9.4749758895176439e-01
    1.5789385518307580e-01
    2.2078353196725633e+00
    1.3999666665971169e+00
   -1.1831660145848166e+00
   -5.3542206908270185e-01
    5.2541944215380232e-01
    7.2691240398512025e-01
    1.6209347096248572e+00
   -2.4561900220865956e-01
    2.2037596174312952e+00
    1.4401978353751068e+00
   -5.1143763117715701e-01
    4.1385783720512309e-01
   -9.7658556587436451e-01
   -2.3747890420086759e+00
   -1.0995284952765567e+00
    2.1923542931369475e+00
   -6.7134613188228909e-01
    5.4817680486069431e-01
    6.1166878437869909e-01
    1.3084946727460020e-01
    9.0630606988161166e-01
   -8.7599460915416338e-01
    1.6910499415559681e+00
   -2.1242639282012029e-02
   -1.3735388386897303e+00
    1.2708389784007321e+00
    7.2952122536186348e-01
   -1.2534705796855288e+00
    1.0816154701349019e+00
   -1.5227972472173110e+00
    2.1848115624794411e+00
    1.5165357458417539e+00
   -2.7715599566225102e-01
    1.3574961825376943e+00
   -2.9938889090018611e-01
   -1.0835480968910725e+00
    1.8351045040703604e+00
   -7.4842134060971921e-01
    1.8752421633749052e+00
    1.9901703914852613e+00
   -7.1615530587261766e-01
    2.0747757101398472e+00
    2.1134436346510044e+00
   -1.5348741481752481e+00
    2.1619738170962903e+00
    1.5598429497196289e+00
    5.2676727924945199e-01
   -7.5643510886295551e-01
   -5.2397567097321951e-01
    1.7700052862218401e+00
    1.8121776062179178e+00
    1.5977743728265006e+00
    4.1123810071890221e-01
   -5.6731817420191499e-01
   -9.6200410501846148e-02
   -1.4565668577309097e+00
    1.7654042617711314e+00
    1.6301807189857336e+00
    4.6863730577379852e-03
   -8.5930987214523169e-01
    1.7902082531989123e+00
    1.7140884457821124e+00
   -2.4962042362233912e+00
   -1.3156855685578841e+00
    1.8350029607701774e+00
    1.8105931080596265e+00
    1.7550222211345983e+00
   -3.9107621303497520e-01
    6.8636149518681866e-01
    9.3505438773639460e-01
    1.8306759575048692e+00
   -4.2621987278945683e-01
    1.8759841335425795e+00
    1.8735901440286489e+00
