       -1.2698412698412698
       -0.1904761904761905
       -0.1904761904761905
       -0.1904761904761905
       -0.1904761904761905
        0.2031746031746031
        0.2031746031746032
       -0.0666666666666667
       -0.0666666666666667
       -0.0666666666666667
       -0.0666666666666667
        0.2031746031746031
        0.2031746031746032
        0.2924372984320363
        0.7234357174409795
        0.7234357174409796
        0.2924372984320364
        0.1777777777777778
        0.1777777777777778
        0.1777777777777778
        0.1777777777777778
        0.1777777777777778
        0.1777777777777778
        0.1777777777777778
        0.1777777777777778
        0.2924372984320363
        0.7234357174409795
        0.7234357174409796
        0.2924372984320364
