     -0.477951       -0.524757        0.000000  
     -0.189884       -0.665943       -0.000000  
      0.064917       -0.408656        0.000000  
      0.472480       -0.477996       -0.000000  
      0.535622       -0.855953        0.000000  
      0.803757       -0.594957       -0.019605  
     -0.634474       -0.189528       -0.000000  
     -0.068551       -0.043159       -0.000000  
      0.253074       -0.188321       -0.000000  
      0.403335        0.059509       -0.000000  
      0.650873       -0.187785       -0.000000  
      0.957855       -0.330647        0.000000  
     -0.693890        0.170075       -0.000000  
     -0.391416        0.084769        0.000000  
      0.135709        0.244693       -0.000000  
      0.448075        0.466661       -0.000000  
      0.967670        0.305367        0.000000  
     -0.486074        0.479627       -0.000000  
     -0.182489        0.324301        0.000000  
      0.109609        0.618371       -0.000000  
      0.832209        0.554461       -0.016547  
      0.662123        0.208191       -0.000000  
     -0.760274        0.672097       -0.000000  
     -0.185683        0.662032        0.000000  
      0.142013        0.989865       -0.012184  
      0.353208        0.941474       -0.000000  
     -0.542009        0.854337        0.000000  
     -0.053111        1.008621       -0.000000  
     -0.733607       -0.703452       -0.000000  
     -0.458582       -0.888652       -0.012508  
     -0.122783       -1.004573       -0.000000  
      0.169923       -0.705676       -0.000000  
      0.214628       -0.976696       -0.015302  
      0.624097       -0.781347        0.230347  
     -0.890402       -0.455176       -0.007501  
     -0.285129       -0.279672       -0.000000  
      0.342362       -0.154400        0.328342  
      0.306987       -0.562994        0.281318  
      1.016380       -0.011489       -0.000000  
      0.821673       -0.569959        0.267076  
     -0.995127       -0.171260       -0.000000  
     -0.297372        0.169370        0.383565  
      0.006429       -0.016249        0.291268  
      0.674572        0.018033        0.281951  
      0.999964       -0.008504        0.199674  
     -0.993136        0.116961       -0.012966  
      0.007679        0.370882        0.301045  
      0.273981        0.614030        0.247495  
      0.667650        0.744476        0.281785  
      0.958036        0.286648        0.227100  
     -0.906035        0.451248       -0.000000  
     -0.302909        0.953019        0.286372  
      0.514856        0.857277       -0.012668  
      0.688186        0.739969        0.000000  
     -0.738060        0.674735        0.288540  
     -0.306354        0.968477       -0.000000  
     -0.658918       -0.752214        0.310700  
     -0.351882       -0.936044        0.282913  
     -0.040443       -0.701177        0.323368  
      0.411244       -0.506922        0.589417  
      0.313585       -0.949560        0.283529  
      0.514868       -0.857270        0.492511  
     -0.672512       -0.392876        0.257438  
     -0.448276       -0.523486        0.434172  
     -0.169611       -0.388380        0.272191  
      0.599244       -0.333633        0.349627  
      0.965288       -0.261189        0.494634  
      0.955776       -0.294097        0.236354  
     -0.694071       -0.000670        0.276053  
     -0.383500       -0.137774        0.305200  
      0.570774        0.374160        0.362543  
      0.333931        0.215536        0.267439  
      0.856724        0.515774        0.525055  
     -0.571459        0.341113        0.258321  
     -0.297814        0.567632        0.321497  
     -0.047126        0.689080        0.491426  
      0.483663        0.875254        0.365464  
      0.845532        0.533924        0.265200  
     -0.954368        0.298632        0.265660  
     -0.548139        0.836387        0.283190  
      0.108079        0.994142        0.393870  
      0.280197        0.959943        0.285990  
     -0.864942        0.501871        0.429610  
     -0.091442        0.995810        0.312723  
     -0.846317       -0.532680        0.565157  
     -0.439307       -0.898337        0.593555  
     -0.153721       -0.988114        0.599227  
     -0.007948       -0.999968        0.286068  
      0.181615       -0.983370        0.584342  
      0.752650       -0.658421        0.554123  
     -0.950288       -0.311374        0.358311  
     -0.210858       -0.583368        0.611717  
      0.075149       -0.341868        0.449893  
      0.333272       -0.146332        0.676048  
      0.999823       -0.018840        0.508900  
      0.901428       -0.432929        0.585314  
     -0.995710       -0.092525        0.681132  
     -0.265472       -0.196353        0.615306  
      0.268027        0.184335        0.542533  
      0.637000        0.014653        0.570862  
      0.979126        0.203253        0.479804  
     -0.999807       -0.019621        0.337837  
     -0.083728        0.373476        0.621936  
      0.274381        0.559920        0.547112  
      0.645445        0.763807        0.674706  
      0.935031        0.354566        0.579064  
     -0.978189        0.207719        0.591535  
     -0.242434        0.970168        0.637564  
      0.336744        0.941596        0.698790  
      0.491787        0.870715        0.594750  
     -0.692961        0.720975        0.646188  
     -0.491104        0.871101        0.563989  
     -0.666754       -0.745278        0.694929  
     -0.344988       -0.938607        0.952924  
      0.152823       -0.700353        0.618249  
      0.360962       -0.562360        0.917342  
      0.475523       -0.879703        0.767984  
      0.710327       -0.703872        0.812019  
     -0.653295       -0.187209        0.563589  
     -0.556019       -0.375800        0.776894  
      0.073942       -0.357798        0.767105  
      0.615718       -0.307823        0.736186  
      0.997603       -0.069204        0.765485  
      0.876630       -0.481165        0.890015  
     -0.656274        0.182285        0.574555  
     -0.331657        0.154829        0.755780  
      0.001487        0.020708        0.630031  
      0.570899        0.303760        0.710526  
      0.945091        0.326806        0.827459  
     -0.489307        0.464546        0.581219  
     -0.292519        0.599544        0.781086  
      0.413501        0.548670        0.817072  
      0.765555        0.643370        0.604950  
      0.858739        0.512413        0.909342  
     -0.975558        0.219742        0.907348  
     -0.035099        0.999384        0.759207  
      0.156874        0.987619        0.644995  
      0.373599        0.927590        0.943667  
     -0.630188        0.776443        0.927295  
     -0.413472        0.910517        0.897752  
     -0.802870       -0.596155        0.971480  
     -0.434824       -0.659678        0.888132  
     -0.041602       -0.690054        0.882541  
      0.254679       -0.967026        0.940642  
     -0.034272       -0.999413        0.881828  
      0.671556       -0.740954        1.081530  
     -0.944229       -0.329289        0.838685  
     -0.223671       -0.378080        0.937617  
     -0.047814       -0.054126        0.938508  
      0.614175       -0.300764        1.090974  
      0.967060       -0.254550        0.897308  
      0.847641       -0.530571        1.172368  
     -0.684491        0.004863        0.856168  
     -0.383649       -0.106941        0.995388  
      0.294259        0.093945        0.918981  
      0.645483       -0.005696        0.928140  
      0.990807        0.135285        0.869697  
     -0.999156       -0.041075        1.075997  
     -0.075455        0.336867        0.999030  
      0.183563        0.332726        0.857323  
      0.733557        0.679628        0.987890  
      0.790769        0.612115        1.248697  
     -0.873445        0.486923        0.748089  
      0.055067        0.673630        0.868408  
     -0.018328        0.999832        1.102429  
      0.566892        0.823792        0.986106  
     -0.803822        0.594869        1.012858  
     -0.237299        0.971437        1.035046  
     -0.591636       -0.806205        1.191617  
     -0.233143       -0.654727        1.183914  
      0.142306       -0.705405        1.148629  
      0.436258       -0.515767        1.272469  
      0.482923       -0.875663        1.144770  
      0.734548       -0.678557        1.403567  
     -0.687300       -0.243063        1.097871  
     -0.499540       -0.444545        1.179640  
      0.067676       -0.403007        1.149291  
      0.300489       -0.226270        1.029990  
      0.989427       -0.145033        1.140201  
      0.943601       -0.331084        1.291191  
     -0.944913       -0.327323        1.235684  
     -0.313271        0.190018        1.141412  
      0.348071        0.571845        1.134150  
      0.583577        0.302833        1.065030  
      0.906867        0.421417        1.197024  
     -0.575849        0.351487        0.935737  
     -0.312217        0.583338        1.108704  
      0.232662        0.287292        1.250037  
      0.528984        0.848632        1.295132  
      0.996642        0.081881        1.113128  
     -0.934520        0.355911        1.145763  
      0.020163        0.669119        1.233233  
      0.189913        0.981801        1.055100  
      0.334529        0.942385        1.288899  
     -0.584392        0.811471        1.231446  
     -0.379889        0.925032        1.297975  
     -0.814575       -0.580058        1.321218  
     -0.277892       -0.960612        1.316856  
     -0.023108       -0.999733        1.199477  
      0.057729       -0.998332        1.543897  
      0.286877       -0.957967        1.339830  
      0.552385       -0.833589        1.503195  
     -0.908391       -0.418122        1.645047  
     -0.165738       -0.291992        1.312186  
      0.208506       -0.266430        1.434763  
      0.398213       -0.004754        1.251193  
      0.688857        0.006716        1.300319  
      0.996339       -0.085489        1.503056  
     -0.671082        0.079453        1.222441  
     -0.389405       -0.104651        1.354223  
      0.328603        0.581865        1.477633  
      0.350665        0.018532        1.578384  
      0.990444        0.137912        1.470551  
     -0.993998       -0.109401        1.470752  
      0.023047        0.005487        1.219259  
     -0.054270        0.365074        1.363334  
      0.679813        0.733385        1.363725  
      0.963192        0.268816        1.226493  
     -0.985043        0.172311        1.368907  
     -0.304871        0.595201        1.459305  
      0.016471        0.999864        1.427954  
      0.213725        0.976894        1.446029  
     -0.797560        0.603240        1.323992  
     -0.191076        0.981575        1.423141  
     -0.713051       -0.701112        1.576215  
     -0.476652       -0.879092        1.523531  
     -0.087438       -0.665961        1.451194  
      0.211487       -0.619204        1.492306  
      0.339325       -0.940669        1.708554  
      0.765288       -0.643688        1.779877  
     -0.659676       -0.251802        1.478642  
     -0.400473       -0.500323        1.497574  
     -0.067353       -0.348465        1.663338  
      0.459726       -0.532750        1.674655  
      0.591622       -0.278897        1.469013  
      0.859946       -0.510385        1.566973  
     -0.663622        0.086191        1.586985  
     -0.335865        0.203301        1.491569  
      0.024135        0.670058        1.602005  
      0.674861        0.038073        1.655965  
      0.945260        0.326317        1.580640  
     -0.567889        0.400891        1.675707  
     -0.574516        0.400871        1.307116  
      0.221310        0.290436        1.634197  
      0.680070        0.733147        1.618474  
      0.868462        0.495755        1.548350  
     -0.903998        0.427536        1.540710  
     -0.300099        0.590933        1.802443  
     -0.030679        0.999529        1.776137  
      0.497268        0.867597        1.672172  
     -0.673090        0.739560        1.546941  
     -0.259009        0.965875        1.710997  
     -0.540954       -0.452160        1.791455  
     -0.227733       -0.654375        1.782130  
     -0.198630       -0.980075        1.678469  
      0.101067       -0.672488        1.789935  
      0.072935       -0.997337        1.916910  
      0.560674       -0.828036        1.879967  
     -0.697869       -0.173814        1.851862  
     -0.344211       -0.148728        1.702526  
      0.034595        0.001352        1.840480  
      0.277977       -0.287850        1.795648  
      0.999085        0.042777        1.834328  
      0.953770       -0.300537        1.635965  
     -0.993354       -0.115103        1.819482  
     -0.340496        0.167160        1.837581  
      0.343352        0.586863        1.833218  
      0.567971        0.330662        1.408384  
      0.966333        0.257297        1.827887  
     -0.984721        0.174142        1.727902  
     -0.283615        0.624432        2.150733  
     -0.041075        0.010803        1.532508  
      0.784466        0.620172        1.835228  
      0.900590        0.434669        1.931098  
     -0.904242        0.427020        1.908824  
     -0.078000        0.353108        1.718895  
      0.181941        0.983309        1.808825  
      0.320855        0.947128        1.653298  
     -0.769314        0.638871        1.802935  
     -0.487540        0.873101        1.621263  
     -0.757403       -0.652947        1.925310  
     -0.506907       -0.862001        1.860593  
     -0.214757       -0.976668        2.022513  
      0.303265       -0.614977        2.024244  
      0.329683       -0.944092        2.087493  
      0.710628       -0.703568        2.129794  
     -0.905058       -0.425289        2.024000  
     -0.281473       -0.378158        2.012342  
      0.050798       -0.368741        2.004566  
      0.626060       -0.233647        1.828793  
      0.981465       -0.191639        1.876507  
      0.886615       -0.462508        1.960743  
     -0.695846        0.148720        1.962473  
     -0.471222       -0.065701        2.061853  
      0.560112        0.341149        1.746924  
      0.370900        0.030462        1.942337  
      0.982972        0.183754        2.210974  
     -0.985489       -0.169742        2.167545  
     -0.526254        0.422185        2.034738  
      0.548942        0.371931        2.104527  
      0.673423        0.739257        2.011739  
      0.900007        0.435875        2.137237  
     -0.991124        0.132943        2.100313  
      0.030141        0.656996        1.947401  
      0.295355        0.955388        2.025485  
      0.525726        0.850654        1.979333  
     -0.579584        0.814912        1.923389  
     -0.368302        0.929706        1.996597  
     -0.725608       -0.688108        2.286285  
     -0.436776       -0.672554        2.083962  
     -0.078496       -0.686433        2.136578  
      0.537052       -0.447998        2.059160  
      0.088316       -0.996093        2.279860  
      0.526471       -0.850193        2.281360  
     -0.602506       -0.367894        2.176605  
     -0.361410       -0.535879        2.381136  
     -0.073553       -0.334993        2.327125  
      0.275186       -0.233077        2.217132  
      0.607967       -0.169440        2.213970  
      0.983583       -0.180454        2.269891  
     -0.712141       -0.087213        2.297070  
     -0.158294       -0.074770        2.063356  
      0.316266        0.579228        2.203030  
      0.677804        0.094971        2.017035  
      0.999989       -0.004770        2.142644  
     -0.487983        0.481437        2.395967  
     -0.134959        0.328501        2.066097  
      0.007114        0.678055        2.285752  
      0.600881        0.799338        2.372092  
      0.740075        0.672524        2.196451  
     -0.906013        0.423251        2.226888  
     -0.129611        0.991565        2.072651  
      0.067732        0.997704        2.159771  
      0.428701        0.903446        2.281555  
     -0.783545        0.621335        2.484085  
     -0.304102        0.952639        2.335806  
     -0.557814       -0.829966        2.555374  
     -0.428732       -0.903432        2.278614  
     -0.167999       -0.985787        2.389943  
      0.465522       -0.482635        2.413297  
      0.300115       -0.953903        2.489307  
      0.722961       -0.690889        2.508908  
     -0.891150       -0.453709        2.404709  
     -0.361182       -0.136121        2.410479  
      0.067646        0.029871        2.240722  
      0.648296       -0.237078        2.558620  
      0.848360       -0.529420        2.359015  
      0.926376       -0.376599        2.192445  
     -0.978872       -0.204476        2.526955  
     -0.317292        0.178051        2.273192  
      0.359959        0.151948        2.286822  
      0.183038        0.313948        2.009257  
      0.998859        0.047758        2.603676  
     -0.659761        0.245420        2.327366  
     -0.272719        0.606233        2.526548  
      0.523791        0.440836        2.477248  
      0.810243        0.586094        2.455540  
      0.910815        0.412814        2.403575  
     -0.992491        0.122314        2.436223  
     -0.132568        0.991174        2.471237  
      0.086165        0.996281        2.493246  
      0.283214        0.959057        2.400778  
     -0.739856        0.672765        2.154356  
     -0.553954        0.832547        2.305684  
     -0.759015       -0.651073        2.686275  
     -0.358005       -0.619569        2.728894  
     -0.067645       -0.675066        2.510568  
      0.204259       -0.618341        2.318461  
      0.037453       -0.999298        2.685319  
      0.791397       -0.611303        2.784958  
     -0.590844       -0.339161        2.564450  
     -0.198532       -0.343919        2.688729  
      0.138721       -0.329097        2.580089  
      0.341224       -0.084678        2.588758  
      0.994091       -0.108552        2.497059  
      0.930834       -0.365443        2.585893  
     -0.999914       -0.013150        2.756704  
     -0.647193        0.079426        2.599626  
      0.394523        0.503841        2.842659  
      0.666863        0.095223        2.392793  
      0.965029        0.262143        2.538375  
     -0.553643        0.395546        2.739117  
      0.012316        0.362706        2.382060  
      0.257428        0.618900        2.556987  
      0.548034        0.836456        2.620638  
      0.915392        0.402565        2.788687  
     -0.921555        0.388248        2.590784  
     -0.242104        0.970250        2.731108  
      0.154698        0.987962        2.754494  
      0.371321        0.928505        2.755124  
     -0.667429        0.744673        2.686989  
     -0.485246        0.874378        2.615688  
     -0.527716       -0.849421        2.945344  
     -0.286590       -0.958053        2.690526  
     -0.218511       -0.975835        3.017568  
      0.239082       -0.658071        2.691593  
      0.601113       -0.799164        2.966042  
      0.547836       -0.836585        2.648126  
     -0.611198       -0.214791        3.115357  
     -0.372031       -0.070671        2.791908  
      0.071642       -0.385677        2.934874  
      0.439347       -0.435899        2.761066  
      0.601656       -0.356488        2.969274  
      0.990340       -0.138658        2.970146  
     -0.705053       -0.154561        2.809854  
     -0.052272       -0.000746        2.537506  
      0.253394        0.228709        2.596797  
      0.618161        0.209195        2.697923  
      0.999129        0.041724        2.826883  
     -0.992958       -0.118465        3.046133  
     -0.289210        0.231293        2.605022  
      0.016837        0.347368        2.763068  
      0.694216        0.719767        2.724562  
      0.832458        0.554088        2.766435  
     -0.971939        0.235232        2.839293  
     -0.012499        0.663797        2.657050  
     -0.052724        0.998609        2.863031  
      0.459018        0.888427        2.983165  
     -0.656958        0.753927        3.020451  
     -0.446113        0.894976        2.948760  
     -0.756941       -0.653483        3.054297  
     -0.272278       -0.617395        3.107622  
     -0.034709       -0.683460        2.873134  
      0.328873       -0.944374        2.867596  
      0.066489       -0.997787        3.037305  
      0.565377       -0.824832        3.305479  
     -0.915606       -0.402076        2.811292  
     -0.522990       -0.442066        2.915572  
      0.011846       -0.035320        2.844466  
      0.280322       -0.201170        3.415475  
      0.631002       -0.062890        2.831195  
      0.940082       -0.340948        2.818074  
     -0.661769        0.152863        2.973096  
     -0.242590        0.248092        2.965634  
      0.605597        0.289207        3.031184  
      0.308863        0.130897        2.930563  
      0.966679        0.255990        2.922416  
     -0.501707        0.446422        3.108891  
     -0.281043        0.605012        2.874149  
      0.003119       -0.005211        3.200158  
      0.760407        0.649446        3.066037  
      0.873045        0.487640        3.153396  
     -0.904680        0.426091        3.109247  
      0.106042        0.664611        2.967184  
      0.354398        0.935095        3.114892  
      0.624852        0.780743        2.992683  
     -0.829631        0.558312        2.880737  
     -0.322332        0.946627        3.108942  
     -0.798644       -0.601804        3.414479  
     -0.250476       -0.646560        3.471797  
      0.028564       -0.721724        3.249393  
      0.319635       -0.599088        3.070598  
      0.326093       -0.945338        3.205401  
      0.776160       -0.630536        3.148226  
     -0.911737       -0.410775        3.168465  
     -0.229687       -0.267252        3.062668  
     -0.169435       -0.249914        3.413760  
      0.307894       -0.192981        3.054199  
      0.649588       -0.036473        3.158241  
      0.908619       -0.417627        3.103700  
     -0.728721        0.012022        3.305636  
     -0.370627        0.047464        3.140872  
      0.394621        0.522730        3.206878  
      0.332653        0.128769        3.285026  
      0.999487       -0.032041        3.189183  
     -0.432710        0.545904        3.463455  
      0.067223        0.343768        3.107702  
      0.107747        0.671903        3.329183  
      0.661142        0.750260        3.362636  
      0.977520        0.210843        3.172989  
     -0.923640        0.383260        3.443775  
     -0.195864        0.614996        3.212739  
      0.174426        0.984670        3.128467  
      0.513968        0.857809        3.352753  
     -0.782338        0.622854        3.308856  
     -0.082028        0.996630        3.139203  
     -0.573315       -0.819335        3.309569  
     -0.303826       -0.952728        3.321002  
     -0.005090       -0.999987        3.400533  
      0.325812       -0.593125        3.437224  
      0.298181       -0.954509        3.513913  
      0.724077       -0.689719        3.482884  
     -0.678480       -0.277391        3.484112  
     -0.475663       -0.454119        3.317490  
      0.046479       -0.411600        3.294565  
      0.555527       -0.391514        3.294852  
      0.957051       -0.289918        3.324994  
      0.888723       -0.458445        3.477326  
     -0.975742       -0.218922        3.401873  
     -0.403530       -0.065343        3.434204  
      0.107114        0.367484        3.446869  
      0.627148        0.278556        3.388135  
      0.985465        0.169878        3.488030  
     -0.613414        0.270859        3.360867  
     -0.226864        0.263238        3.370324  
      0.043006        0.042616        3.570046  
      0.789790        0.613377        3.438637  
      0.918685        0.394992        3.456769  
     -0.990554        0.137125        3.198585  
     -0.091485        0.995806        3.422442  
      0.163193        0.986594        3.444089  
      0.373364        0.927685        3.457411  
     -0.573564        0.819161        3.313540  
     -0.355631        0.934627        3.414676  
     -0.603553       -0.625489        3.674974  
     -0.485273       -0.874363        3.663424  
     -0.195242       -0.980755        3.689165  
     -0.006910       -0.669632        3.649719  
      0.146082       -0.989273        3.747371  
      0.511835       -0.859084        3.693780  
     -0.890337       -0.455302        3.703245  
     -0.304700       -0.417016        3.695366  
     -0.080557       -0.399505        4.000000  
      0.337181       -0.129059        3.735859  
      0.641955       -0.093037        3.461944  
      0.929812       -0.368034        3.719124  
     -0.990582       -0.136923        3.730802  
     -0.655696        0.077565        3.673959  
      0.412873        0.186493        3.628301  
      0.678349        0.052458        3.724146  
      0.998030       -0.062745        3.472392  
     -0.995883        0.090648        3.546439  
     -0.502695        0.368155        3.704832  
      0.132220        0.649358        3.687953  
      0.770942        0.636905        3.700909  
      0.899737        0.436433        3.738244  
     -0.956539        0.291604        3.763009  
     -0.175201        0.639195        3.609989  
      0.140673        0.990056        3.738456  
      0.414244        0.910166        3.696561  
     -0.664997        0.746846        3.640041  
     -0.505027        0.863103        3.718506  
     -0.648048       -0.781409        4.000000  
     -0.369700       -0.929151        4.010568  
     -0.045789       -1.011192        4.000000  
      0.296748       -0.576559        3.729662  
      0.306657       -0.951820        4.012574  
      0.758659       -0.651488        3.765110  
     -0.858259       -0.533344        4.000000  
     -0.584842       -0.240853        3.742219  
      0.248866       -0.297918        4.000000  
      0.565102       -0.362024        3.666713  
      1.001994       -0.116348        4.000000  
      0.991666       -0.128834        3.717291  
     -0.986815       -0.240106        4.000000  
     -0.265788       -0.009544        3.709485  
      0.194746        0.290463        3.797103  
      0.032907       -0.299574        3.689936  
      0.989389        0.145289        4.015769  
     -1.010023        0.091248        4.000000  
     -0.162313        0.339832        3.709867  
      0.427629        0.524858        3.594286  
      0.610978        0.791647        3.724793  
      0.982805        0.184646        3.745657  
     -0.903322        0.428963        4.017929  
     -0.031189        1.014081        4.000000  
     -0.093600        0.995610        3.703608  
      0.620163        0.784473        4.016362  
     -0.822563        0.568674        3.681196  
     -0.295286        0.955409        3.743033  
     -0.495095       -0.472424        4.000000  
     -0.236734       -0.678626        4.000000  
      0.124934       -0.676777        4.000000  
      0.465911       -0.530485        4.000000  
      0.568169       -0.840289        4.000000  
      0.806239       -0.609889        4.000000  
     -0.679058       -0.152215        4.000000  
     -0.319784       -0.174937        4.000000  
      0.006374       -0.026821        4.000000  
      0.336774        0.072019        4.000000  
      0.622602       -0.217251        4.000000  
      0.924441       -0.381326        4.015311  
     -0.666118        0.157792        4.000000  
     -0.324069        0.172320        4.000000  
      0.005755        0.324342        4.000000  
      0.670172        0.120603        4.000000  
      0.909005        0.416785        4.019865  
     -0.543074        0.456919        4.000000  
     -0.284436        0.574795        4.000000  
      0.300996        0.581088        4.000000  
      0.524855        0.392879        4.000000  
      0.788271        0.633022        4.000000  
     -0.737844        0.674971        4.011407  
     -0.013858        0.681091        4.000000  
      0.222907        0.974840        4.016105  
      0.427235        0.916044        4.000000  
     -0.547826        0.851013        4.000000  
     -0.295859        0.967204        4.000000  
