    0.0000000000000000e+00    0.0000000000000000e+00    0.0000000000000000e+00
    0.0000000000000000e+00    0.0000000000000000e+00    1.0000000000000000e+00
    0.0000000000000000e+00    1.0000000000000000e+00    0.0000000000000000e+00
    0.0000000000000000e+00    1.0000000000000000e+00    1.0000000000000000e+00
    1.0000000000000000e+00    0.0000000000000000e+00    0.0000000000000000e+00
    1.0000000000000000e+00    0.0000000000000000e+00    1.0000000000000000e+00
    1.0000000000000000e+00    1.0000000000000000e+00    0.0000000000000000e+00
    1.0000000000000000e+00    1.0000000000000000e+00    1.0000000000000000e+00
    0.0000000000000000e+00    0.0000000000000000e+00    0.0000000000000000e+00
    1.9986603628836513e-01   -1.9976624521245157e-12   -2.0268474398843495e-12
    4.0084968114962943e-01   -2.0822458340896688e-12   -2.0427756708407685e-12
    6.0213993141280275e-01   -2.0334775530095328e-12   -1.9985419569268359e-12
    8.0201793358534634e-01   -2.0367423025913212e-12   -1.9382984800531133e-12
    1.0000000000000000e+00    0.0000000000000000e+00    0.0000000000000000e+00
   -2.0424894414672323e-12    2.0101884187183952e-01   -2.0351480917168985e-12
    1.9695096274724178e-01    1.9969810635309415e-01    0.0000000000000000e+00
    3.9704378269319462e-01    1.9658861439789876e-01    0.0000000000000000e+00
    5.9767808994455096e-01    1.9983369071131396e-01    0.0000000000000000e+00
    7.9971980136257026e-01    1.9879424531828613e-01    0.0000000000000000e+00
    9.9999999987255661e-01    2.0069327156191899e-01   -2.0098766401188684e-12
   -1.9926022637450913e-12    4.0133126109462508e-01   -2.0577688858436360e-12
    2.0261624405648346e-01    3.9770966900542465e-01    0.0000000000000000e+00
    4.0216977390385489e-01    3.9997196467528956e-01    0.0000000000000000e+00
    6.0388836963372405e-01    3.9854355440253969e-01    0.0000000000000000e+00
    8.0148182394589329e-01    3.9956875681271231e-01    0.0000000000000000e+00
    9.9999999987344090e-01    3.9981266977057223e-01   -1.9930185973793257e-12
   -2.0571981618200397e-12    6.0206379394296994e-01   -2.0442796760944404e-12
    2.0076997394696353e-01    5.9446431530017918e-01    0.0000000000000000e+00
    3.9980661173528292e-01    6.0371630115964436e-01    0.0000000000000000e+00
    5.9976218505709078e-01    5.9649706022878535e-01    0.0000000000000000e+00
    8.0076656344191166e-01    6.0380127532639316e-01    0.0000000000000000e+00
    9.9999999987099308e-01    5.9945172116170709e-01   -1.9836927239724744e-12
   -2.0370354708587612e-12    8.0139749692867157e-01   -1.9720666072364779e-12
    1.9822519573412975e-01    7.9778902578527811e-01    0.0000000000000000e+00
    3.9824970597574244e-01    8.0300670457551993e-01    0.0000000000000000e+00
    6.0014584203082111e-01    7.9840677487908185e-01    0.0000000000000000e+00
    8.0102475228613057e-01    8.0458723410712440e-01    0.0000000000000000e+00
    9.9999999986825039e-01    7.9964396702196383e-01   -2.0160262348412061e-12
    0.0000000000000000e+00    1.0000000000000000e+00    0.0000000000000000e+00
    1.9860685845905368e-01    9.9999999986949784e-01   -2.0656878985114702e-12
    3.9897267732259678e-01    9.9999999986745991e-01   -1.9940334106127722e-12
    5.9789577904277702e-01    9.9999999987069887e-01   -2.0292344193872935e-12
    7.9868921130634096e-01    9.9999999986850330e-01   -1.9407704610063803e-12
    1.0000000000000000e+00    1.0000000000000000e+00    0.0000000000000000e+00
   -1.9944323970122468e-12   -2.0489478169682940e-12    1.9895382714042226e-01
    2.0235591460804059e-01    0.0000000000000000e+00    1.9976907851114994e-01
    4.0217096884678255e-01    0.0000000000000000e+00    1.9775950835382991e-01
    6.0151575077718167e-01    0.0000000000000000e+00    1.9942054333321310e-01
    8.0043968906685192e-01    0.0000000000000000e+00    2.0176776949690034e-01
    9.9999999987284904e-01   -1.9794391820093793e-12    1.9836321165991280e-01
    0.0000000000000000e+00    1.9750170530116143e-01    1.9929740739009430e-01
    2.0052841159100940e-01    1.9782650358402754e-01    1.9967598129360542e-01
    4.0069057894509452e-01    2.0335350306104660e-01    1.9950725061983687e-01
    6.0064693055335405e-01    1.9839482940913394e-01    2.0042540998056566e-01
    8.0015851585783970e-01    1.9910937750190008e-01    1.9899227457144467e-01
    9.9999999986897681e-01    1.9979475291459467e-01    1.9841956220173812e-01
    0.0000000000000000e+00    3.9834503514128261e-01    1.9886877042589671e-01
    1.9771330992428501e-01    3.9694024636188374e-01    2.0082605064241749e-01
    3.9722853500083383e-01    4.0633285524040919e-01    1.9894179451392763e-01
    5.9771285686073727e-01    3.9885774403276641e-01    1.9975160741637801e-01
    8.0037753633879616e-01    3.9534746986922070e-01    2.0120933499972507e-01
    9.9999999986702226e-01    4.0146956343566514e-01    1.9954868030393091e-01
    0.0000000000000000e+00    5.9937645392591443e-01    1.9890914664086098e-01
    1.9626536172653986e-01    6.0124251139153773e-01    2.0115619140178592e-01
    3.9680907170546298e-01    6.0280083403951967e-01    1.9759184493261156e-01
    5.9904962787291505e-01    6.0132838319812909e-01    1.9954838257457116e-01
    7.9841249454633467e-01    5.9344734253758713e-01    1.9783284823821931e-01
    9.9999999986870725e-01    6.0256785239517108e-01    2.0076460114896430e-01
    0.0000000000000000e+00    8.0156518326771686e-01    1.9900390689576397e-01
    2.0218427533907279e-01    7.9991597182256780e-01    1.9701439817402286e-01
    4.0475467892661970e-01    8.0355268332970842e-01    2.0003096624041078e-01
    6.0317824446373758e-01    8.0040282427600484e-01    1.9829239642060717e-01
    8.0102612982391297e-01    7.9790708486323214e-01    2.0035214955873365e-01
    9.9999999986935784e-01    8.0112238469046659e-01    1.9909008088455882e-01
   -1.9712547566497207e-12    9.9999999987126043e-01    2.0175200810986113e-01
    2.0043400855892843e-01    9.9999999986787225e-01    1.9707838511636311e-01
    4.0114563840294887e-01    9.9999999986521604e-01    2.0282122552658419e-01
    6.0469760727035848e-01    9.9999999986984356e-01    1.9843370408737090e-01
    8.0071236096813780e-01    9.9999999986493793e-01    2.0088628336330033e-01
    9.9999999987361865e-01    9.9999999987187049e-01    1.9835720412260832e-01
   -2.0536454481412392e-12   -2.0682466156385360e-12    3.9928281638795143e-01
    1.9739393174926775e-01    0.0000000000000000e+00    3.9887127778414549e-01
    4.0012412851876938e-01    0.0000000000000000e+00    3.9944773108488241e-01
    5.9944726465495157e-01    0.0000000000000000e+00    3.9872869788630788e-01
    7.9907122131127106e-01    0.0000000000000000e+00    4.0310641504125744e-01
    9.9999999987113641e-01   -2.0181946391861771e-12    3.9780313982545540e-01
    0.0000000000000000e+00    1.9990590115779688e-01    3.9737090032739714e-01
    1.9764293509516101e-01    2.0123522115014095e-01    4.0104157575096055e-01
    3.9671005788073821e-01    1.9189261070281538e-01    3.9928649208736589e-01
    6.0125806939035320e-01    2.0136524367655562e-01    3.9934596407754003e-01
    7.9940420032903603e-01    1.9790237269022198e-01    4.0051550648037243e-01
    9.9999999987057386e-01    2.0136722611677041e-01    3.9548084282423601e-01
    0.0000000000000000e+00    3.9811538528673990e-01    3.9932826254339032e-01
    2.0078677891642857e-01    4.0886425672578275e-01    3.9850867210464369e-01
    4.0202691819649589e-01    3.8854118368520091e-01    4.0143305118414735e-01
    6.0506127962269074e-01    4.0444683277888926e-01    3.9927660503127321e-01
    8.0064311882968620e-01    3.9930217473531004e-01    4.0110688241366727e-01
    9.9999999987279842e-01    4.0119985765782962e-01    4.0155093930442903e-01
    0.0000000000000000e+00    5.9726360085639041e-01    3.9658937752765572e-01
    2.0454660948854098e-01    6.0820499893242530e-01    4.0359586954900456e-01
    4.0518860861481754e-01    5.9157374537965912e-01    3.9912938247774166e-01
    6.0336455243747344e-01    6.0485805684600913e-01    3.9946552845521555e-01
    8.0088948256278758e-01    6.0221512223747931e-01    3.9792615355336231e-01
    9.9999999987102672e-01    5.9715086746679225e-01    4.0021248695786749e-01
    0.0000000000000000e+00    7.9809159911761463e-01    3.9845996571125353e-01
    1.9486224964860985e-01    8.0604530886738057e-01    3.9756805358971953e-01
    3.9769864829825691e-01    7.9683805842759581e-01    3.9705897729947143e-01
    5.9795453641121510e-01    8.0148250304707558e-01    3.9981728912627151e-01
    7.9974356949302694e-01    8.0392762482230840e-01    3.9925960157553969e-01
    9.9999999986806387e-01    7.9989782572245971e-01    4.0023735197203070e-01
   -2.0975200742956446e-12    9.9999999986733035e-01    4.0170020479086099e-01
    2.0199234483058601e-01    9.9999999986382049e-01    3.9789846171512533e-01
    3.9893532907706325e-01    9.9999999986955024e-01    4.0402342808882741e-01
    5.9705548690906052e-01    9.9999999986979426e-01    3.9876290943974302e-01
    7.9891608225984834e-01    9.9999999986589805e-01    4.0182613997025840e-01
    9.9999999986950650e-01    9.9999999986904675e-01    3.9716060172655548e-01
   -1.9971350961878187e-12   -2.0797738531364018e-12    6.0115170693855413e-01
    1.9983259398461731e-01    0.0000000000000000e+00    5.9686460939343500e-01
    3.9942061509505022e-01    0.0000000000000000e+00    6.0012220305107977e-01
    5.9909126430943804e-01    0.0000000000000000e+00    5.9801938067721105e-01
    8.0017490280093029e-01    0.0000000000000000e+00    6.0434380159934187e-01
    9.9999999987011645e-01   -2.0338817435794354e-12    5.9815331309083875e-01
    0.0000000000000000e+00    1.9877202696035307e-01    5.9575401363711189e-01
    2.0305253420781016e-01    2.0009409012704824e-01    6.0653056389838655e-01
    4.0060426360635309e-01    2.0329720515850744e-01    5.9829024176551349e-01
    5.9889870247378918e-01    1.9874733503629324e-01    5.9764616838893636e-01
    7.9946993953126766e-01    1.9900878243075293e-01    6.0128321369854643e-01
    9.9999999986671217e-01    1.9947935581616597e-01    5.9432966607765703e-01
    0.0000000000000000e+00    3.9882779789826767e-01    6.0502143216163762e-01
    1.9721426586559990e-01    3.9750077316666610e-01    5.9275411169452519e-01
    3.9701938073617837e-01    4.0905188861824582e-01    6.0513363488388527e-01
    5.9736661211062247e-01    3.9936813300016988e-01    5.9992806616594230e-01
    7.9884052428481900e-01    3.9489045249039856e-01    6.0017946870937633e-01
    9.9999999986659938e-01    4.0074565466968676e-01    6.0371216406472616e-01
    0.0000000000000000e+00    5.9969623470869504e-01    5.9397763687012750e-01
    1.9834214305106265e-01    5.9964917728839651e-01    6.0578315095919000e-01
    4.0347876811263639e-01    6.0790012393774218e-01    5.9763435065072945e-01
    6.0293639823298972e-01    6.0027136475282861e-01    5.9903265943757567e-01
    8.0044536120372012e-01    5.9241649170321264e-01    6.0142051275953234e-01
    9.9999999986802912e-01    6.0340978700234571e-01    5.9884430714751036e-01
    0.0000000000000000e+00    8.0006913925912404e-01    6.0054346052662833e-01
    2.0277244138691311e-01    8.0091754827737716e-01    5.9887253795921902e-01
    4.0247526963889735e-01    8.0526869834870840e-01    6.0199955263086680e-01
    6.0071254046413347e-01    8.0247323625480249e-01    6.0024013415361321e-01
    7.9900105474018746e-01    7.9638764082103108e-01    5.9622460887447282e-01
    9.9999999986691879e-01    8.0095313952411462e-01    6.0156223907397666e-01
   -1.9897174186045419e-12    9.9999999987532817e-01    6.0095764941194474e-01
    1.9828157638761634e-01    9.9999999986534971e-01    6.0078613377891754e-01
    3.9993300485743921e-01    9.9999999986025412e-01    6.0107127436297647e-01
    6.0451209593566846e-01    9.9999999986355692e-01    5.9854923241557467e-01
    8.0367579203813577e-01    9.9999999987280774e-01    6.0483298479274239e-01
    9.9999999986597443e-01    9.9999999987077637e-01    5.9704995725957455e-01
   -1.9942554552176972e-12   -2.0361108632460656e-12    8.0312706582401794e-01
    1.9969926543490329e-01    0.0000000000000000e+00    7.9874154889444304e-01
    3.9642388654174332e-01    0.0000000000000000e+00    8.0134169477159334e-01
    5.9707500883090880e-01    0.0000000000000000e+00    7.9810640227267926e-01
    7.9862531338508969e-01    0.0000000000000000e+00    8.0143482737512284e-01
    9.9999999986801191e-01   -2.0341991979755392e-12    7.9993292477032463e-01
    0.0000000000000000e+00    1.9627019474165153e-01    7.9744872680945333e-01
    2.0064166321314525e-01    2.0248728799530805e-01    8.0399325365519192e-01
    4.0447547460048011e-01    1.9685215676658968e-01    7.9700550264147918e-01
    6.0454354406257238e-01    2.0126597568767740e-01    8.0001697247463754e-01
    8.0275545312215191e-01    2.0109612709382080e-01    8.0283236164374827e-01
    9.9999999986707788e-01    1.9784247347895736e-01    7.9638476337404307e-01
    0.0000000000000000e+00    3.9634739617979575e-01    8.0405278943888625e-01
    2.0122335844442610e-01    4.0465169106438731e-01    7.9784438678941427e-01
    4.0155928541879460e-01    3.9452701922696165e-01    8.0405092221522434e-01
    5.9908722281519489e-01    4.0252328812523347e-01    7.9897622963357895e-01
    7.9921866783774442e-01    4.0158717554888990e-01    7.9968309253554681e-01
    9.9999999987184962e-01    3.9921534336384956e-01    8.0359864840380368e-01
    0.0000000000000000e+00    5.9970568938063129e-01    7.9678374005809294e-01
    1.9926488055536679e-01    6.0286846254915616e-01    8.0845619643512712e-01
    3.9925885075595896e-01    6.0220627031231377e-01    7.9835394757787370e-01
    5.9772650369897151e-01    5.9880234651577924e-01    8.0071137893803757e-01
    8.0062531648612967e-01    5.9987838118909420e-01    7.9883632716761543e-01
    9.9999999986515087e-01    5.9925723644828599e-01    7.9984441989678867e-01
    0.0000000000000000e+00    8.0107547911475629e-01    8.0042679953750473e-01
    1.9904839938665841e-01    8.0062882202347241e-01    7.9864172510557341e-01
    4.0037579098124171e-01    8.0050836151618499e-01    8.0140736355758113e-01
    6.0477004629701758e-01    7.9794780626498463e-01    7.9824426561637529e-01
    8.0423410043259225e-01    7.9889017981782739e-01    7.9920018627064915e-01
    9.9999999986847177e-01    8.0085096754415641e-01    8.0089574772140071e-01
   -2.0324072286248551e-12    9.9999999987300492e-01    8.0081905291948963e-01
    1.9886310461023854e-01    9.9999999986975574e-01    7.9974417817697008e-01
    3.9465136255891337e-01    9.9999999987457511e-01    8.0100435750228016e-01
    5.9286402426520202e-01    9.9999999986520760e-01    7.9878043904337592e-01
    7.9539237862863077e-01    9.9999999987028498e-01    8.0302150657868376e-01
    9.9999999986794352e-01    9.9999999986751265e-01    7.9970988538080778e-01
    0.0000000000000000e+00    0.0000000000000000e+00    1.0000000000000000e+00
    2.0044660852873919e-01   -2.1446178166684149e-12    9.9999999986765087e-01
    4.0219395345159403e-01   -2.0180940252245705e-12    9.9999999986929278e-01
    6.0360278254105348e-01   -2.0069657741261793e-12    9.9999999987277077e-01
    8.0304697718480500e-01   -2.0461583816189233e-12    9.9999999986790311e-01
    1.0000000000000000e+00    0.0000000000000000e+00    1.0000000000000000e+00
   -2.1035811981207075e-12    2.0156235930877756e-01    9.9999999986814614e-01
    1.9877003021976714e-01    1.9476578489716626e-01    9.9999999986925325e-01
    3.9723240916338992e-01    2.0108978434677396e-01    9.9999999986382770e-01
    5.9524705210305118e-01    2.0078442834098645e-01    9.9999999987020349e-01
    7.9893190680075177e-01    1.9885473225049813e-01    9.9999999986325494e-01
    9.9999999986514998e-01    2.0045318466937651e-01    9.9999999987136245e-01
   -2.0217629653762614e-12    4.0503225448363223e-01    9.9999999986702148e-01
    1.9951987506559046e-01    3.9712029156643586e-01    9.9999999986148591e-01
    4.0053170511263225e-01    4.0369972504416124e-01    9.9999999986782206e-01
    6.0157221314826625e-01    3.9972875002853797e-01    9.9999999986694121e-01
    7.9966307464089204e-01    3.9546115733395709e-01    9.9999999987551047e-01
    9.9999999987023880e-01    4.0194927810270342e-01    9.9999999986710320e-01
   -2.0637779679644197e-12    6.0256119757289306e-01    9.9999999987040300e-01
    2.0033214537489524e-01    6.0018307673541427e-01    9.9999999985965293e-01
    4.0191170793775594e-01    5.9725243940902373e-01    9.9999999986694710e-01
    6.0125992523246430e-01    6.0283228542795075e-01    9.9999999987105126e-01
    8.0066156879249273e-01    5.9646645715155489e-01    9.9999999987206389e-01
    9.9999999987101729e-01    6.0289204332174695e-01    9.9999999987263399e-01
   -1.9793802014111961e-12    7.9949535750896017e-01    9.9999999987412425e-01
    1.9947188678709521e-01    8.0192664695992866e-01    9.9999999987282762e-01
    3.9670754956643767e-01    7.9675495364961146e-01    9.9999999986837651e-01
    5.9593371177574683e-01    8.0432137616007437e-01    9.9999999987027977e-01
    7.9791713604967573e-01    7.9724872852068385e-01    9.9999999986965460e-01
    9.9999999987010246e-01    8.0122274423274797e-01    9.9999999987018584e-01
    0.0000000000000000e+00    1.0000000000000000e+00    1.0000000000000000e+00
    1.9911058801076156e-01    9.9999999987198707e-01    9.9999999986902333e-01
    4.0038682563973738e-01    9.9999999986917076e-01    9.9999999986563093e-01
    6.0415935507114948e-01    9.9999999986529164e-01    9.9999999986775312e-01
    8.0437883859503312e-01    9.9999999987485966e-01    9.9999999986728572e-01
    1.0000000000000000e+00    1.0000000000000000e+00    1.0000000000000000e+00
