#  p05_tetra.txt
#  created by TABLE_IO.M
#  at 15-Sep-2005 09:15:36
#
#  Spatial dimension M = 4
#  Number of points N = 524
#
         131           108           151           132  
         152           107           135           147  
          39            14            15            36  
          37             3             2            17  
          37            39             3            38  
          37             3             2            10  
          34            33            23            21  
          34            33            21            45  
          75           109           107            73  
          56            37            39            38  
          56            37            39            55  
          56            57            55            36  
          56            39            55            36  
          56            39            57            36  
          70            34            21            45  
          70            33            28            45  
          70            34            33            45  
          70            65            33            28  
          70            34            65            33  
          63            70            65            28  
          13            39            14            36  
          13            39            14             3  
          91           131           108           132  
         153           152           135           147  
         153           152           154           135  
         153           131           151           132  
         146           108           151            90  
         146           131           108            90  
         146           131           108           151  
         146           153           151           147  
         146           153           131           151  
         146           107           135           147  
         146           153           135           147  
         146           153           131           135  
         146            92           107           135  
          76            56            57            55  
           1            37             2            10  
           1            37            11            10  
         134           109           107           135  
         134           152           107           135  
         134           152           154           135  
         134           152           137           154  
          20            33            23            21  
          20            33            21            45  
          20            33            28            45  
          20            18            21            45  
          20            18            28            45  
          59            39            57            36  
          59            39            15            36  
          59            56            39            38  
          59            56            39            57  
          16            20            28            17  
          16            39             3            17  
          16            39            14             3  
          16            39            15            28  
          16            39            14            15  
          16            20            18            28  
         136           153           154           135  
          32            20            28            17  
          32            20            33            28  
          94           109           107           135  
          94            75           109           107  
          94            92           107           135  
          94            75            92           107  
          94           134           109           135  
          85            70            34            65  
          85            34            65            33  
           5            16            14            15  
           5            15            28            45  
           5            16            15            28  
           5            18            28            45  
           5            16            18            28  
          12            37            39            55  
          12            39            55            36  
          12            13            39            36  
          12            37            39             3  
          12            13            39             3  
          12            11            55            10  
          12            37            11            10  
          12            37            11            55  
          12            37             3            10  
          12            13             3            10  
          93            91           131           108  
          93            77            91            95  
          58            76            56            55  
          58            37            11            55  
          58            56            37            55  
          58            37            11            73  
          58            60            37            73  
          58            75            60            73  
          58            60            37            38  
          58            56            37            38  
         106           150           157           127  
         106           150           144           127  
         139           129           140           145  
         139           140           120           155  
         139           118           120           155  
         139           118           129           120  
         105           121           126           104  
         105           106           144           127  
          35            49            67           104  
          30            39             3            38  
          30            39             3            17  
          30            37             3            38  
          30            37             3            17  
          30            37             2            17  
          41            32            28            17  
          41            30            32            17  
          41            30            39            17  
          41            59            39            38  
          41            30            39            38  
          41            16            28            17  
          41            16            39            17  
          41            16            39            28  
          19            32            20            17  
          19            30            32            17  
          19            30             2            17  
          81            63            70            65  
          99            85            70            34  
          99            85            70            65  
          99            81            70            65  
          52            34            33            23  
          52            85            34            33  
          61            93            77            95  
          61            59            57            36  
          61            77            57            36  
         112           118           120           155  
         112            77            91            95  
         112           118            91            95  
         112           118           133           155  
         112           118            91           133  
         149           136           153           154  
          72            93            91           108  
          72            93            77            91  
          72            93           108            90  
          72            57            55            36  
          72            77            57            36  
          72            93            76            90  
          72            93            76            57  
          72            61            77            57  
          72            61            93            57  
          72            61            93            77  
          72            12            55            36  
          72            76            55            90  
          72            76            57            55  
          71            76            55            90  
          71            58            76            55  
          71            76            92            90  
          71            58            76            92  
          71            58            11            73  
          71            58            11            55  
          71            58            75            73  
          71            58            75            92  
          71           146            92            90  
          71           146            92           107  
          71            75           107            73  
          71            75            92           107  
          89           105           106           144  
          89           105           106           127  
          96           114           109           113  
          96           114           121           113  
          97            96            64           121  
          97            96           114           121  
          97            96           114            64  
          69            85            65            33  
          69            48            65            33  
          69            52            85            33  
          42            41            39            28  
          42            41            59            39  
          42            39            15            28  
          42            59            39            15  
          42            59            15            36  
          42            61            59            36  
          42            77            15            36  
          42            61            77            36  
          44            41            32            28  
          44            42            63            28  
          44            42            41            28  
          44            63            65            28  
          44            32            33            28  
          44            48            32            33  
          44            65            33            28  
          44            48            65            33  
          31            19            30            32  
           6            24             9             8  
           6            35            24             8  
           6             7            35             8  
           6             7            35            49  
         128           101           129           127  
         123           136           154           135  
         123           134           154           135  
         123           134           137           113  
         123           134           137           154  
         123           126           141           113  
         123           121           126           113  
         123           114           121           113  
         123            97           114           121  
         123           141           137           113  
         123           141           137           154  
          78            94            75           109  
          78           114            94           109  
          78            96           114           109  
          78            96           114            64  
          78            75           109            73  
          78            75            60            73  
          78            27            64            60  
          98           118           129           120  
         103           139           140           120  
         103           139           129           120  
         103           139           129           140  
         103            98           129           120  
         103            98            99           120  
         103           129           140           145  
          79            81            63            70  
          79            99            81            70  
          79           112            77            95  
          79            98            99           120  
          79            98            99            81  
          79           112           118            95  
          79            98           118            95  
          79           112           118           120  
          79            98           118           120  
         148           149           153           131  
         148           153           131           132  
         148            91           131           132  
         148            91           133           132  
         148           118            91           131  
         148           118            91           133  
         148           149           139           118  
         148           118           133           155  
         148           139           118           155  
         143           150           157           127  
         143           149           139           129  
         143           139           129           145  
         143           128           129           127  
          53            35            49            67  
          53            35            67           104  
          53            50            84            67  
          86           101           106            87  
          86            89           106            87  
          86           101           106           127  
          86            89           106           127  
          86           128           101           127  
          86            89           105           127  
           4             6            19            49  
           4            31            19            49  
           4            31            27            49  
           4            31            27            19  
           4            27            19             2  
           4             7            29            49  
           4             6             7            49  
          83             7            29            49  
          83            35            49           104  
          83             7            35            49  
          83            96            27            64  
          25             1            37             2  
          25            27            37             2  
          25            37            11            73  
          25             1            37            11  
          25            60            37            73  
          25            27            60            37  
          66            97           121           104  
          66            97            64           121  
          66            83           121           104  
          66            83            49           104  
          66            96            64           121  
          66            83            96           121  
          66            83            96            64  
          66            49            67           104  
         102            88           101           129  
         102            98            99            81  
         102            88           103           129  
         102            88           103            99  
         102           103            98           129  
         102           103            98            99  
          68            86           101            87  
          68            69            85            87  
          68            86            89            87  
          68            86            89            84  
          51            50            69            48  
          51            69            48            33  
          51            69            52            33  
          51            48            32            33  
          51             6            35            24  
          51             6            35            49  
          51            53            49            67  
          51            53            50            67  
          51            53            35            24  
          51            53            35            49  
          51            31            19            49  
          51             6            19            49  
          51            31            19            32  
          40            31            19            30  
          40            31            27            19  
          40            19            30             2  
          40            27            19             2  
          40            30            37             2  
          40            27            37             2  
          40            27            60            37  
          40            60            37            38  
          40            30            37            38  
         138           143           149           127  
         138           143           128           127  
         138           143           149           129  
         138           143           128           129  
         100            86            89            84  
         100            86            89           105  
         100            53            84            67  
         100            53            89            84  
         100            53            89           105  
         100            53            67           104  
         100            53           105           104  
         100            66            67           104  
         100            66            97           104  
         100           105           121           104  
         100            97           121           104  
         100            97           105           121  
          80            79            81            63  
          80            61            77            95  
          80            79            77            95  
          80            79            98            95  
          80            79            98            81  
         130           103           129           145  
         130            88           103           145  
         130            88           103           129  
         130           143           157           145  
         130           143           129           145  
         130            88           101           129  
         130           106           157           127  
         130           143           157           127  
         130           143           129           127  
         130           101           106            87  
         130            88           101            87  
         130           101           129           127  
         130           101           106           127  
          62            79            63            70  
          62            70            28            45  
          62            63            70            28  
          62            15            28            45  
          62             5            15            45  
          62            42            15            28  
          62            42            63            28  
          62            42            77            15  
          62            79           112            77  
          62            80            79            63  
          62            80            79            77  
          62            80            42            63  
          62            42            61            77  
          62            80            61            77  
          62            80            42            61  
         142           143           150           127  
         142           123           141           154  
         142           143           149           127  
         142           150           144           127  
         142           156           150           144  
         142           156           126           141  
         142           123           126           141  
         142           126           144           127  
         142           156           126           144  
         142           123           126           127  
         142           149           136           154  
         142           123           136           154  
          54            53            89            84  
          54            53            50            84  
          54            68            89            84  
          54            68            50            84  
          54            68            89            87  
          54            68            69            87  
          54            68            50            69  
          54            51            53            24  
          54            51            53            50  
          54            51            52            24  
          54            52            85            87  
          54            69            85            87  
          54            69            52            85  
          54            51            69            52  
          54            51            50            69  
         124           138           128           127  
         124           142           123           127  
         124           142           123           136  
         124           138           149           127  
         124           142           149           127  
         124           138           149           136  
         124           142           149           136  
          26            25             1             2  
          26             4            27             2  
          26            25            27             2  
          82           102            88           101  
          82            69            85            65  
          82            68            69            85  
          82            88           101            87  
          82            68           101            87  
          82            88            85            87  
          82            68            85            87  
          82            88            99            85  
          82           102            88            99  
          82            99            85            65  
          82            99            81            65  
          82           102            99            81  
          47            51            50            67  
          47            51            49            67  
          47            51            31            49  
          47            66            49            67  
          22             6            24             9  
          22            51             6            24  
          22            52            24             9  
          22            51            52            24  
          22            51            52            33  
          22            51             6            19  
          22            52            33            23  
          22            52             9            23  
          22            20            33            23  
          22            32            20            33  
          22            51            32            33  
          22            19            32            20  
          22            51            19            32  
          46            27            64            60  
          46            40            27            60  
          46            40            31            27  
          46            31            27            49  
          46            47            31            49  
          46            47            66            49  
          46            83            27            49  
          46            83            27            64  
          46            66            83            49  
          46            66            83            64  
         117           138           149           136  
         117           149           153           131  
         117           149           136           153  
         117           148           149           131  
         117           153           131           135  
         117           136           153           135  
         117           148           118           131  
         125           138           128           129  
         125           128           101           129  
         125           102           101           129  
         125           102            98           129  
         125            98           118           129  
         122           100            97           105  
         122           105           121           126  
         122            97           105           121  
         122           123           121           126  
         122           123            97           121  
         122           126           144           127  
         122           105           144           127  
         122           105           126           144  
         122           123           126           127  
         122            86           105           127  
         122           100            86           105  
         122           124           123           127  
         122            86           128           127  
         122           124           128           127  
         115           123            97           114  
         115           122           123            97  
         115           122           124           123  
         115           124           123           136  
         115           123           136           135  
         115           114            94           109  
         115            94           134           135  
         115           123           134           135  
         115            94           134           109  
         115           114           109           113  
         115           123           114           113  
         115           134           109           113  
         115           123           134           113  
          43            26             4            29  
          43            26             4            27  
          43             4            29            49  
          43             4            27            49  
          43            83            29            49  
          43            83            27            49  
          43            83            96            27  
          43            26            25            27  
         110           146            92           135  
         110           146           131           135  
         110           146            92            90  
         110           146           131            90  
         110            76            92            90  
         110            93            76            90  
         110           131           108            90  
         110            93           108            90  
         110            93           131           108  
         119           125           118           129  
         119           125           138           129  
         119           139           118           129  
         119           149           139           129  
         119           138           149           129  
         119           149           139           118  
         119           117           138           149  
         119           125            98           118  
         119           148           149           118  
         119           117           148           118  
         119           117           148           149  
         119            98           118            95  
         116           115           136           135  
         116           115            94           135  
         116            94            92           135  
         116           110            92           135  
         116           117           136           135  
         116           117           131           135  
         116           110           131           135  
         116           110           117           131  
          74            43            96            27  
          74            43            25            27  
          74            25            60            73  
          74            25            27            60  
          74            43            26            25  
          74            78            60            73  
          74            78            27            60  
          74            78           109            73  
          74            78            96           109  
          74            96            27            64  
          74            78            27            64  
          74            78            96            64  
          74            96           109           113  
         111           119           118            95  
         111           119           117           118  
         111           110            93           131  
         111           110           117           131  
         111           117           118           131  
         111           118            91            95  
         111            93            91            95  
         111           118            91           131  
         111            93            91           131  
