#  p05_nodes.txt
#  created by TABLE_IO.M
#  at 15-Sep-2005 09:15:36
#
#  Spatial dimension M = 3
#  Number of points N = 157
#  EPSILON (unit roundoff) = 2.220446e-016
#
     -0.645703       -0.763589       -1.000000  
     -0.392778       -0.373458       -1.000000  
      0.034487       -0.572056       -1.000000  
     -0.566761        0.056939       -1.000000  
      0.927097       -0.374822       -1.000000  
     -0.275184        0.546071       -1.000000  
     -0.811615        0.584192       -1.000000  
     -0.398245        0.917279       -1.000000  
      0.133564        0.991040       -1.000000  
     -0.258421       -0.966032       -1.000000  
     -0.427069       -0.904219       -0.495668  
      0.056953       -0.998377       -0.637203  
      0.279913       -0.960025       -1.000000  
      0.637947       -0.770080       -1.000000  
      0.840693       -0.541513       -0.558509  
      0.514715       -0.306068       -1.000000  
      0.107718       -0.142973       -1.000000  
      0.998299        0.058304       -1.000000  
     -0.137819        0.140870       -1.000000  
      0.452841        0.205526       -1.000000  
      0.887495        0.460818       -1.000000  
      0.174101        0.555046       -1.000000  
      0.605500        0.795845       -1.000000  
     -0.105435        0.994426       -0.654124  
     -0.807887       -0.589338       -0.622538  
     -0.942847       -0.333226       -1.000000  
     -0.567183       -0.128847       -0.552875  
      0.592820       -0.077169       -0.614199  
     -0.982983        0.183697       -1.000000  
     -0.020312       -0.112511       -0.486753  
     -0.145564        0.104095       -0.466878  
      0.115182        0.105902       -0.474887  
      0.507264        0.428581       -0.603165  
      0.842700        0.538383       -0.531498  
     -0.618994        0.785396       -0.599016  
      0.529999       -0.847998       -0.450638  
     -0.262116       -0.568305       -0.555140  
     -0.007420       -0.313470       -0.389463  
      0.296124       -0.547135       -0.602422  
     -0.219102       -0.144227       -0.425667  
      0.202276       -0.145344       -0.433543  
      0.386775       -0.197710       -0.247620  
     -0.998807       -0.048829       -0.606131  
      0.343836        0.057872       -0.358368  
      0.999715        0.023870       -0.608459  
     -0.372445        0.064379       -0.327322  
     -0.235334        0.281685       -0.339516  
      0.200348        0.276931       -0.364925  
     -0.553064        0.383151       -0.638320  
     -0.011057        0.456801       -0.203004  
     -0.025806        0.482419       -0.512299  
      0.426469        0.904502       -0.578041  
     -0.368655        0.929566       -0.290743  
      0.154133        0.988050       -0.270191  
      0.045237       -0.998976       -0.244699  
      0.028160       -0.456611       -0.201775  
      0.215459       -0.446761       -0.063100  
     -0.180583       -0.442166       -0.147915  
      0.240678       -0.351805       -0.261357  
     -0.350604       -0.268069       -0.234980  
      0.392347       -0.307602       -0.038011  
      0.959383       -0.282107       -0.241752  
      0.474535        0.002898       -0.157505  
     -0.484306        0.021315       -0.122449  
      0.399545        0.239911       -0.181125  
     -0.418349        0.235432       -0.139842  
     -0.244150        0.399826       -0.174728  
      0.114230        0.485494        0.035308  
      0.208914        0.413247       -0.188632  
      0.970096        0.242723       -0.237930  
     -0.354978       -0.934875        0.030503  
      0.438368       -0.898796        0.016062  
     -0.694132       -0.719848       -0.129604  
     -0.936879       -0.349653       -0.255846  
     -0.333236       -0.372602        0.011024  
      0.003674       -0.497365        0.051129  
      0.787223       -0.616668        0.004445  
     -0.462705       -0.186721       -0.032238  
      0.993955       -0.109785        0.164922  
      0.488222       -0.096341        0.048557  
      0.474562        0.152000        0.041079  
      0.329695        0.375102        0.024486  
     -0.938597        0.345015       -0.445331  
     -0.107162        0.488375       -0.002568  
      0.660802        0.750560       -0.156864  
     -0.093655        0.440624        0.216977  
      0.276943        0.960886        0.132795  
      0.639892        0.768465        0.318510  
     -0.212762        0.977104        0.117206  
      0.008970       -0.999960        0.261993  
      0.675761       -0.737120        0.492846  
     -0.188638       -0.425488        0.182689  
      0.243485       -0.426741        0.183160  
     -0.376065       -0.255820        0.207680  
      0.400492       -0.224095        0.199360  
     -0.999587        0.028722       -0.049056  
     -0.451608        0.183934        0.110537  
      0.424929        0.034956        0.261177  
      0.915201        0.402997        0.141456  
     -0.313000        0.384567        0.064342  
      0.163451        0.403016        0.246701  
      0.366274        0.266026        0.212305  
      0.841102        0.540876        0.607723  
     -0.761672        0.647962       -0.159282  
     -0.589214        0.807977        0.226974  
     -0.062841        0.998024        0.520432  
     -0.614766       -0.788710        0.425655  
      0.321999       -0.946740        0.524822  
     -0.901510       -0.432758        0.221736  
      0.017271       -0.404746        0.293057  
      0.236086       -0.262411        0.354124  
      0.914152       -0.405372        0.493551  
     -0.999944        0.010591        0.476211  
     -0.475690       -0.026528        0.151708  
     -0.352796       -0.065936        0.348120  
     -0.168498       -0.280600        0.377984  
      0.038232       -0.177907        0.465712  
      0.582674       -0.167467        0.625797  
      0.225796       -0.033448        0.444857  
      0.993698        0.112092        0.566205  
     -0.920955        0.389670        0.151389  
     -0.306156        0.283351        0.275646  
     -0.591278        0.121489        0.591784  
     -0.188953        0.156571        0.435640  
      0.257713        0.181812        0.387980  
     -0.861533        0.507701        0.571426  
     -0.165822        0.558184        0.604427  
      0.025131        0.300526        0.398814  
      0.402178        0.389020        0.667377  
      0.378077        0.925774        0.626341  
      0.150264       -0.579103        0.681293  
      0.492406       -0.870366        1.000000  
      0.823383       -0.567486        1.000000  
     -0.912352       -0.409407        0.648227  
     -0.423751       -0.449501        0.629075  
     -0.161513       -0.061647        0.488484  
     -0.986695       -0.162584        1.000000  
      0.040456        0.095736        0.489079  
      0.529474        0.167212        1.000000  
      0.939056        0.343765        1.000000  
     -0.963865        0.266392        1.000000  
     -0.391929        0.374382        1.000000  
      0.110806        0.533182        1.000000  
     -0.528813        0.848738        0.623060  
      0.645761        0.763540        1.000000  
     -0.239013       -0.971016        0.605240  
     -0.438673       -0.898647        1.000000  
      0.386586       -0.331487        1.000000  
      0.016491        0.029643        1.000000  
     -0.290474        0.956883        1.000000  
      0.052591       -0.998616        1.000000  
     -0.766408       -0.642354        1.000000  
     -0.141258       -0.482000        1.000000  
     -0.503477       -0.124843        1.000000  
      0.988119       -0.153688        1.000000  
     -0.727127        0.686503        1.000000  
      0.170508        0.985356        1.000000  
