1 1  0.1 0.1 0.8
2 1  0.1 0.1 0.8
3 1  0.1 0.1 0.8
4 1  0.1 0.1 0.8
5 1  0.1 0.1 0.8
6 1  0.1 0.1 0.8
7 1  0.1 0.1 0.8
8 1  0.9 0.1 0.0
1 2  0.1 0.1 0.8
2 2  0.1 0.1 0.8
3 2  0.1 0.1 0.8
4 2  0.1 0.1 0.8
5 2  0.1 0.1 0.8
6 2  0.1 0.1 0.8
7 2  0.9 0.1 0.0
1 3  0.1 0.1 0.8
2 3  0.1 0.1 0.8
3 3  0.1 0.1 0.8
4 3  0.1 0.1 0.8
5 3  0.1 0.1 0.8
6 3  0.9 0.1 0.0
1 4  0.1 0.1 0.8
2 4  0.1 0.1 0.8
3 4  0.1 0.1 0.8
4 4  0.1 0.1 0.8
5 4  0.9 0.1 0.0
1 5  0.1 0.1 0.8
2 5  0.1 0.1 0.8
3 5  0.1 0.1 0.8
4 5  0.9 0.1 0.0
1 6  0.1 0.1 0.8
2 6  0.1 0.1 0.8
3 6  0.9 0.1 0.0
1 7  0.1 0.1 0.8
2 7  0.9 0.1 0.0
1 8  0.9 0.1 0.0
