0  0  0.0 0.0 1.0
0  1  0.0 0.0 1.0
0  2  1.0 0.0 0.0
0  3  1.0 0.0 0.0
0  4  0.9 0.9 0.9
0  5  0.9 0.9 0.9
0  6  0.9 0.9 0.9
0  7  0.9 0.9 0.9
0  8  0.9 0.9 0.9
0  9  0.9 0.9 0.9
0 10  0.9 0.9 0.9
0 11  0.9 0.9 0.9
0 12  0.9 0.9 0.9
0 13  0.9 0.9 0.9
0 14  0.9 0.9 0.9
0 15  0.9 0.9 0.9
0 16  0.9 0.9 0.9
0 17  0.9 0.9 0.9
0 18  0.9 0.9 0.9
0 19  0.9 0.9 0.9

1  0  0.0 0.0 1.0
1  1  0.0 0.0 1.0
1  2  1.0 0.0 0.0
1  3  1.0 0.0 0.0
1  4  0.9 0.9 0.9
1  5  0.9 0.9 0.9
1  6  0.9 0.9 0.9
1  7  0.9 0.9 0.9
1  8  0.9 0.9 0.9
1  9  0.9 0.9 0.9
1 10  0.9 0.9 0.9
1 11  0.9 0.9 0.9
1 12  0.9 0.9 0.9
1 13  0.9 0.9 0.9
1 14  0.9 0.9 0.9
1 15  0.9 0.9 0.9
1 16  0.9 0.9 0.9
1 17  0.9 0.9 0.9
1 18  0.9 0.9 0.9
1 19  0.9 0.9 0.9
2 0  1.0 0.0 0.0
2 1  1.0 0.0 0.0
2 2  0.9 0.9 0.9
2 3  0.9 0.9 0.9
2 4  0.9 0.9 0.9
2 5  0.9 0.9 0.9
2 6  0.9 0.9 0.9
2 7  0.9 0.9 0.9
2 8  0.9 0.9 0.9
2 9  0.9 0.9 0.9
2 10  0.9 0.9 0.9
2 11  0.9 0.9 0.9
2 12  0.9 0.9 0.9
2 13  0.9 0.9 0.9
2 14  0.9 0.9 0.9
2 15  0.9 0.9 0.9
2 16  0.9 0.9 0.9
2 17  0.9 0.9 0.9
2 18  0.9 0.9 0.9
2 19  0.9 0.9 0.9
3 0  1.0 0.0 0.0
3 1  1.0 0.0 0.0
3 2  0.9 0.9 0.9
3 3  0.9 0.9 0.9
3 4  0.9 0.9 0.9
3 5  0.9 0.9 0.9
3 6  0.9 0.9 0.9
3 7  0.9 0.9 0.9
3 8  0.9 0.9 0.9
3 9  0.9 0.9 0.9
3 10  0.9 0.9 0.9
3 11  0.9 0.9 0.9
3 12  0.9 0.9 0.9
3 13  0.9 0.9 0.9
3 14  0.9 0.9 0.9
3 15  0.9 0.9 0.9
3 16  0.9 0.9 0.9
3 17  0.9 0.9 0.9
3 18  0.9 0.9 0.9
3 19  0.9 0.9 0.9
4 0  0.9 0.9 0.9
4 1  0.9 0.9 0.9
4 2  0.9 0.9 0.9
4 3  0.9 0.9 0.9
4 4  0.9 0.9 0.9
4 5  0.9 0.9 0.9
4 6  0.9 0.9 0.9
4 7  0.9 0.9 0.9
4 8  0.9 0.9 0.9
4 9  0.9 0.9 0.9
4 10  0.9 0.9 0.9
4 11  0.9 0.9 0.9
4 12  0.9 0.9 0.9
4 13  0.9 0.9 0.9
4 14  0.9 0.9 0.9
4 15  0.9 0.9 0.9
4 16  0.9 0.9 0.9
4 17  0.9 0.9 0.9
4 18  0.9 0.9 0.9
4 19  0.9 0.9 0.9
5 0  0.9 0.9 0.9
5 1  0.9 0.9 0.9
5 2  0.9 0.9 0.9
5 3  0.9 0.9 0.9
5 4  0.9 0.9 0.9
5 5  0.9 0.9 0.9
5 6  0.9 0.9 0.9
5 7  0.9 0.9 0.9
5 8  0.9 0.9 0.9
5 9  0.9 0.9 0.9
5 10  0.9 0.9 0.9
5 11  0.9 0.9 0.9
5 12  0.9 0.9 0.9
5 13  0.9 0.9 0.9
5 14  0.9 0.9 0.9
5 15  0.9 0.9 0.9
5 16  0.9 0.9 0.9
5 17  0.9 0.9 0.9
5 18  0.9 0.9 0.9
5 19  0.9 0.9 0.9
6 0  0.9 0.9 0.9
6 1  0.9 0.9 0.9
6 2  0.9 0.9 0.9
6 3  0.9 0.9 0.9
6 4  0.9 0.9 0.9
6 5  0.9 0.9 0.9
6 6  0.9 0.9 0.9
6 7  0.9 0.9 0.9
6 8  0.9 0.9 0.9
6 9  0.9 0.9 0.9
6 10  0.9 0.9 0.9
6 11  0.9 0.9 0.9
6 12  0.9 0.9 0.9
6 13  0.9 0.9 0.9
6 14  0.9 0.9 0.9
6 15  0.9 0.9 0.9
6 16  0.9 0.9 0.9
6 17  0.9 0.9 0.9
6 18  0.9 0.9 0.9
6 19  0.9 0.9 0.9
7 0  0.9 0.9 0.9
7 1  0.9 0.9 0.9
7 2  0.9 0.9 0.9
7 3  0.9 0.9 0.9
7 4  0.9 0.9 0.9
7 5  0.9 0.9 0.9
7 6  0.9 0.9 0.9
7 7  0.9 0.9 0.9
7 8  0.9 0.9 0.9
7 9  0.9 0.9 0.9
7 10  0.9 0.9 0.9
7 11  0.9 0.9 0.9
7 12  0.9 0.9 0.9
7 13  0.9 0.9 0.9
7 14  0.9 0.9 0.9
7 15  0.9 0.9 0.9
7 16  0.9 0.9 0.9
7 17  0.9 0.9 0.9
7 18  0.9 0.9 0.9
7 19  0.9 0.9 0.9
8 0  0.9 0.9 0.9
8 1  0.9 0.9 0.9
8 2  0.9 0.9 0.9
8 3  0.9 0.9 0.9
8 4  0.9 0.9 0.9
8 5  0.9 0.9 0.9
8 6  0.9 0.9 0.9
8 7  0.9 0.9 0.9
8 8  0.9 0.9 0.9
8 9  0.9 0.9 0.9
8 10  0.9 0.9 0.9
8 11  0.9 0.9 0.9
8 12  0.9 0.9 0.9
8 13  0.9 0.9 0.9
8 14  0.9 0.9 0.9
8 15  0.9 0.9 0.9
8 16  0.9 0.9 0.9
8 17  0.9 0.9 0.9
8 18  0.9 0.9 0.9
8 19  0.9 0.9 0.9
9 0  0.9 0.9 0.9
9 1  0.9 0.9 0.9
9 2  0.9 0.9 0.9
9 3  0.9 0.9 0.9
9 4  0.9 0.9 0.9
9 5  0.9 0.9 0.9
9 6  0.9 0.9 0.9
9 7  0.9 0.9 0.9
9 8  0.9 0.9 0.9
9 9  0.9 0.9 0.9
9 10  0.9 0.9 0.9
9 11  0.9 0.9 0.9
9 12  0.9 0.9 0.9
9 13  0.9 0.9 0.9
9 14  0.9 0.9 0.9
9 15  0.9 0.9 0.9
9 16  0.9 0.9 0.9
9 17  0.9 0.9 0.9
9 18  0.9 0.9 0.9
9 19  0.9 0.9 0.9
10 0  0.9 0.9 0.9
10 1  0.9 0.9 0.9
10 2  0.9 0.9 0.9
10 3  0.9 0.9 0.9
10 4  0.9 0.9 0.9
10 5  0.9 0.9 0.9
10 6  0.9 0.9 0.9
10 7  0.9 0.9 0.9
10 8  0.9 0.9 0.9
10 9  0.9 0.9 0.9
10 10  0.9 0.9 0.9
10 11  0.9 0.9 0.9
10 12  0.9 0.9 0.9
10 13  0.9 0.9 0.9
10 14  0.9 0.9 0.9
10 15  0.9 0.9 0.9
10 16  0.9 0.9 0.9
10 17  0.9 0.9 0.9
10 18  0.9 0.9 0.9
10 19  0.9 0.9 0.9
11 0  0.9 0.9 0.9
11 1  0.9 0.9 0.9
11 2  0.9 0.9 0.9
11 3  0.9 0.9 0.9
11 4  0.9 0.9 0.9
11 5  0.9 0.9 0.9
11 6  0.9 0.9 0.9
11 7  0.9 0.9 0.9
11 8  0.9 0.9 0.9
11 9  0.9 0.9 0.9
11 10  0.9 0.9 0.9
11 11  0.9 0.9 0.9
11 12  0.9 0.9 0.9
11 13  0.9 0.9 0.9
11 14  0.9 0.9 0.9
11 15  0.9 0.9 0.9
11 16  0.9 0.9 0.9
11 17  0.9 0.9 0.9
11 18  0.9 0.9 0.9
11 19  0.9 0.9 0.9
12 0  0.9 0.9 0.9
12 1  0.9 0.9 0.9
12 2  0.9 0.9 0.9
12 3  0.9 0.9 0.9
12 4  0.9 0.9 0.9
12 5  0.9 0.9 0.9
12 6  0.9 0.9 0.9
12 7  0.9 0.9 0.9
12 8  0.9 0.9 0.9
12 9  0.9 0.9 0.9
12 10  0.9 0.9 0.9
12 11  0.9 0.9 0.9
12 12  0.9 0.9 0.9
12 13  0.9 0.9 0.9
12 14  0.9 0.9 0.9
12 15  0.9 0.9 0.9
12 16  0.9 0.9 0.9
12 17  0.9 0.9 0.9
12 18  0.9 0.9 0.9
12 19  0.9 0.9 0.9
13 0  0.9 0.9 0.9
13 1  0.9 0.9 0.9
13 2  0.9 0.9 0.9
13 3  0.9 0.9 0.9
13 4  0.9 0.9 0.9
13 5  0.9 0.9 0.9
13 6  0.9 0.9 0.9
13 7  0.9 0.9 0.9
13 8  0.9 0.9 0.9
13 9  0.9 0.9 0.9
13 10  0.9 0.9 0.9
13 11  0.9 0.9 0.9
13 12  0.9 0.9 0.9
13 13  0.9 0.9 0.9
13 14  0.9 0.9 0.9
13 15  0.9 0.9 0.9
13 16  0.9 0.9 0.9
13 17  0.9 0.9 0.9
13 18  0.9 0.9 0.9
13 19  0.9 0.9 0.9
14 0  0.9 0.9 0.9
14 1  0.9 0.9 0.9
14 2  0.9 0.9 0.9
14 3  0.9 0.9 0.9
14 4  0.9 0.9 0.9
14 5  0.9 0.9 0.9
14 6  0.9 0.9 0.9
14 7  0.9 0.9 0.9
14 8  0.9 0.9 0.9
14 9  0.9 0.9 0.9
14 10  0.9 0.9 0.9
14 11  0.9 0.9 0.9
14 12  0.9 0.9 0.9
14 13  0.9 0.9 0.9
14 14  0.9 0.9 0.9
14 15  0.9 0.9 0.9
14 16  0.9 0.9 0.9
14 17  0.9 0.9 0.9
14 18  0.9 0.9 0.9
14 19  0.9 0.9 0.9
15 0  0.9 0.9 0.9
15 1  0.9 0.9 0.9
15 2  0.9 0.9 0.9
15 3  0.9 0.9 0.9
15 4  0.9 0.9 0.9
15 5  0.9 0.9 0.9
15 6  0.9 0.9 0.9
15 7  0.9 0.9 0.9
15 8  0.9 0.9 0.9
15 9  0.9 0.9 0.9
15 10  0.9 0.9 0.9
15 11  0.9 0.9 0.9
15 12  0.9 0.9 0.9
15 13  0.9 0.9 0.9
15 14  0.9 0.9 0.9
15 15  0.9 0.9 0.9
15 16  0.9 0.9 0.9
15 17  0.9 0.9 0.9
15 18  0.9 0.9 0.9
15 19  0.9 0.9 0.9
16 0  0.9 0.9 0.9
16 1  0.9 0.9 0.9
16 2  0.9 0.9 0.9
16 3  0.9 0.9 0.9
16 4  0.9 0.9 0.9
16 5  0.9 0.9 0.9
16 6  0.9 0.9 0.9
16 7  0.9 0.9 0.9
16 8  0.9 0.9 0.9
16 9  0.9 0.9 0.9
16 10  0.9 0.9 0.9
16 11  0.9 0.9 0.9
16 12  0.9 0.9 0.9
16 13  0.9 0.9 0.9
16 14  0.9 0.9 0.9
16 15  0.9 0.9 0.9
16 16  0.9 0.9 0.9
16 17  0.9 0.9 0.9
16 18  0.9 0.9 0.9
16 19  0.9 0.9 0.9
17 0  0.9 0.9 0.9
17 1  0.9 0.9 0.9
17 2  0.9 0.9 0.9
17 3  0.9 0.9 0.9
17 4  0.9 0.9 0.9
17 5  0.9 0.9 0.9
17 6  0.9 0.9 0.9
17 7  0.9 0.9 0.9
17 8  0.9 0.9 0.9
17 9  0.9 0.9 0.9
17 10  0.9 0.9 0.9
17 11  0.9 0.9 0.9
17 12  0.9 0.9 0.9
17 13  0.9 0.9 0.9
17 14  0.9 0.9 0.9
17 15  0.9 0.9 0.9
17 16  0.9 0.9 0.9
17 17  0.9 0.9 0.9
17 18  0.9 0.9 0.9
17 19  0.9 0.9 0.9
18 0  0.9 0.9 0.9
18 1  0.9 0.9 0.9
18 2  0.9 0.9 0.9
18 3  0.9 0.9 0.9
18 4  0.9 0.9 0.9
18 5  0.9 0.9 0.9
18 6  0.9 0.9 0.9
18 7  0.9 0.9 0.9
18 8  0.9 0.9 0.9
18 9  0.9 0.9 0.9
18 10  0.9 0.9 0.9
18 11  0.9 0.9 0.9
18 12  0.9 0.9 0.9
18 13  0.9 0.9 0.9
18 14  0.9 0.9 0.9
18 15  0.9 0.9 0.9
18 16  0.9 0.9 0.9
18 17  0.9 0.9 0.9
18 18  0.9 0.9 0.9
18 19  0.9 0.9 0.9
19 0  0.9 0.9 0.9
19 1  0.9 0.9 0.9
19 2  0.9 0.9 0.9
19 3  0.9 0.9 0.9
19 4  0.9 0.9 0.9
19 5  0.9 0.9 0.9
19 6  0.9 0.9 0.9
19 7  0.9 0.9 0.9
19 8  0.9 0.9 0.9
19 9  0.9 0.9 0.9
19 10  0.9 0.9 0.9
19 11  0.9 0.9 0.9
19 12  0.9 0.9 0.9
19 13  0.9 0.9 0.9
19 14  0.9 0.9 0.9
19 15  0.9 0.9 0.9
19 16  0.9 0.9 0.9
19 17  0.9 0.9 0.9
19 18  0.9 0.9 0.9
19 19  0.9 0.9 0.9

