       0   9      12696265
       2  10      12413460
       5   9      12308480
      10  10      12223092
      11  10      11558919
      13   9      11510054
      14   9      11302582
      15   9      10833526
      17  10      10803398
      23  10      10721610
      30  10      10701670
      31  10      10696748
      32  10      10691022
      37   8      10664524
      47  10      10664498
      48   7      10653001
      49   9      10651144
      50   7      10635714
      55   9      10622334
      71   6      10621170
      75   4      10613304
      78   9      10612140
      82   4      10501117
      85  10      10482630
      99   6      10473131
     100   7      10451655
     108   7      10451391
     109   8      10444777
     114   6      10441259
     116   9      10440995
     119   8      10420966
     120  10      10416202
     121   9      10406086
     129   5      10404702
     132   8      10283727
     139   3      10281783
     141   7      10275485
     146   9      10274729
     149   3      10272939
     156   4      10154340
     166   3      10110969
     171   6      10016867
     175  10       9973496
     183   4       9891555
     186  10       9891078
     197   3       9856053
     202   4       9457322
     205  10       9422297
     209   3       9414149
     214   3       9393742
     219   9       9385594
     222   6       9369318
     224   7       9360623
     226   5       9264616
     244   6       9262826
     245   7       9246524
     246   3       8957275
     251   6       8923108
     254   3       8920729
     260   8       8903179
     265   9       8898363
     268  10       8893473
     274   3       8893426
     279   5       8879424
     284   4       8821396
     289   9       8821356
     292   4       8782641
     293  10       8760430
     309   7       8760373
     310   6       8759544
     315  10       8759487
     317   7       8758377
     320   9       8757491
     323   9       8757385
     324   3       8668150
     329   9       8660864
     331   3       8653336
     337   9       8652426
     339   6       8516494
     343   9       8508966
     347  10       8485029
     356   9       8484668
     357   6       8484588
     362   4       8482319
     364   7       8479296
     365  10       8478701
     367   4       8476896
     372   3       8474656
     373  10       8471370
     374   5       8440056
     375   9       8439073
     377  10       8434530
     379   8       8381481
     388  10       8379862
     396   3       8284644
     402   3       8284464
     409   8       8283143
     418   6       8230723
     431   7       8230505
     434   3       8229466
     435   4       8228338
     436  10       8227299
     438   7       8224821
     441   4       8218895
     443   4       8214030
     444   9       8211871
     446   4       8207224
     449   9       8205259
     451  10       8200934
     458   4       8197148
     461   4       8109047
     474   8       8105850
     477   8       8008628
     485   4       8007804
     490   5       8007308
     500   7       7983681
     509  10       7982477
     515   6       7979776
     519   7       7978059
     526   5       7920631
     528   9       7919427
     536   3       7917216
     543   3       7910771
     550  10       7909695
     552   5       7908958
     555   9       7908560
     556   7       7907017
     557   6       7879479
     561  10       7878344
     562   9       7865220
     564  10       7864632
     571   4       7824462
     580   6       7823530
     585   5       7818284
     587   9       7817412
     589   3       7757350
     596   9       7735277
     604   3       7735091
     607   5       7734375
     608   8       7732653
     613   7       7732132
     615   9       7729513
     618  10       7728611
     622  10       7727232
     633   6       7726576
     635   4       7718683
     639  10       7705132
     641   3       7619029
     647  10       7561542
     658   5       7560572
     659   4       7545142
     663   6       7531823
     664   4       7530569
     668   9       7529591
     672   4       7529403
     678   7       7528827
     683   6       7527947
     684   8       7524709
     685   3       7522277
     695   7       7521718
     700   9       7521111
     701  10       7516417
     706   9       7516373
     708   6       7513669
     710  10       7513625
     713   8       7472675
     724   9       7469560
     727   4       7451656
     731   5       7445808
     732   9       7427904
     746   3       7426113
     756   4       7359348
     764   4       7352256
     768   5       7345142
     771   5       7297363
     774  10       7297357
     779   9       7232399
     790   9       7220976
     791   9       7220682
     793   4       7219970
     794   9       7211960
     795   9       7211666
     798   9       7210954
     800   8       7205213
     805   9       7204694
     806   7       7196613
     813  10       7190353
     815   5       7177959
     816  10       7168301
     819   4       7166412
     825  10       7165555
     831   8       7161058
     834   4       7159089
     836   3       7154398
     838   6       7122063
     842   3       7120578
     843   9       7115666
     844  10       7114456
     849   7       7089014
     856  10       7086858
     860   3       7084855
     865  10       7084617
     869   4       7084231
     874   6       7082189
     876   5       7081603
     882   6       7081570
     883   4       6874717
     886   3       6873590
     890   4       6873465
     892   4       6873069
     893   5       6871165
     897   9       6870644
     898   5       6868131
     903   9       6867610
     904   4       6857631
     912  10       6856046
     923   6       6848775
     933   9       6847447
     935   3       6810097
     943  10       6789071
     947  10       6784415
     954   3       6779445
     955   8       6773781
     959   3       6743181
     960   5       6651201
     965   9       6635911
     967  10       6609967
     980   6       6609776
     988   4       6608267
     993   5       6607989
     994   3       6607493
     996   8       6568450
    1002  10       6566663
    1006   3       6542656
    1012   3       6532616
    1020   7       6526463
    1027   3       6519073
    1033   7       6516534
    1034  10       6503701
    1042   5       6503395
    1045   9       6502103
    1049   6       6498815
    1057   5       6493169
    1060   8       6472024
    1066  10       6464993
    1071   3       6451300
    1078   5       6433651
    1086  10       6408617
    1102   5       6407632
    1104   3       6407528
    1110   3       6405685
    1117   5       6391277
    1122  10       6389434
    1127   7       6358674
    1130   9       6342423
    1136  10       6308590
    1142   4       6294726
    1146   7       6287168
    1148   9       6280522
    1149  10       6272964
    1161  10       6272892
    1167   4       6264619
    1172   7       6251086
    1176   3       6245360
    1184   9       6244255
    1187   3       6244093
    1190   3       6204301
    1196   5       6203556
    1198   6       6203541
    1202   4       6201349
    1203   4       6188007
    1214   9       6184257
    1218   3       6180631
    1226   4       6174973
    1235   4       6125694
    1243   4       6124304
    1248   5       6119255
    1250   8       6108900
    1252  10       6102461
    1258  10       6102281
    1259   3       6101796
    1261  10       6101616
    1263   4       6078194
    1268  10       6072477
    1287   6       5986805
    1292   9       5984643
    1294   9       5980278
    1314   8       5979354
    1315   3       5976637
    1326   3       5976516
    1330   7       5976287
    1335   7       5973200
    1341   9       5972857
    1342   6       5972105
    1346   9       5971682
    1347  10       5971101
    1353  10       5971094
    1356   6       5970496
    1360   5       5958508
    1369   5       5941266
    1375   4       5935323
    1383  10       5935290
    1386   7       5922620
    1400   6       5916154
    1407   4       5915190
    1408   3       5914439
    1412   9       5914198
    1414   6       5909795
    1421   4       5908434
    1423   9       5907236
    1428   4       5905066
    1439   5       5904274
    1442   8       5903578
    1445   3       5851315
    1449  10       5851209
    1457   3       5847574
    1461   5       5839867
    1462   9       5836126
    1473   8       5744827
    1486   9       5739165
    1494   9       5736640
    1502   5       5736435
    1507   9       5733910
    1525   6       5733785
    1526   5       5732492
    1532   3       5732468
    1536  10       5731555
    1542   7       5731442
    1546   3       5725784
    1548   7       5717712
    1555   9       5712054
    1558   4       5703174
    1561   8       5683015
    1569   9       5667370
    1577   3       5666978
    1578   4       5661920
    1580   7       5622159
    1581   9       5622098
    1584   9       5621052
    1590   7       5619544
    1594   5       5619096
    1596   3       5618212
    1600   9       5618031
    1604  10       5617518
    1608   5       5616538
    1613   9       5616130
    1615   8       5613950
    1619   6       5588163
    1630   6       5587912
    1636   7       5582630
    1645   6       5531199
    1658  10       5529519
    1666   7       5511690
    1672   3       5506788
    1674   4       5492115
    1685   9       5487201
    1687   9       5485857
    1696   9       5484883
    1697   4       5480561
    1699   6       5479522
    1704   9       5478548
    1712   3       5478072
    1715   3       5476351
    1718   3       5475098
    1724   5       5474770
    1729  10       5474047
    1731   9       5473457
    1736   9       5473397
    1739   3       5472923
    1743   7       5462878
    1745  10       5462613
    1749  10       5462152
    1753   3       5460595
    1762   6       5458312
    1764   8       5457463
    1767   5       5456024
    1769  10       5455180
    1773   3       5453811
    1780   6       5453362
    1781  10       5452967
    1789   9       5452130
    1794   4       5451623
    1796   8       5447423
    1804   5       5437004
    1807   9       5434176
    1808   5       5401024
    1809  10       5398121
    1816   3       5397213
    1819   3       5391159
    1829   4       5391140
    1834   6       5391061
    1836  10       5391042
    1837   4       5390128
    1838   5       5389094
    1842   7       5388910
    1844   8       5387260
    1848   5       5386849
    1849   9       5386292
    1851  10       5385214
    1852  10       5385059
    1854   9       5383550
    1856  10       5383328
    1864   7       5379486
    1869  10       5379200
    1870  10       5379148
    1877   8       5376530
    1891   6       5376011
    1900   5       5375625
    1905   4       5372374
    1911   4       5360260
    1922   9       5357096
    1927  10       5357022
    1929   4       5339971
    1939   6       5334399
    1947   5       5333213
    1948   4       5321724
    1952  10       5318203
    1954   9       5317017
    1964   8       5315409
    1965   4       5301275
    1970  10       5298481
    1977  10       5298311
    1979   8       5298293
    1983   5       5297512
    1984   6       5294562
    1985   8       5281282
    1991   9       5278392
    1998   6       5276191
    2006   5       5276105
    2008   4       5276003
    2011   6       5275812
    2014  10       5275624
    2015   8       5273447
    2026   6       5272720
    2027   3       5269943
    2031   4       5265032
    2032   9       5261261
    2041   4       5257876
    2058   7       5257820
    2059   7       5257762
    2061   7       5256340
    2078   3       5245073
    2091   7       5243844
    2099   7       5241684
    2102   6       5237293
    2105  10       5235491
    2107  10       5234262
    2111   7       5234106
    2116   6       5230558
    2118   3       5230270
    2126  10       5227934
    2130   4       5226566
    2131  10       5224204
    2137  10       5224048
    2141   6       5222113
    2144  10       5220770
    2152   4       5220556
    2155   3       5218421
    2157   4       5206525
    2168   5       5204664
    2176   9       5204308
    2182   8       5202516
    2192   9       5202386
    2196   9       5201742
    2203   4       5198274
    2209   9       5197314
    2215   3       5197220
    2217   4       5194809
    2220   5       5186394
    2229   3       5186134
    2231   3       5183511
    2239   9       5183251
    2241   3       5180048
    2245  10       5179788
    2246   4       5179648
    2250   3       5179401
    2255   6       5179256
    2258  10       5175653
    2264   5       5172724
    2268   9       5168866
    2289   7       5168074
    2295   3       5167427
    2297   4       5166093
    2301  10       5164259
    2310   3       5164192
    2311   5       5163593
    2313   5       5162729
    2315   9       5162063
    2319   8       5152223
    2331   9       5150693
    2335   3       5149441
    2336   9       5148939
    2344   6       5139749
    2363   6       5139695
    2365   6       5121463
    2373  10       5120291
    2380   4       5120059
    2381   5       5119832
    2384   8       5114828
    2390  10       5114596
    2392   5       5107525
    2394   9       5107018
    2399   8       5106536
    2411  10       5106104
    2412   6       5095872
    2418   4       5095540
    2422   4       5095509
    2424   6       5089672
    2435   8       5088908
    2450   3       5088593
    2468   6       5081799
    2474   9       5080967
    2478  10       5080936
    2480   5       5079128
    2492   3       5078416
    2497   6       5072626
    2508  10       5070906
    2510   9       5068223
    2521   5       5061663
    2533   6       5061474
    2551   3       5058430
    2562   5       5050938
    2566   9       5050050
    2579   7       5044259
    2586  10       5044243
    2595   3       5043803
    2603   3       5039343
    2615   9       5037056
    2627   7       5036190
    2635   6       5025281
    2646   3       5025171
    2649   8       5011173
    2651  10       5011063
    2657   4       5010795
    2658   5       5008386
    2660   7       5005349
    2675   7       5004930
    2676   7       4996748
    2681   9       4996444
    2688   4       4989175
    2699   8       4988676
    2700   7       4988550
    2723   7       4988360
    2731   7       4987485
    2737   9       4987358
    2744   5       4986708
    2755  10       4986615
    2759  10       4986277
    2765   5       4978866
    2782  10       4978580
    2786   9       4972998
    2792   9       4972912
    2796   3       4972830
    2803   4       4972621
    2808   4       4971827
    2810   9       4971644
    2814   8       4968849
    2829   4       4968267
    2831  10       4966265
    2836   3       4959263
    2841  10       4955152
    2850   9       4954045
    2853   7       4953887
    2865   6       4947073
    2869   7       4940947
    2871   9       4934133
    2889   5       4924483
    2896   3       4923318
    2898  10       4923253
    2902   9       4922722
    2903  10       4922611
    2904   6       4920360
    2918   8       4914193
    2923   9       4914110
    2926   8       4902253
    2929  10       4896003
    2939   3       4894442
    2940  10       4893771
    2951  10       4893706
    2956   6       4893699
    2960   4       4892704
    2967   3       4892630
    2972   7       4892111
    2975  10       4891044
    2984   3       4890654
    2992   4       4890644
    2993   3       4889476
    3000   6       4889002
    3005   7       4888726
    3009   9       4888252
    3016   6       4888011
    3017   5       4887875
    3018   6       4887850
    3031   3       4886052
    3039   8       4853795
    3041   9       4853293
    3048   8       4851490
    3064   5       4849390
    3070   8       4845217
    3078   3       4844972
    3084   9       4844736
    3085   7       4841084
    3089   6       4835767
    3103   4       4831068
    3104   9       4828760
    3119   8       4815519
    3123   9       4814700
    3130   3       4814257
    3131   9       4813577
    3134   7       4812330
    3138  10       4811207
    3152   7       4810715
    3153   7       4808074
    3159   6       4808024
    3166   5       4806066
    3172   5       4805808
    3181   5       4805521
    3182   7       4803099
    3214   6       4801681
    3233   3       4801385
    3248   6       4796066
    3256   5       4793656
    3263   5       4788428
    3266   9       4786018
    3275   3       4785777
    3287   8       4785519
    3291   5       4785132
    3301   5       4783182
    3307  10       4781796
    3322   3       4773442
    3331   3       4773318
    3338   3       4771518
    3344   4       4770662
    3345  10       4770538
    3347   6       4770344
    3348   9       4767750
    3361   4       4767306
    3370   8       4765864
    3373   4       4763740
    3394   6       4762119
    3398   5       4761790
    3411   6       4761465
    3414   3       4761104
    3417   7       4758402
    3424   3       4757741
    3432  10       4757317
    3446   8       4756488
    3454   4       4752972
    3468   8       4752895
    3470   5       4751968
    3473   9       4751891
    3475  10       4751253
    3476  10       4751176
    3486   5       4751033
    3491   8       4748172
    3492   9       4748029
    3495   4       4747404
    3501   9       4747385
    3503   9       4747356
    3504   9       4747261
    3514   8       4747213
    3518   7       4745003
    3532  10       4744955
    3537   4       4744518
    3542   5       4743414
    3551   9       4742979
    3553  10       4742929
    3558   5       4739732
    3569   8       4739085
    3571   4       4738919
    3572   8       4738200
    3576   9       4737387
    3583   4       4736803
    3595   5       4736711
    3611   5       4736461
    3615   7       4736001
    3618   3       4735923
    3621   4       4735068
    3643   4       4734682
    3654   7       4734640
    3657   8       4733637
    3658   9       4733147
    3676   5       4728068
    3692   4       4727769
    3699   5       4727480
    3701   6       4727163
    3710   5       4727119
    3713   5       4723889
    3722   4       4723707
    3730   6       4723503
    3732   5       4722015
    3733   9       4721621
    3739   3       4716707
    3745   9       4716573
    3755   3       4715257
    3759   4       4712292
    3762  10       4710976
    3772   7       4710541
    3774   6       4710454
    3776   3       4709965
    3784   4       4709744
    3793   5       4708498
    3803   4       4708460
    3804   3       4708236
    3812   6       4707458
    3813   8       4675539
    3819  10       4675468
    3821  10       4674690
    3826   3       4671880
    3833   4       4671840
    3835   5       4669650
    3846   6       4669185
    3847   6       4669146
    3852   6       4668117
    3857   6       4667971
    3862   4       4667515
    3868   8       4667010
    3880   8       4664657
    3884   9       4663696
    3892   6       4663440
    3903   3       4663365
    3905   4       4662486
    3909   5       4661877
    3924   8       4660412
    3925   8       4652083
    3932   9       4650496
    3942   6       4649687
    3943   5       4649433
    3946   4       4648325
    3954   9       4647262
    3955   7       4647091
    3963   9       4646028
    3971   6       4645796
    3975   7       4643084
    3982  10       4641058
    4000   5       4640798
    4006   8       4640524
    4016   6       4635578
    4027   8       4635460
    4037   4       4632516
    4047   9       4631872
    4048   5       4631544
    4058   6       4631514
    4059   5       4621888
    4067  10       4618090
    4074   6       4618050
    4075   4       4617738
    4083   3       4617733
    4095   3       4613555
    4123   3       4612956
    4128   7       4610007
    4130  10       4609454
    4138   9       4608518
    4145   3       4603029
    4164   5       4601797
    4171  10       4600838
    4173   7       4600131
    4181  10       4599746
    4186   3       4596704
    4194   7       4595208
    4205   6       4593682
    4218   4       4593243
    4223   4       4580109
    4235   8       4580005
    4242   6       4579923
    4244  10       4579819
    4248   8       4579693
    4273   7       4578645
    4274   7       4570747
    4289   3       4570664
    4292   7       4570557
    4307   5       4560613
    4318  10       4560331
    4330   5       4560205
    4340   5       4560173
    4343   7       4558105
    4345  10       4558073
    4346   4       4558047
    4352   3       4558041
    4355   8       4557769
    4371  10       4557611
    4378   7       4557344
    4381   7       4555925
    4384   9       4555839
    4394   4       4555297
    4400   3       4555210
    4401   6       4553659
    4408  10       4553117
    4425   7       4551109
    4430   4       4550875
    4444   3       4550406
    4449   6       4548865
    4452   9       4548476
    4466   7       4548300
    4480   9       4548296
    4486   3       4547346
    4488  10       4547325
    4493   4       4545809
    4494   5       4545249
    4500   3       4542959
    4505  10       4541663
    4529   8       4540985
    4538   9       4540563
    4542   6       4540491
    4544   4       4540451
    4547   3       4539859
    4555   9       4539819
    4560   8       4539759
    4561  10       4539325
    4563   8       4536188
    4567   4       4534869
    4574   3       4534714
    4583   6       4533641
    4588   9       4533486
    4592   9       4533410
    4597   8       4532990
    4604   3       4532210
    4614   8       4532153
    4620   6       4531475
    4627   8       4531305
    4630  10       4531284
    4631   8       4521878
    4642  10       4521020
    4651  10       4520894
    4669   4       4520822
    4672   8       4519186
    4677   9       4519114
    4686   5       4518681
    4688   8       4517762
    4697   5       4516689
    4698   3       4505304
    4718   4       4503460
    4726   9       4502372
    4733   3       4495845
    4741  10       4494579
    4745   4       4494573
    4757   5       4494211
    4767  10       4494104
    4770   3       4493823
    4781   5       4493210
    4788   9       4492854
    4802   3       4492832
    4817   8       4490766
    4819   9       4490744
    4823   9       4490719
    4830   6       4490598
    4834   9       4489573
    4837  10       4489548
    4839   4       4488966
    4841   4       4487530
    4846  10       4487505
    4848   3       4487192
    4853   7       4485448
    4854   4       4481456
    4864  10       4481156
    4866  10       4479374
    4871   3       4478884
    4875   9       4478764
    4877   8       4478510
    4879  10       4477981
    4898   8       4477740
    4912   5       4477671
    4919   7       4477616
    4920   4       4477001
    4928   5       4476075
    4942   4       4475788
    4959   6       4475690
    4960   5       4475158
    4968   4       4472558
    4984   6       4472505
    4992   8       4472279
    5001   5       4471860
    5009   7       4471405
    5018   7       4468105
    5022   9       4467650
    5035   5       4467577
    5058   6       4467126
    5064   3       4467066
    5073   5       4466899
    5078   7       4460152
    5082   9       4459985
    5093   4       4459557
    5106   6       4459474
    5107   4       4456987
    5113  10       4456904
    5116   5       4456530
    5119   6       4455522
    5122  10       4455135
    5126   9       4455065
    5160   5       4454618
    5161   7       4453798
    5178   6       4453603
    5192   6       4453555
    5195   5       4452917
    5199   3       4451313
    5205   3       4451021
    5222   3       4450846
    5223   6       4448007
    5231  10       4447832
    5252   4       4446689
    5255   3       4442936
    5260  10       4442613
    5271   6       4441048
    5275   6       4436527
    5281  10       4436375
    5282   9       4434774
    5296   3       4434594
    5307   4       4433398
    5317   3       4433387
    5321   5       4429512
    5330   5       4426826
    5345   9       4426317
    5347   8       4425622
    5348   3       4425509
    5350   4       4424130
    5356   5       4423989
    5362   4       4423671
    5368   9       4423530
    5405   7       4422568
    5409   7       4421160
    5410  10       4420198
    5421   3       4419630
    5423   5       4406390
    5427  10       4397304
    5434   5       4397050
    5437   6       4392497
    5440   9       4392303
    5447   5       4392292
    5448   7       4392027
    5450   7       4391943
    5454  10       4391932
    5456  10       4391682
    5457   3       4389932
    5465   8       4385968
    5479   7       4385928
    5498   5       4385899
    5500   5       4384825
    5505  10       4384796
    5516   7       4384662
    5518   5       4384647
    5520   6       4381519
    5530   8       4377133
    5536   3       4377115
    5552   6       4376885
    5559   7       4376603
    5574   5       4376481
    5576   4       4375459
    5583   4       4373021
    5594   8       4370946
    5599   7       4370833
    5601   9       4368758
    5611   3       4367329
    5615   5       4367234
    5637   7       4367200
    5641   5       4366027
    5659   3       4365975
    5664   4       4364987
    5667   8       4364808
    5672   3       4359914
    5678   3       4359733
    5703   4       4359658
    5707   4       4358363
    5714   9       4357045
    5727   5       4356827
    5731   4       4356049
    5739   3       4356036
    5740   6       4354719
    5753   5       4353842
    5765   8       4353676
    5767   5       4352022
    5779   7       4351995
    5787   6       4351965
    5792   8       4350462
    5811   4       4350451
    5818   8       4350085
    5823  10       4350074
    5827   8       4349531
    5831   8       4349236
    5836  10       4348675
    5842   9       4348546
    5847   3       4348534
    5858   8       4348346
    5866   7       4347283
    5878   9       4346596
    5892   5       4346290
    5898   6       4346242
    5899   4       4346096
    5904   9       4346048
    5905   5       4342804
    5922   5       4342362
    5933   7       4341517
    5939   9       4341075
    5941   5       4340728
    5948  10       4340286
    5959   8       4339096
    5967   6       4333403
    5980   7       4332993
    5985   5       4332716
    5987   4       4331825
    5990   8       4331513
    5998  10       4330307
    6001   3       4329570
    6004   9       4328298
    6028   8       4328217
    6032   4       4328144
    6033   7       4328051
    6034   7       4319320
    6044   9       4319073
    6049   6       4312671
    6058   3       4306584
    6060   9       4299935
    6085   7       4299572
    6093   9       4299333
    6106   3       4292856
    6113  10       4290742
    6122   9       4289932
    6131   5       4289488
    6135   5       4289268
    6139   3       4288986
    6150   6       4288880
    6158   3       4288534
    6169   5       4288420
    6171   8       4288321
    6183   4       4287647
    6189   6       4287200
    6210   6       4285538
    6222   5       4285298
    6226   3       4284707
    6241   5       4284393
    6249   6       4283729
    6268   8       4283084
    6276  10       4282689
    6292   5       4282507
    6298   5       4281860
    6304  10       4281678
    6313   6       4272556
    6340   7       4270757
    6344   4       4269908
    6356   3       4268527
    6357   3       4268299
    6360   9       4266918
    6363  10       4266358
    6370   6       4266354
    6374   8       4265975
    6375   8       4263362
    6379  10       4263358
    6380   5       4262868
    6385   5       4262478
    6386   9       4262173
    6396   9       4262085
    6417   8       4261485
    6426   3       4261413
    6441   4       4260546
    6452   5       4256284
    6468   8       4255737
    6472   5       4255440
    6477  10       4254439
    6494   3       4253540
    6512   3       4252039
    6523   6       4250743
    6553   4       4250189
    6571   3       4250044
    6585   5       4249775
    6590   9       4249581
    6600   8       4247539
    6617   7       4246350
    6620   3       4244726
    6637   4       4244677
    6653   6       4242863
    6662   3       4242647
    6663   4       4242086
    6673   9       4241870
    6674   3       4239699
    6681  10       4239483
    6695   6       4239452
    6707   7       4238862
    6711   5       4238519
    6722   6       4238096
    6734   6       4237746
    6735   4       4236900
    6760   3       4236223
    6770  10       4235792
    6779   4       4230570
    6799   4       4230468
    6853   8       4229916
    6868   5       4229872
    6879   6       4229730
    6899   5       4225082
    6926   6       4225026
    6938   3       4222496
    6959   7       4221419
    6966   8       4218990
    6974   9       4217974
    6992   5       4217688
    7017   8       4217625
    7063   4       4217447
    7069   8       4217097
    7076   9       4216919
    7089   5       4215697
    7091   9       4215519
    7098   7       4215437
    7101   7       4215427
    7129   4       4211511
    7155   6       4211465
    7156   7       4210351
    7161  10       4210305
    7167   4       4209714
    7187   8       4209596
    7224   8       4208880
    7236   3       4208850
    7255   7       4208686
    7263   3       4208685
    7281   4       4208613
    7284   6       4208550
    7291   9       4208478
    7319   8       4208127
    7332   3       4207341
    7349  10       4206569
    7358   7       4203719
    7409   5       4203549
    7457   6       4202959
    7469   6       4202701
    7471   6       4202447
    7478   4       4201606
    7479  10       4201352
    7510   8       4201162
    7540   4       4200880
    7546  10       4200621
    7565   3       4199923
    7590   3       4197752
    7613   8       4195704
    7626   5       4195352
    7640   8       4192893
    7643  10       4192541
    7717   7       4192189
    7724   9       4191859
    7730  10       4191553
    7759   7       4185399
    7764   3       4184029
    7796   4       4184005
    7846   5       4183934
    7889   5       4182820
    7893   6       4182817
    7895   4       4182782
    7898  10       4181703
    7918   6       4180893
    8012   6       4180695
    8037   8       4177277
    8057   8       4177089
    8069   3       4177030
    8078   4       4176784
    8099   7       4176763
    8124   6       4176437
    8157   3       4175853
    8199   8       4174717
    8280   5       4174403
    8283   5       4167924
    8298   7       4165019
    8305   9       4164239
    8308   7       4163665
    8310  10       4162885
    8320   8       4162786
    8337   8       4148639
    8376   5       4148379
    8385   8       4148361
    8387   7       4148252
    8389  10       4148234
    8443   6       4147904
    8461   4       4147878
    8504   3       4147804
    8518   6       4147400
    8532   3       4144442
    8545   6       4144361
    8609   3       4144251
    8650   5       4144075
    8698   4       4143920
    8713   4       4136924
    8721  10       4136849
    8760   5       4136842
    8789   8       4136683
    8805   5       4136470
    8814   8       4136463
    8820   8       4136090
    8835   8       4135958
    8836   6       4135776
    8872   4       4135747
    8880   4       4135745
    8902   5       4135633
    8905   8       4134459
    8910   9       4134347
    8917   9       4134327
    8920  10       4134192
    8925   9       4134172
    8939   8       4134161
    8943   9       4134141
    8973   8       4133791
    9012   7       4133566
    9046   7       4133317
    9079   4       4132805
    9084   8       4130498
    9140   4       4130494
    9175   4       4127612
    9192  10       4126502
    9205   5       4126426
    9237   3       4123562
    9259   6       4123554
    9264   7       4123083
    9270   9       4122971
    9289   8       4122416
    9298   5       4119156
    9325   4       4119010
    9351   8       4118916
    9384   8       4118908
    9419   7       4118787
    9444   6       4118283
    9460   5       4117861
    9483   7       4117771
    9505   7       4117024
    9548   3       4116854
    9576   3       4116398
    9590   6       4116088
    9591   8       4115193
    9602   4       4115185
    9634   5       4115171
    9637   7       4112828
    9658   6       4112814
    9725   6       4112561
    9754   3       4111046
    9771   5       4109882
    9817   6       4108982
    9832   3       4108848
    9837   3       4108770
    9843   5       4108576
    9848   9       4108498
    9849   8       4108207
    9889   8       4108051
    9894   7       4107535
    9942   5       4107243
    9979   8       4106339
    9994   3       4106229
