    0.0000
    1.3333
    2.6667
    4.0000
    2.6667
    4.0000
    5.3333
    6.6667
    5.3333
    6.6667
    8.0000
    9.3333
    8.0000
    9.3333
   10.6667
   12.0000
    4.0000
    5.3333
    6.6667
    8.0000
    6.6666
    8.0000
    9.3333
   10.6667
    9.3333
   10.6667
   12.0000
   13.3333
   12.0000
   13.3333
   14.6667
   16.0000
    8.0000
    9.3333
   10.6667
   12.0000
   10.6667
   12.0000
   13.3333
   14.6667
   13.3333
   14.6667
   16.0000
   17.3333
   16.0000
   17.3333
   18.6667
   20.0000
   12.0000
   13.3333
   14.6667
   16.0000
   14.6667
   16.0000
   17.3333
   18.6667
   17.3333
   18.6667
   20.0000
   21.3333
   20.0000
   21.3333
   22.6667
   24.0000

