     8    23     7    19
     8     7     3    19
     8    19     3     4
     8    20    19     4
     8    20    23    19
     8    20    24    23
    29    25     9    26
    29    10    14    30
    29     9    10    26
    29    10    30    26
    29    10     9    13
    29    14    10    13
    53    34    33    37
    53    50    34    54
    53    33    34    49
    53    38    34    37
    53    34    38    54
    53    34    50    49
    27    30    10    26
    27    15    14    30
    27    31    15    30
    27    10    15    11
    27    14    10    30
    27    14    15    10
    27    12     7    11
    27     7    24    23
    27    12     8     7
    27     8    24     7
    27    24     8    12
    27    28    24    12
    22    27    23    11
    22    23     7    11
    22    11    10    26
    22    10    11     6
    22    11     7     6
    22    27    11    26
    22     7     2     6
    22     7    23    19
    22     3     7    19
    22    18     2    19
    22     2     3    19
    22     7     3     2
    22     6     2     1
    22     2    18     1
    22    21     5     1
    22     5     6     1
    22    18    17     1
    22    17    21     1
    22     9     5    25
    22     9    25    26
    22     5     9     6
    22     9    10     6
    22    10     9    26
    22     5    21    25
    22    21    33    37
    22    18    34    33
    22    33    34    37
    22    17    18    33
    22    21    17    33
    22    34    38    37
    32    12    28    11
    32    12    11    16
    32    31    15    11
    32    11    15    16
    32    27    31    11
    32    28    27    11
    41    25    30    26
    41    29    45    30
    41    29    30    25
    41    45    46    30
    41    30    46    26
    41    46    42    26
    41    21    25    26
    41    21    38    37
    41    22    21    26
    41    22    38    21
    41    38    22    26
    41    42    38    26
    39    20    36    19
    39    23    20    19
    39    36    35    19
    39    24    20    23
    39    20    24    36
    39    24    40    36
    39    18    23    19
    39    35    18    19
    39    35    34    18
    39    34    38    18
    39    18    22    23
    39    38    22    18
    39    52    36    56
    39    35    36    52
    39    51    35    52
    39    51    52    56
    39    36    40    56
    39    55    51    56
    39    51    34    35
    39    38    34    54
    39    50    51    54
    39    34    50    54
    39    50    34    51
    39    51    55    54
    58    38    54    37
    58    53    57    37
    58    54    53    37
    58    42    38    37
    58    57    41    37
    58    41    42    37
    58    45    57    61
    58    46    45    61
    58    46    42    45
    58    62    46    61
    58    42    41    45
    58    41    57    45
    43    30    31    26
    43    31    30    47
    43    46    30    26
    43    30    46    47
    43    31    27    26
    43    42    46    26
    43    46    63    47
    43    58    62    42
    43    46    62    63
    43    42    62    46
    43    63    62    59
    43    62    58    59
    43    28    27    31
    43    48    31    47
    43    32    28    31
    43    48    32    31
    43    32    48    28
    43    48    44    28
    43    63    59    64
    43    59    60    64
    43    47    63    64
    43    48    47    64
    43    60    48    64
    43    44    48    60
    43    60    59    56
    43    40    60    56
    43    55    40    56
    43    59    55    56
    43    40    44    60
    43    55    39    40
    43    24    40    23
    43    28    24    23
    43    28    40    24
    43    27    28    23
    43    28    44    40
    43    40    39    23
    43    55    59    54
    43    38    55    54
    43    42    38    54
    43    39    55    38
    43    59    58    54
    43    58    42    54
    43    27    23    26
    43    22    38    26
    43    38    22    23
    43    23    22    26
    43    38    42    26
    43    39    38    23
