             2            59
             3            59
             4            59
             6             4
             7             4
             8             4
            13            11
            14            11
            15            11
            16            11
            17            11
            18            11
            19            11
            20            11
            21            11
            22            11
            23            11
            26            24
            28            26
            29            26
            30            26
            31            26
            32            26
            33            26
            36            34
            38            36
            39            36
            40            36
            41            36
            42            36
            43            36
            44            36
            48            46
            49            46
            50            46
            51            46
            52            46
            53            46
            54            46
            55            46
            56            46
            57            46
            58            46
            59            46
             8            59
             9            59
            10            59
            11            59
            23            59
            24            59
            26            59
            33            59
            34            59
            36            59
            44            59
            45            59
