>> triangulate ( 'hand', 'y' )

11-Apr-2011 20:36:20

TRIANGULATE
  MATLAB version

  Read a file listing the coordinates of the vertices
  of a polygon, and determine a triangulation.

  Processing the vertex coordinate file "hand_nodes.txt".

  Number of vertices is 59

   I IM1 IP1      X           Y       Earity

   1  59   2    0.496200    0.208600  Yes
   2   1   3    0.557100    0.319900  Yes
   3   2   4    0.606100    0.415800  Yes
   4   3   5    0.644900    0.500900  Yes
   5   4   6    0.627100    0.534400  Yes
   6   5   7    0.593200    0.512700  Yes
   7   6   8    0.568900    0.469200  No
   8   7   9    0.539800    0.424000  No
   9   8  10    0.500500    0.433900  No
  10   9  11    0.486000    0.501800  No
  11  10  12    0.481700    0.569700  No
  12  11  13    0.493500    0.663800  Yes
  13  12  14    0.495700    0.733500  Yes
  14  13  15    0.496800    0.783300  Yes
  15  14  16    0.489800    0.840300  Yes
  16  15  17    0.477900    0.855700  Yes
  17  16  18    0.461800    0.850200  Yes
  18  17  19    0.457500    0.822200  Yes
  19  18  20    0.456900    0.770600  No
  20  19  21    0.456400    0.736200  No
  21  20  22    0.448300    0.678300  No
  22  21  23    0.437500    0.612200  No
  23  22  24    0.418100    0.595000  No
  24  23  25    0.405200    0.642100  No
  25  24  26    0.396100    0.714500  Yes
  26  25  27    0.381500    0.773300  No
  27  26  28    0.369100    0.862000  Yes
  28  27  29    0.351400    0.885500  Yes
  29  28  30    0.329800    0.866500  Yes
  30  29  31    0.334700    0.817600  Yes
  31  30  32    0.348700    0.744300  No
  32  31  33    0.354600    0.688200  Yes
  33  32  34    0.372400    0.586000  No
  34  33  35    0.360500    0.586000  No
  35  34  36    0.339000    0.641200  Yes
  36  35  37    0.314200    0.701800  No
  37  36  38    0.279800    0.811300  Yes
  38  37  39    0.272200    0.815800  Yes
  39  38  40    0.256100    0.808600  Yes
  40  39  41    0.249600    0.786900  Yes
  41  40  42    0.256100    0.754300  Yes
  42  41  43    0.287300    0.656600  No
  43  42  44    0.297000    0.622200  Yes
  44  43  45    0.322800    0.537100  No
  45  44  46    0.312600    0.530800  No
  46  45  47    0.288400    0.557900  No
  47  46  48    0.251800    0.626700  Yes
  48  47  49    0.231300    0.657500  Yes
  49  48  50    0.215100    0.656600  Yes
  50  49  51    0.213000    0.621300  Yes
  51  50  52    0.235100    0.572400  No
  52  51  53    0.250700    0.535300  Yes
  53  52  54    0.289400    0.461100  No
  54  53  55    0.299100    0.420400  No
  55  54  56    0.306100    0.363300  Yes
  56  55  57    0.313100    0.319000  Yes
  57  56  58    0.323900    0.264700  Yes
  58  57  59    0.336300    0.235700  Yes
  59  58   1    0.356200    0.217600  Yes

  Area of polygon is 0.001006

  Internal diagonals for triangulation:

   2  59
   3  59
   4  59
   6   4
   7   4
   8   4
  13  11
  14  11
  15  11
  16  11
  17  11
  18  11
  19  11
  20  11
  21  11
  22  11
  23  11
  26  24
  28  26
  29  26
  30  26
  31  26
  32  26
  33  26
  36  34
  38  36
  39  36
  40  36
  41  36
  42  36
  43  36
  44  36
  48  46
  49  46
  50  46
  51  46
  52  46
  53  46
  54  46
  55  46
  56  46
  57  46
  58  46
  59  46
   8  59
   9  59
  10  59
  11  59
  23  59
  24  59
  26  59
  33  59
  34  59
  36  59
  44  59
  45  59

  Triangles:

   2  59   1
   3  59   2
   4  59   3
   6   4   5
   7   4   6
   8   4   7
  13  11  12
  14  11  13
  15  11  14
  16  11  15
  17  11  16
  18  11  17
  19  11  18
  20  11  19
  21  11  20
  22  11  21
  23  11  22
  26  24  25
  28  26  27
  29  26  28
  30  26  29
  31  26  30
  32  26  31
  33  26  32
  36  34  35
  38  36  37
  39  36  38
  40  36  39
  41  36  40
  42  36  41
  43  36  42
  44  36  43
  48  46  47
  49  46  48
  50  46  49
  51  46  50
  52  46  51
  53  46  52
  54  46  53
  55  46  54
  56  46  55
  57  46  56
  58  46  57
  59  46  58
   8  59   4
   9  59   8
  10  59   9
  11  59  10
  23  59  11
  24  59  23
  26  59  24
  33  59  26
  34  59  33
  36  59  34
  44  59  36
  45  59  44
  46  59  45

  ANIMATION OPTION SELECTED!
  Press return to see each diagonal added.

  Diagonals written to "hand_diagonals.txt".
  Triangles written to "hand_elements.txt".

TRIANGULATE
  Normal end of execution.

11-Apr-2011 20:38:15
>> 
