             2            59             1
             3            59             2
             4            59             3
             6             4             5
             7             4             6
             8             4             7
            13            11            12
            14            11            13
            15            11            14
            16            11            15
            17            11            16
            18            11            17
            19            11            18
            20            11            19
            21            11            20
            22            11            21
            23            11            22
            26            24            25
            28            26            27
            29            26            28
            30            26            29
            31            26            30
            32            26            31
            33            26            32
            36            34            35
            38            36            37
            39            36            38
            40            36            39
            41            36            40
            42            36            41
            43            36            42
            44            36            43
            48            46            47
            49            46            48
            50            46            49
            51            46            50
            52            46            51
            53            46            52
            54            46            53
            55            46            54
            56            46            55
            57            46            56
            58            46            57
            59            46            58
             8            59             4
             9            59             8
            10            59             9
            11            59            10
            23            59            11
            24            59            23
            26            59            24
            33            59            26
            34            59            33
            36            59            34
            44            59            36
            45            59            44
            46            59            45
