             2            18             1
             4             2             3
             7             5             6
             8             5             7
            12            10            11
            15            13            14
            18            16            17
             2            16            18
             4            16             2
             8             4             5
            15            12            13
             8            16             4
             9            16             8
            10            16             9
            15            10            12
            16            10            15
