            10             8             9
            12            10            11
            13            10            12
            14            10            13
            15            10            14
            16            10            15
            17            10            16
            18            10            17
            19            10            18
            25            23            24
            26            23            25
             1            23            26
             2            23             1
             3            23             2
             4            23             3
             5            23             4
             6            23             5
            19             8            10
            20             8            19
             6            22            23
             7            22             6
            20             7             8
            21             7            20
            22             7            21
