            10             8
            12            10
            13            10
            14            10
            15            10
            16            10
            17            10
            18            10
            19            10
            25            23
            26            23
             1            23
             2            23
             3            23
             4            23
             5            23
             6            23
            19             8
            20             8
             6            22
             7            22
            20             7
            21             7
