  41.9964248113026  -87.90905602275
  41.9964405566341  -87.9091205720337
  41.9964529883578  -87.9091804317052
  41.9964587888462  -87.9092309121524
  41.9964509637475  -87.9092809005629
  41.9964366923216  -87.9093123756452
  41.9964153300699  -87.9093573063139
  41.9963173609052  -87.9094817332267
  41.9962159856786  -87.9096060380282
  41.9961600027245  -87.9096771391212
  41.9960941687214  -87.9097296047747
  41.9961712392448  -87.9099654600332
  41.9962942567651  -87.9101207110674
  41.9963722437897  -87.9099727121867
  41.996450876653  -87.9097927461871
  41.9965151442965  -87.9096488227706
  41.9965577763458  -87.909563528934
  41.9965931326611  -87.9095008238899
  41.9966279369317  -87.9094655184639
  41.9966760934471  -87.9094444057814
  41.9967408247009  -87.9094467411597
  41.9968191815419  -87.9094495685748
  41.9968429382202  -87.9094549962419
  41.9968707977157  -87.9094738372953
  41.9966101937882  -87.9091808797459
  41.9963797848267  -87.9089218655429
