  0.  0.
  0.  0.5
  0.  1.
  0.  1.5
  0.  2.
  0.  2.5
  0.  3.
  0.  3.5
  0.  4.
  0.  4.5
  0.  5.
  0.  6.
  0.  6.5
  0.  7.
  0.  7.5
  0.  8.
  0.  8.5
  0.  9.
  0.  9.5
  0.  10.
  0.  10.5
  0.  11.
  0.5  0.
  0.5  0.5
  0.5  1.
  0.5  1.5
  0.5  2.
  0.5  2.5
  0.5  3.
  0.5  3.5
  0.5  4.
  0.5  4.5
  0.5  5.
  0.5  6.
  0.5  6.5
  0.5  7.
  0.5  7.5
  0.5  8.
  0.5  8.5
  0.5  9.
  0.5  9.5
  0.5  10.
  0.5  10.5
  0.5  11.
  1.  0.
  1.  0.5
  1.  1.
  1.  1.5
  1.  2.
  1.  2.5
  1.  3.
  1.  3.5
  1.  4.
  1.  4.5
  1.  5.
  1.  6.
  1.  6.5
  1.  7.
  1.  7.5
  1.  8.
  1.  8.5
  1.  9.
  1.  9.5
  1.  10.
  1.  10.5
  1.  11.
  1.5  0.
  1.5  0.5
  1.5  1.
  1.5  1.5
  1.5  2.
  1.5  2.5
  1.5  3.
  1.5  3.5
  1.5  4.
  1.5  4.5
  1.5  5.
  1.5  6.
  1.5  6.5
  1.5  7.
  1.5  7.5
  1.5  8.
  1.5  8.5
  1.5  9.
  1.5  9.5
  1.5  10.
  1.5  10.5
  1.5  11.
  2.  0.
  2.  0.5
  2.  1.
  2.  1.5
  2.  2.
  2.  2.5
  2.  3.
  2.  3.5
  2.  4.
  2.  4.5
  2.  5.
  2.  6.
  2.  6.5
  2.  7.
  2.  7.5
  2.  8.
  2.  8.5
  2.  9.
  2.  9.5
  2.  10.
  2.  10.5
  2.  11.
  2.5  0.
  2.5  0.5
  2.5  1.
  2.5  1.5
  2.5  2.
  2.5  2.5
  2.5  3.
  2.5  3.5
  2.5  4.
  2.5  4.5
  2.5  5.
  2.5  6.
  2.5  6.5
  2.5  7.
  2.5  7.5
  2.5  8.
  2.5  8.5
  2.5  9.
  2.5  9.5
  2.5  10.
  2.5  10.5
  2.5  11.
  3.  0.
  3.  0.5
  3.  1.
  3.  1.5
  3.  2.
  3.  2.5
  3.  3.
  3.  3.5
  3.  4.
  3.  4.5
  3.  5.
  3.  6.
  3.  6.5
  3.  7.
  3.  7.5
  3.  8.
  3.  8.5
  3.  9.
  3.  9.5
  3.  10.
  3.  10.5
  3.  11.
  3.5  0.
  3.5  0.5
  3.5  1.
  3.5  1.5
  3.5  2.
  3.5  2.5
  3.5  3.
  3.5  3.5
  3.5  4.
  3.5  4.5
  3.5  5.
  3.5  6.
  3.5  6.5
  3.5  7.
  3.5  7.5
  3.5  8.
  3.5  8.5
  3.5  9.
  3.5  9.5
  3.5  10.
  3.5  10.5
  3.5  11.
  4.  0.
  4.  0.5
  4.  1.
  4.  1.5
  4.  2.
  4.  2.5
  4.  3.
  4.  3.5
  4.  4.
  4.  4.5
  4.  5.
  4.  6.
  4.  6.5
  4.  7.
  4.  7.5
  4.  8.
  4.  8.5
  4.  9.
  4.  9.5
  4.  10.
  4.  10.5
  4.  11.
  4.5  0.
  4.5  0.5
  4.5  1.
  4.5  1.5
  4.5  2.
  4.5  2.5
  4.5  3.
  4.5  3.5
  4.5  4.
  4.5  4.5
  4.5  5.
  4.5  6.
  4.5  6.5
  4.5  7.
  4.5  7.5
  4.5  8.
  4.5  8.5
  4.5  9.
  4.5  9.5
  4.5  10.
  4.5  10.5
  4.5  11.
  5.  0.
  5.  0.5
  5.  1.
  5.  1.5
  5.  2.
  5.  2.5
  5.  3.
  5.  3.5
  5.  4.
  5.  4.5
  5.  5.
  5.  6.
  5.  6.5
  5.  7.
  5.  7.5
  5.  8.
  5.  8.5
  5.  9.
  5.  9.5
  5.  10.
  5.  10.5
  5.  11.
  5.5  0.
  5.5  0.5
  5.5  1.
  5.5  1.5
  5.5  2.
  5.5  2.5
  5.5  3.
  5.5  3.5
  5.5  4.
  5.5  4.5
  5.5  5.
  5.5  6.
  5.5  6.5
  5.5  7.
  5.5  7.5
  5.5  8.
  5.5  8.5
  5.5  9.
  5.5  9.5
  5.5  10.
  5.5  10.5
  5.5  11.
  6.  0.
  6.  0.5
  6.  1.
  6.  1.5
  6.  2.
  6.  2.5
  6.  3.
  6.  3.5
  6.  4.
  6.  4.5
  6.  5.
  6.  6.
  6.  6.5
  6.  7.
  6.  7.5
  6.  8.
  6.  8.5
  6.  9.
  6.  9.5
  6.  10.
  6.  10.5
  6.  11.
  6.5  0.
  6.5  0.5
  6.5  1.
  6.5  1.5
  6.5  2.
  6.5  2.5
  6.5  3.
  6.5  3.5
  6.5  4.
  6.5  4.5
  6.5  5.
  6.5  6.
  6.5  6.5
  6.5  7.
  6.5  7.5
  6.5  8.
  6.5  8.5
  6.5  9.
  6.5  9.5
  6.5  10.
  6.5  10.5
  6.5  11.
  7.  0.
  7.  0.5
  7.  1.
  7.  1.5
  7.  2.
  7.  2.5
  7.  3.
  7.  3.5
  7.  4.
  7.  4.5
  7.  5.
  7.  6.
  7.  6.5
  7.  7.
  7.  7.5
  7.  8.
  7.  8.5
  7.  9.
  7.  9.5
  7.  10.
  7.  10.5
  7.  11.
  7.5  0.
  7.5  0.5
  7.5  1.
  7.5  1.5
  7.5  2.
  7.5  2.5
  7.5  3.
  7.5  3.5
  7.5  4.
  7.5  4.5
  7.5  5.
  7.5  6.
  7.5  6.5
  7.5  7.
  7.5  7.5
  7.5  8.
  7.5  8.5
  7.5  9.
  7.5  9.5
  7.5  10.
  7.5  10.5
  7.5  11.
  8.  0.
  8.  0.5
  8.  1.
  8.  1.5
  8.  2.
  8.  2.5
  8.  3.
  8.  3.5
  8.  4.
  8.  4.5
  8.  5.
  8.  6.
  8.  6.5
  8.  7.
  8.  7.5
  8.  8.
  8.  8.5
  8.  9.
  8.  9.5
  8.  10.
  8.  10.5
  8.  11.
  8.5  0.
  8.5  0.5
  8.5  1.
  8.5  1.5
  8.5  2.
  8.5  2.5
  8.5  3.
  8.5  3.5
  8.5  4.
  8.5  4.5
  8.5  5.
  8.5  6.
  8.5  6.5
  8.5  7.
  8.5  7.5
  8.5  8.
  8.5  8.5
  8.5  9.
  8.5  9.5
  8.5  10.
  8.5  10.5
  8.5  11.
  9.  0.
  9.  0.5
  9.  1.
  9.  1.5
  9.  2.
  9.  2.5
  9.  3.
  9.  3.5
  9.  4.
  9.  4.5
  9.  5.
  9.  6.
  9.  6.5
  9.  7.
  9.  7.5
  9.  8.
  9.  8.5
  9.  9.
  9.  9.5
  9.  10.
  9.  10.5
  9.  11.
  9.5  0.
  9.5  0.5
  9.5  1.
  9.5  1.5
  9.5  2.
  9.5  2.5
  9.5  3.
  9.5  3.5
  9.5  4.
  9.5  4.5
  9.5  5.
  9.5  6.
  9.5  6.5
  9.5  7.
  9.5  7.5
  9.5  8.
  9.5  8.5
  9.5  9.
  9.5  9.5
  9.5  10.
  9.5  10.5
  9.5  11.
  10.  0.
  10.  0.5
  10.  1.
  10.  1.5
  10.  2.
  10.  2.5
  10.  3.
  10.  3.5
  10.  4.
  10.  4.5
  10.  5.
  10.  6.
  10.  6.5
  10.  7.
  10.  7.5
  10.  8.
  10.  8.5
  10.  9.
  10.  9.5
  10.  10.
  10.  10.5
  10.  11.
  10.5  0.
  10.5  0.5
  10.5  1.
  10.5  1.5
  10.5  2.
  10.5  2.5
  10.5  3.
  10.5  3.5
  10.5  4.
  10.5  4.5
  10.5  5.
  10.5  6.
  10.5  6.5
  10.5  7.
  10.5  7.5
  10.5  8.
  10.5  8.5
  10.5  9.
  10.5  9.5
  10.5  10.
  10.5  10.5
  10.5  11.
  11.  0.
  11.  0.5
  11.  1.
  11.  1.5
  11.  2.
  11.  2.5
  11.  3.
  11.  3.5
  11.  4.
  11.  4.5
  11.  5.
  11.  6.
  11.  6.5
  11.  7.
  11.  7.5
  11.  8.
  11.  8.5
  11.  9.
  11.  9.5
  11.  10.
  11.  10.5
  11.  11.
  11.5  0.
  11.5  0.5
  11.5  1.
  11.5  1.5
  11.5  2.
  11.5  2.5
  11.5  3.
  11.5  3.5
  11.5  4.
  11.5  4.5
  11.5  5.
  11.5  6.
  11.5  6.5
  11.5  7.
  11.5  7.5
  11.5  8.
  11.5  8.5
  11.5  9.
  11.5  9.5
  11.5  10.
  11.5  10.5
  11.5  11.
  12.  0.
  12.  0.5
  12.  1.
  12.  1.5
  12.  2.
  12.  2.5
  12.  3.
  12.  3.5
  12.  4.
  12.  4.5
  12.  5.
  12.  6.
  12.  6.5
  12.  7.
  12.  7.5
  12.  8.
  12.  8.5
  12.  9.
  12.  9.5
  12.  10.
  12.  10.5
  12.  11.
  12.5  0.
  12.5  0.5
  12.5  1.
  12.5  1.5
  12.5  2.
  12.5  2.5
  12.5  3.
  12.5  3.5
  12.5  4.
  12.5  4.5
  12.5  5.
  12.5  6.
  12.5  6.5
  12.5  7.
  12.5  7.5
  12.5  8.
  12.5  8.5
  12.5  9.
  12.5  9.5
  12.5  10.
  12.5  10.5
  12.5  11.
  13.  0.
  13.  0.5
  13.  1.
  13.  1.5
  13.  2.
  13.  2.5
  13.  3.
  13.  3.5
  13.  4.
  13.  4.5
  13.  5.
  13.  6.
  13.  6.5
  13.  7.
  13.  7.5
  13.  8.
  13.  8.5
  13.  9.
  13.  9.5
  13.  10.
  13.  10.5
  13.  11.
  13.5  0.
  13.5  0.5
  13.5  1.
  13.5  1.5
  13.5  2.
  13.5  2.5
  13.5  3.
  13.5  3.5
  13.5  4.
  13.5  4.5
  13.5  5.
  13.5  6.
  13.5  6.5
  13.5  7.
  13.5  7.5
  13.5  8.
  13.5  8.5
  13.5  9.
  13.5  9.5
  13.5  10.
  13.5  10.5
  13.5  11.
  14.  0.
  14.  0.5
  14.  1.
  14.  1.5
  14.  2.
  14.  2.5
  14.  3.
  14.  3.5
  14.  4.
  14.  4.5
  14.  5.
  14.  6.
  14.  6.5
  14.  7.
  14.  7.5
  14.  8.
  14.  8.5
  14.  9.
  14.  9.5
  14.  10.
  14.  10.5
  14.  11.
  14.5  0.
  14.5  0.5
  14.5  1.
  14.5  1.5
  14.5  2.
  14.5  2.5
  14.5  3.
  14.5  3.5
  14.5  4.
  14.5  4.5
  14.5  5.
  14.5  6.
  14.5  6.5
  14.5  7.
  14.5  7.5
  14.5  8.
  14.5  8.5
  14.5  9.
  14.5  9.5
  14.5  10.
  14.5  10.5
  14.5  11.
  15.  0.
  15.  0.5
  15.  1.
  15.  1.5
  15.  2.
  15.  2.5
  15.  3.
  15.  3.5
  15.  4.
  15.  4.5
  15.  5.
  15.  6.
  15.  6.5
  15.  7.
  15.  7.5
  15.  8.
  15.  8.5
  15.  9.
  15.  9.5
  15.  10.
  15.  10.5
  15.  11.
  15.5  0.
  15.5  0.5
  15.5  1.
  15.5  1.5
  15.5  2.
  15.5  2.5
  15.5  3.
  15.5  3.5
  15.5  4.
  15.5  4.5
  15.5  5.
  15.5  6.
  15.5  6.5
  15.5  7.
  15.5  7.5
  15.5  8.
  15.5  8.5
  15.5  9.
  15.5  9.5
  15.5  10.
  15.5  10.5
  15.5  11.
  16.  0.
  16.  0.5
  16.  1.
  16.  1.5
  16.  2.
  16.  2.5
  16.  3.
  16.  3.5
  16.  4.
  16.  4.5
  16.  5.
  16.  6.
  16.  6.5
  16.  7.
  16.  7.5
  16.  8.
  16.  8.5
  16.  9.
  16.  9.5
  16.  10.
  16.  10.5
  16.  11.
  16.5  0.
  16.5  0.5
  16.5  1.
  16.5  1.5
  16.5  2.
  16.5  2.5
  16.5  3.
  16.5  3.5
  16.5  4.
  16.5  4.5
  16.5  5.
  16.5  6.
  16.5  6.5
  16.5  7.
  16.5  7.5
  16.5  8.
  16.5  8.5
  16.5  9.
  16.5  9.5
  16.5  10.
  16.5  10.5
  16.5  11.
  17.  0.
  17.  0.5
  17.  1.
  17.  1.5
  17.  2.
  17.  2.5
  17.  3.
  17.  3.5
  17.  4.
  17.  4.5
  17.  5.
  17.  6.
  17.  6.5
  17.  7.
  17.  7.5
  17.  8.
  17.  8.5
  17.  9.
  17.  9.5
  17.  10.
  17.  10.5
  17.  11.
  17.5  0.
  17.5  0.5
  17.5  1.
  17.5  1.5
  17.5  2.
  17.5  2.5
  17.5  3.
  17.5  3.5
  17.5  4.
  17.5  4.5
  17.5  5.
  17.5  6.
  17.5  6.5
  17.5  7.
  17.5  7.5
  17.5  8.
  17.5  8.5
  17.5  9.
  17.5  9.5
  17.5  10.
  17.5  10.5
  17.5  11.
  18.  0.
  18.  0.5
  18.  1.
  18.  1.5
  18.  2.
  18.  2.5
  18.  3.
  18.  3.5
  18.  4.
  18.  4.5
  18.  5.
  18.  6.
  18.  6.5
  18.  7.
  18.  7.5
  18.  8.
  18.  8.5
  18.  9.
  18.  9.5
  18.  10.
  18.  10.5
  18.  11.
  18.5  0.
  18.5  0.5
  18.5  1.
  18.5  1.5
  18.5  2.
  18.5  2.5
  18.5  3.
  18.5  3.5
  18.5  4.
  18.5  4.5
  18.5  5.
  18.5  6.
  18.5  6.5
  18.5  7.
  18.5  7.5
  18.5  8.
  18.5  8.5
  18.5  9.
  18.5  9.5
  18.5  10.
  18.5  10.5
  18.5  11.
  19.  0.
  19.  0.5
  19.  1.
  19.  1.5
  19.  2.
  19.  2.5
  19.  3.
  19.  3.5
  19.  4.
  19.  4.5
  19.  5.
  19.  6.
  19.  6.5
  19.  7.
  19.  7.5
  19.  8.
  19.  8.5
  19.  9.
  19.  9.5
  19.  10.
  19.  10.5
  19.  11.
  19.5  0.
  19.5  0.5
  19.5  1.
  19.5  1.5
  19.5  2.
  19.5  2.5
  19.5  3.
  19.5  3.5
  19.5  4.
  19.5  4.5
  19.5  5.
  19.5  6.
  19.5  6.5
  19.5  7.
  19.5  7.5
  19.5  8.
  19.5  8.5
  19.5  9.
  19.5  9.5
  19.5  10.
  19.5  10.5
  19.5  11.
  20.  0.
  20.  0.5
  20.  1.
  20.  1.5
  20.  2.
  20.  2.5
  20.  3.
  20.  3.5
  20.  4.
  20.  4.5
  20.  5.
  20.  6.
  20.  6.5
  20.  7.
  20.  7.5
  20.  8.
  20.  8.5
  20.  9.
  20.  9.5
  20.  10.
  20.  10.5
  20.  11.
  20.5  0.
  20.5  0.5
  20.5  1.
  20.5  1.5
  20.5  2.
  20.5  2.5
  20.5  3.
  20.5  3.5
  20.5  4.
  20.5  4.5
  20.5  5.
  20.5  6.
  20.5  6.5
  20.5  7.
  20.5  7.5
  20.5  8.
  20.5  8.5
  20.5  9.
  20.5  9.5
  20.5  10.
  20.5  10.5
  20.5  11.
  21.  0.
  21.  0.5
  21.  1.
  21.  1.5
  21.  2.
  21.  2.5
  21.  3.
  21.  3.5
  21.  4.
  21.  4.5
  21.  5.
  21.  6.
  21.  6.5
  21.  7.
  21.  7.5
  21.  8.
  21.  8.5
  21.  9.
  21.  9.5
  21.  10.
  21.  10.5
  21.  11.
  21.5  0.
  21.5  0.5
  21.5  1.
  21.5  1.5
  21.5  2.
  21.5  2.5
  21.5  3.
  21.5  3.5
  21.5  4.
  21.5  4.5
  21.5  5.
  21.5  6.
  21.5  6.5
  21.5  7.
  21.5  7.5
  21.5  8.
  21.5  8.5
  21.5  9.
  21.5  9.5
  21.5  10.
  21.5  10.5
  21.5  11.
  22.  0.
  22.  0.5
  22.  1.
  22.  1.5
  22.  2.
  22.  2.5
  22.  3.
  22.  3.5
  22.  4.
  22.  4.5
  22.  5.
  22.  6.
  22.  6.5
  22.  7.
  22.  7.5
  22.  8.
  22.  8.5
  22.  9.
  22.  9.5
  22.  10.
  22.  10.5
  22.  11.
  22.5  0.
  22.5  0.5
  22.5  1.
  22.5  1.5
  22.5  2.
  22.5  2.5
  22.5  3.
  22.5  3.5
  22.5  4.
  22.5  4.5
  22.5  5.
  22.5  6.
  22.5  6.5
  22.5  7.
  22.5  7.5
  22.5  8.
  22.5  8.5
  22.5  9.
  22.5  9.5
  22.5  10.
  22.5  10.5
  22.5  11.
  23.  0.
  23.  0.5
  23.  1.
  23.  1.5
  23.  2.
  23.  2.5
  23.  3.
  23.  3.5
  23.  4.
  23.  4.5
  23.  5.
  23.  6.
  23.  6.5
  23.  7.
  23.  7.5
  23.  8.
  23.  8.5
  23.  9.
  23.  9.5
  23.  10.
  23.  10.5
  23.  11.
  23.5  0.
  23.5  0.5
  23.5  1.
  23.5  1.5
  23.5  2.
  23.5  2.5
  23.5  3.
  23.5  3.5
  23.5  4.
  23.5  4.5
  23.5  5.
  23.5  6.
  23.5  6.5
  23.5  7.
  23.5  7.5
  23.5  8.
  23.5  8.5
  23.5  9.
  23.5  9.5
  23.5  10.
  23.5  10.5
  23.5  11.
  24.  0.
  24.  0.5
  24.  1.
  24.  1.5
  24.  2.
  24.  2.5
  24.  3.
  24.  3.5
  24.  4.
  24.  4.5
  24.  5.
  24.  6.
  24.  6.5
  24.  7.
  24.  7.5
  24.  8.
  24.  8.5
  24.  9.
  24.  9.5
  24.  10.
  24.  10.5
  24.  11.
  24.5  0.
  24.5  0.5
  24.5  1.
  24.5  1.5
  24.5  2.
  24.5  2.5
  24.5  3.
  24.5  3.5
  24.5  4.
  24.5  4.5
  24.5  5.
  24.5  6.
  24.5  6.5
  24.5  7.
  24.5  7.5
  24.5  8.
  24.5  8.5
  24.5  9.
  24.5  9.5
  24.5  10.
  24.5  10.5
  24.5  11.
  25.  0.
  25.  0.5
  25.  1.
  25.  1.5
  25.  2.
  25.  2.5
  25.  3.
  25.  3.5
  25.  4.
  25.  4.5
  25.  5.
  25.  6.
  25.  6.5
  25.  7.
  25.  7.5
  25.  8.
  25.  8.5
  25.  9.
  25.  9.5
  25.  10.
  25.  10.5
  25.  11.
  25.5  0.
  25.5  0.5
  25.5  1.
  25.5  1.5
  25.5  2.
  25.5  2.5
  25.5  3.
  25.5  3.5
  25.5  4.
  25.5  4.5
  25.5  5.
  25.5  6.
  25.5  6.5
  25.5  7.
  25.5  7.5
  25.5  8.
  25.5  8.5
  25.5  9.
  25.5  9.5
  25.5  10.
  25.5  10.5
  25.5  11.
  26.  0.
  26.  0.5
  26.  1.
  26.  1.5
  26.  2.
  26.  2.5
  26.  3.
  26.  3.5
  26.  4.
  26.  4.5
  26.  5.
  26.  6.
  26.  6.5
  26.  7.
  26.  7.5
  26.  8.
  26.  8.5
  26.  9.
  26.  9.5
  26.  10.
  26.  10.5
  26.  11.
  26.5  0.
  26.5  0.5
  26.5  1.
  26.5  1.5
  26.5  2.
  26.5  2.5
  26.5  3.
  26.5  3.5
  26.5  4.
  26.5  4.5
  26.5  5.
  26.5  6.
  26.5  6.5
  26.5  7.
  26.5  7.5
  26.5  8.
  26.5  8.5
  26.5  9.
  26.5  9.5
  26.5  10.
  26.5  10.5
  26.5  11.
  27.  0.
  27.  0.5
  27.  1.
  27.  1.5
  27.  2.
  27.  2.5
  27.  3.
  27.  3.5
  27.  4.
  27.  4.5
  27.  5.
  27.  6.
  27.  6.5
  27.  7.
  27.  7.5
  27.  8.
  27.  8.5
  27.  9.
  27.  9.5
  27.  10.
  27.  10.5
  27.  11.
  27.5  0.
  27.5  0.5
  27.5  1.
  27.5  1.5
  27.5  2.
  27.5  2.5
  27.5  3.
  27.5  3.5
  27.5  4.
  27.5  4.5
  27.5  5.
  27.5  6.
  27.5  6.5
  27.5  7.
  27.5  7.5
  27.5  8.
  27.5  8.5
  27.5  9.
  27.5  9.5
  27.5  10.
  27.5  10.5
  27.5  11.
  28.  0.
  28.  0.5
  28.  1.
  28.  1.5
  28.  2.
  28.  2.5
  28.  3.
  28.  3.5
  28.  4.
  28.  4.5
  28.  5.
  28.  6.
  28.  6.5
  28.  7.
  28.  7.5
  28.  8.
  28.  8.5
  28.  9.
  28.  9.5
  28.  10.
  28.  10.5
  28.  11.
  28.5  0.
  28.5  0.5
  28.5  1.
  28.5  1.5
  28.5  2.
  28.5  2.5
  28.5  3.
  28.5  3.5
  28.5  4.
  28.5  4.5
  28.5  5.
  28.5  6.
  28.5  6.5
  28.5  7.
  28.5  7.5
  28.5  8.
  28.5  8.5
  28.5  9.
  28.5  9.5
  28.5  10.
  28.5  10.5
  28.5  11.
  29.  0.
  29.  0.5
  29.  1.
  29.  1.5
  29.  2.
  29.  2.5
  29.  3.
  29.  3.5
  29.  4.
  29.  4.5
  29.  5.
  29.  6.
  29.  6.5
  29.  7.
  29.  7.5
  29.  8.
  29.  8.5
  29.  9.
  29.  9.5
  29.  10.
  29.  10.5
  29.  11.
  29.5  0.
  29.5  0.5
  29.5  1.
  29.5  1.5
  29.5  2.
  29.5  2.5
  29.5  3.
  29.5  3.5
  29.5  4.
  29.5  4.5
  29.5  5.
  29.5  6.
  29.5  6.5
  29.5  7.
  29.5  7.5
  29.5  8.
  29.5  8.5
  29.5  9.
  29.5  9.5
  29.5  10.
  29.5  10.5
  29.5  11.
  30.  0.
  30.  0.5
  30.  1.
  30.  1.5
  30.  2.
  30.  2.5
  30.  3.
  30.  3.5
  30.  4.
  30.  4.5
  30.  5.
  30.  6.
  30.  6.5
  30.  7.
  30.  7.5
  30.  8.
  30.  8.5
  30.  9.
  30.  9.5
  30.  10.
  30.  10.5
  30.  11.
  30.5  0.
  30.5  0.5
  30.5  1.
  30.5  1.5
  30.5  2.
  30.5  2.5
  30.5  3.
  30.5  3.5
  30.5  4.
  30.5  4.5
  30.5  5.
  30.5  6.
  30.5  6.5
  30.5  7.
  30.5  7.5
  30.5  8.
  30.5  8.5
  30.5  9.
  30.5  9.5
  30.5  10.
  30.5  10.5
  30.5  11.
  31.  0.
  31.  0.5
  31.  1.
  31.  1.5
  31.  2.
  31.  2.5
  31.  3.
  31.  3.5
  31.  4.
  31.  4.5
  31.  5.
  31.  6.
  31.  6.5
  31.  7.
  31.  7.5
  31.  8.
  31.  8.5
  31.  9.
  31.  9.5
  31.  10.
  31.  10.5
  31.  11.
  31.5  0.
  31.5  0.5
  31.5  1.
  31.5  1.5
  31.5  2.
  31.5  2.5
  31.5  3.
  31.5  3.5
  31.5  4.
  31.5  4.5
  31.5  5.
  31.5  6.
  31.5  6.5
  31.5  7.
  31.5  7.5
  31.5  8.
  31.5  8.5
  31.5  9.
  31.5  9.5
  31.5  10.
  31.5  10.5
  31.5  11.
  32.  0.
  32.  0.5
  32.  1.
  32.  1.5
  32.  2.
  32.  2.5
  32.  3.
  32.  3.5
  32.  4.
  32.  4.5
  32.  5.
  32.  6.
  32.  6.5
  32.  7.
  32.  7.5
  32.  8.
  32.  8.5
  32.  9.
  32.  9.5
  32.  10.
  32.  10.5
  32.  11.
  32.5  0.
  32.5  0.5
  32.5  1.
  32.5  1.5
  32.5  2.
  32.5  2.5
  32.5  3.
  32.5  3.5
  32.5  4.
  32.5  4.5
  32.5  5.
  32.5  6.
  32.5  6.5
  32.5  7.
  32.5  7.5
  32.5  8.
  32.5  8.5
  32.5  9.
  32.5  9.5
  32.5  10.
  32.5  10.5
  32.5  11.
  33.  0.
  33.  0.5
  33.  1.
  33.  1.5
  33.  2.
  33.  2.5
  33.  3.
  33.  3.5
  33.  4.
  33.  4.5
  33.  5.
  33.  6.
  33.  6.5
  33.  7.
  33.  7.5
  33.  8.
  33.  8.5
  33.  9.
  33.  9.5
  33.  10.
  33.  10.5
  33.  11.
  33.5  0.
  33.5  0.5
  33.5  1.
  33.5  1.5
  33.5  2.
  33.5  2.5
  33.5  3.
  33.5  3.5
  33.5  4.
  33.5  4.5
  33.5  5.
  33.5  6.
  33.5  6.5
  33.5  7.
  33.5  7.5
  33.5  8.
  33.5  8.5
  33.5  9.
  33.5  9.5
  33.5  10.
  33.5  10.5
  33.5  11.
  34.  0.
  34.  0.5
  34.  1.
  34.  1.5
  34.  2.
  34.  2.5
  34.  3.
  34.  3.5
  34.  4.
  34.  4.5
  34.  5.
  34.  6.
  34.  6.5
  34.  7.
  34.  7.5
  34.  8.
  34.  8.5
  34.  9.
  34.  9.5
  34.  10.
  34.  10.5
  34.  11.
  34.5  0.
  34.5  0.5
  34.5  1.
  34.5  1.5
  34.5  2.
  34.5  2.5
  34.5  3.
  34.5  3.5
  34.5  4.
  34.5  4.5
  34.5  5.
  34.5  6.
  34.5  6.5
  34.5  7.
  34.5  7.5
  34.5  8.
  34.5  8.5
  34.5  9.
  34.5  9.5
  34.5  10.
  34.5  10.5
  34.5  11.
  35.  0.
  35.  0.5
  35.  1.
  35.  1.5
  35.  2.
  35.  2.5
  35.  3.
  35.  3.5
  35.  4.
  35.  4.5
  35.  5.
  35.  6.
  35.  6.5
  35.  7.
  35.  7.5
  35.  8.
  35.  8.5
  35.  9.
  35.  9.5
  35.  10.
  35.  10.5
  35.  11.
  35.5  0.
  35.5  0.5
  35.5  1.
  35.5  1.5
  35.5  2.
  35.5  2.5
  35.5  3.
  35.5  3.5
  35.5  4.
  35.5  4.5
  35.5  5.
  35.5  6.
  35.5  6.5
  35.5  7.
  35.5  7.5
  35.5  8.
  35.5  8.5
  35.5  9.
  35.5  9.5
  35.5  10.
  35.5  10.5
  35.5  11.
  36.  0.
  36.  0.5
  36.  1.
  36.  1.5
  36.  2.
  36.  2.5
  36.  3.
  36.  3.5
  36.  4.
  36.  4.5
  36.  5.
  36.  6.
  36.  6.5
  36.  7.
  36.  7.5
  36.  8.
  36.  8.5
  36.  9.
  36.  9.5
  36.  10.
  36.  10.5
  36.  11.
  36.5  0.
  36.5  0.5
  36.5  1.
  36.5  1.5
  36.5  2.
  36.5  2.5
  36.5  3.
  36.5  3.5
  36.5  4.
  36.5  4.5
  36.5  5.
  36.5  6.
  36.5  6.5
  36.5  7.
  36.5  7.5
  36.5  8.
  36.5  8.5
  36.5  9.
  36.5  9.5
  36.5  10.
  36.5  10.5
  36.5  11.
  37.  0.
  37.  0.5
  37.  1.
  37.  1.5
  37.  2.
  37.  2.5
  37.  3.
  37.  3.5
  37.  4.
  37.  4.5
  37.  5.
  37.  6.
  37.  6.5
  37.  7.
  37.  7.5
  37.  8.
  37.  8.5
  37.  9.
  37.  9.5
  37.  10.
  37.  10.5
  37.  11.
  37.5  0.
  37.5  0.5
  37.5  1.
  37.5  1.5
  37.5  2.
  37.5  2.5
  37.5  3.
  37.5  3.5
  37.5  4.
  37.5  4.5
  37.5  5.
  37.5  6.
  37.5  6.5
  37.5  7.
  37.5  7.5
  37.5  8.
  37.5  8.5
  37.5  9.
  37.5  9.5
  37.5  10.
  37.5  10.5
  37.5  11.
  38.  0.
  38.  0.5
  38.  1.
  38.  1.5
  38.  2.
  38.  2.5
  38.  3.
  38.  3.5
  38.  4.
  38.  4.5
  38.  5.
  38.  6.
  38.  6.5
  38.  7.
  38.  7.5
  38.  8.
  38.  8.5
  38.  9.
  38.  9.5
  38.  10.
  38.  10.5
  38.  11.
  38.5  0.
  38.5  0.5
  38.5  1.
  38.5  1.5
  38.5  2.
  38.5  2.5
  38.5  3.
  38.5  3.5
  38.5  4.
  38.5  4.5
  38.5  5.
  38.5  6.
  38.5  6.5
  38.5  7.
  38.5  7.5
  38.5  8.
  38.5  8.5
  38.5  9.
  38.5  9.5
  38.5  10.
  38.5  10.5
  38.5  11.
  39.  0.
  39.  0.5
  39.  1.
  39.  1.5
  39.  2.
  39.  2.5
  39.  3.
  39.  3.5
  39.  4.
  39.  4.5
  39.  5.
  39.  6.
  39.  6.5
  39.  7.
  39.  7.5
  39.  8.
  39.  8.5
  39.  9.
  39.  9.5
  39.  10.
  39.  10.5
  39.  11.
  39.5  0.
  39.5  0.5
  39.5  1.
  39.5  1.5
  39.5  2.
  39.5  2.5
  39.5  3.
  39.5  3.5
  39.5  4.
  39.5  4.5
  39.5  5.
  39.5  6.
  39.5  6.5
  39.5  7.
  39.5  7.5
  39.5  8.
  39.5  8.5
  39.5  9.
  39.5  9.5
  39.5  10.
  39.5  10.5
  39.5  11.
  40.  0.
  40.  0.5
  40.  1.
  40.  1.5
  40.  2.
  40.  2.5
  40.  3.
  40.  3.5
  40.  4.
  40.  4.5
  40.  5.
  40.  6.
  40.  6.5
  40.  7.
  40.  7.5
  40.  8.
  40.  8.5
  40.  9.
  40.  9.5
  40.  10.
  40.  10.5
  40.  11.
  40.5  0.
  40.5  0.5
  40.5  1.
  40.5  1.5
  40.5  2.
  40.5  2.5
  40.5  3.
  40.5  3.5
  40.5  4.
  40.5  4.5
  40.5  5.
  40.5  6.
  40.5  6.5
  40.5  7.
  40.5  7.5
  40.5  8.
  40.5  8.5
  40.5  9.
  40.5  9.5
  40.5  10.
  40.5  10.5
  40.5  11.
  41.  0.
  41.  0.5
  41.  1.
  41.  1.5
  41.  2.
  41.  2.5
  41.  3.
  41.  3.5
  41.  4.
  41.  4.5
  41.  5.
  41.  6.
  41.  6.5
  41.  7.
  41.  7.5
  41.  8.
  41.  8.5
  41.  9.
  41.  9.5
  41.  10.
  41.  10.5
  41.  11.
  41.5  0.
  41.5  0.5
  41.5  1.
  41.5  1.5
  41.5  2.
  41.5  2.5
  41.5  3.
  41.5  3.5
  41.5  4.
  41.5  4.5
  41.5  5.
  41.5  6.
  41.5  6.5
  41.5  7.
  41.5  7.5
  41.5  8.
  41.5  8.5
  41.5  9.
  41.5  9.5
  41.5  10.
  41.5  10.5
  41.5  11.
  42.  0.
  42.  0.5
  42.  1.
  42.  1.5
  42.  2.
  42.  2.5
  42.  3.
  42.  3.5
  42.  4.
  42.  4.5
  42.  5.
  42.  6.
  42.  6.5
  42.  7.
  42.  7.5
  42.  8.
  42.  8.5
  42.  9.
  42.  9.5
  42.  10.
  42.  10.5
  42.  11.
  42.5  0.
  42.5  0.5
  42.5  1.
  42.5  1.5
  42.5  2.
  42.5  2.5
  42.5  3.
  42.5  3.5
  42.5  4.
  42.5  4.5
  42.5  5.
  42.5  6.
  42.5  6.5
  42.5  7.
  42.5  7.5
  42.5  8.
  42.5  8.5
  42.5  9.
  42.5  9.5
  42.5  10.
  42.5  10.5
  42.5  11.
  43.  0.
  43.  0.5
  43.  1.
  43.  1.5
  43.  2.
  43.  2.5
  43.  3.
  43.  3.5
  43.  4.
  43.  4.5
  43.  5.
  43.  6.
  43.  6.5
  43.  7.
  43.  7.5
  43.  8.
  43.  8.5
  43.  9.
  43.  9.5
  43.  10.
  43.  10.5
  43.  11.
  43.5  0.
  43.5  0.5
  43.5  1.
  43.5  1.5
  43.5  2.
  43.5  2.5
  43.5  3.
  43.5  3.5
  43.5  4.
  43.5  4.5
  43.5  5.
  43.5  6.
  43.5  6.5
  43.5  7.
  43.5  7.5
  43.5  8.
  43.5  8.5
  43.5  9.
  43.5  9.5
  43.5  10.
  43.5  10.5
  43.5  11.
  44.  0.
  44.  0.5
  44.  1.
  44.  1.5
  44.  2.
  44.  2.5
  44.  3.
  44.  3.5
  44.  4.
  44.  4.5
  44.  5.
  44.  6.
  44.  6.5
  44.  7.
  44.  7.5
  44.  8.
  44.  8.5
  44.  9.
  44.  9.5
  44.  10.
  44.  10.5
  44.  11.
  44.5  0.
  44.5  0.5
  44.5  1.
  44.5  1.5
  44.5  2.
  44.5  2.5
  44.5  3.
  44.5  3.5
  44.5  4.
  44.5  4.5
  44.5  5.
  44.5  6.
  44.5  6.5
  44.5  7.
  44.5  7.5
  44.5  8.
  44.5  8.5
  44.5  9.
  44.5  9.5
  44.5  10.
  44.5  10.5
  44.5  11.
  45.  0.
  45.  0.5
  45.  1.
  45.  1.5
  45.  2.
  45.  2.5
  45.  3.
  45.  3.5
  45.  4.
  45.  4.5
  45.  5.
  45.  5.5
  45.  6.
  45.  6.5
  45.  7.
  45.  7.5
  45.  8.
  45.  8.5
  45.  9.
  45.  9.5
  45.  10.
  45.  10.5
  45.  11.
  45.5  0.
  45.5  0.5
  45.5  1.
  45.5  1.5
  45.5  2.
  45.5  2.5
  45.5  3.
  45.5  3.5
  45.5  4.
  45.5  4.5
  45.5  5.
  45.5  5.5
  45.5  6.
  45.5  6.5
  45.5  7.
  45.5  7.5
  45.5  8.
  45.5  8.5
  45.5  9.
  45.5  9.5
  45.5  10.
  45.5  10.5
  45.5  11.
  46.  0.
  46.  0.5
  46.  1.
  46.  1.5
  46.  2.
  46.  2.5
  46.  3.
  46.  3.5
  46.  4.
  46.  4.5
  46.  5.
  46.  5.5
  46.  6.
  46.  6.5
  46.  7.
  46.  7.5
  46.  8.
  46.  8.5
  46.  9.
  46.  9.5
  46.  10.
  46.  10.5
  46.  11.
  46.5  0.
  46.5  0.5
  46.5  1.
  46.5  1.5
  46.5  2.
  46.5  2.5
  46.5  3.
  46.5  3.5
  46.5  4.
  46.5  4.5
  46.5  5.
  46.5  5.5
  46.5  6.
  46.5  6.5
  46.5  7.
  46.5  7.5
  46.5  8.
  46.5  8.5
  46.5  9.
  46.5  9.5
  46.5  10.
  46.5  10.5
  46.5  11.
  47.  0.
  47.  0.5
  47.  1.
  47.  1.5
  47.  2.
  47.  2.5
  47.  3.
  47.  3.5
  47.  4.
  47.  4.5
  47.  5.
  47.  5.5
  47.  6.
  47.  6.5
  47.  7.
  47.  7.5
  47.  8.
  47.  8.5
  47.  9.
  47.  9.5
  47.  10.
  47.  10.5
  47.  11.
  47.5  0.
  47.5  0.5
  47.5  1.
  47.5  1.5
  47.5  2.
  47.5  2.5
  47.5  3.
  47.5  3.5
  47.5  4.
  47.5  4.5
  47.5  5.
  47.5  5.5
  47.5  6.
  47.5  6.5
  47.5  7.
  47.5  7.5
  47.5  8.
  47.5  8.5
  47.5  9.
  47.5  9.5
  47.5  10.
  47.5  10.5
  47.5  11.
  48.  0.
  48.  0.5
  48.  1.
  48.  1.5
  48.  2.
  48.  2.5
  48.  3.
  48.  3.5
  48.  4.
  48.  4.5
  48.  5.
  48.  5.5
  48.  6.
  48.  6.5
  48.  7.
  48.  7.5
  48.  8.
  48.  8.5
  48.  9.
  48.  9.5
  48.  10.
  48.  10.5
  48.  11.
  48.5  0.
  48.5  0.5
  48.5  1.
  48.5  1.5
  48.5  2.
  48.5  2.5
  48.5  3.
  48.5  3.5
  48.5  4.
  48.5  4.5
  48.5  5.
  48.5  5.5
  48.5  6.
  48.5  6.5
  48.5  7.
  48.5  7.5
  48.5  8.
  48.5  8.5
  48.5  9.
  48.5  9.5
  48.5  10.
  48.5  10.5
  48.5  11.
  49.  0.
  49.  0.5
  49.  1.
  49.  1.5
  49.  2.
  49.  2.5
  49.  3.
  49.  3.5
  49.  4.
  49.  4.5
  49.  5.
  49.  5.5
  49.  6.
  49.  6.5
  49.  7.
  49.  7.5
  49.  8.
  49.  8.5
  49.  9.
  49.  9.5
  49.  10.
  49.  10.5
  49.  11.
  49.5  0.
  49.5  0.5
  49.5  1.
  49.5  1.5
  49.5  2.
  49.5  2.5
  49.5  3.
  49.5  3.5
  49.5  4.
  49.5  4.5
  49.5  5.
  49.5  5.5
  49.5  6.
  49.5  6.5
  49.5  7.
  49.5  7.5
  49.5  8.
  49.5  8.5
  49.5  9.
  49.5  9.5
  49.5  10.
  49.5  10.5
  49.5  11.
  50.  0.
  50.  0.5
  50.  1.
  50.  1.5
  50.  2.
  50.  2.5
  50.  3.
  50.  3.5
  50.  4.
  50.  4.5
  50.  5.
  50.  5.5
  50.  6.
  50.  6.5
  50.  7.
  50.  7.5
  50.  8.
  50.  8.5
  50.  9.
  50.  9.5
  50.  10.
  50.  10.5
  50.  11.
  50.5  0.
  50.5  0.5
  50.5  1.
  50.5  1.5
  50.5  2.
  50.5  2.5
  50.5  3.
  50.5  3.5
  50.5  4.
  50.5  4.5
  50.5  5.
  50.5  5.5
  50.5  6.
  50.5  6.5
  50.5  7.
  50.5  7.5
  50.5  8.
  50.5  8.5
  50.5  9.
  50.5  9.5
  50.5  10.
  50.5  10.5
  50.5  11.
  51.  0.
  51.  0.5
  51.  1.
  51.  1.5
  51.  2.
  51.  2.5
  51.  3.
  51.  3.5
  51.  4.
  51.  4.5
  51.  5.
  51.  5.5
  51.  6.
  51.  6.5
  51.  7.
  51.  7.5
  51.  8.
  51.  8.5
  51.  9.
  51.  9.5
  51.  10.
  51.  10.5
  51.  11.
  51.5  0.
  51.5  0.5
  51.5  1.
  51.5  1.5
  51.5  2.
  51.5  2.5
  51.5  3.
  51.5  3.5
  51.5  4.
  51.5  4.5
  51.5  5.
  51.5  5.5
  51.5  6.
  51.5  6.5
  51.5  7.
  51.5  7.5
  51.5  8.
  51.5  8.5
  51.5  9.
  51.5  9.5
  51.5  10.
  51.5  10.5
  51.5  11.
  52.  0.
  52.  0.5
  52.  1.
  52.  1.5
  52.  2.
  52.  2.5
  52.  3.
  52.  3.5
  52.  4.
  52.  4.5
  52.  5.
  52.  5.5
  52.  6.
  52.  6.5
  52.  7.
  52.  7.5
  52.  8.
  52.  8.5
  52.  9.
  52.  9.5
  52.  10.
  52.  10.5
  52.  11.
  52.5  0.
  52.5  0.5
  52.5  1.
  52.5  1.5
  52.5  2.
  52.5  2.5
  52.5  3.
  52.5  3.5
  52.5  4.
  52.5  4.5
  52.5  5.
  52.5  5.5
  52.5  6.
  52.5  6.5
  52.5  7.
  52.5  7.5
  52.5  8.
  52.5  8.5
  52.5  9.
  52.5  9.5
  52.5  10.
  52.5  10.5
  52.5  11.
  53.  0.
  53.  0.5
  53.  1.
  53.  1.5
  53.  2.
  53.  2.5
  53.  3.
  53.  3.5
  53.  4.
  53.  4.5
  53.  5.
  53.  5.5
  53.  6.
  53.  6.5
  53.  7.
  53.  7.5
  53.  8.
  53.  8.5
  53.  9.
  53.  9.5
  53.  10.
  53.  10.5
  53.  11.
  53.5  0.
  53.5  0.5
  53.5  1.
  53.5  1.5
  53.5  2.
  53.5  2.5
  53.5  3.
  53.5  3.5
  53.5  4.
  53.5  4.5
  53.5  5.
  53.5  5.5
  53.5  6.
  53.5  6.5
  53.5  7.
  53.5  7.5
  53.5  8.
  53.5  8.5
  53.5  9.
  53.5  9.5
  53.5  10.
  53.5  10.5
  53.5  11.
  54.  0.
  54.  0.5
  54.  1.
  54.  1.5
  54.  2.
  54.  2.5
  54.  3.
  54.  3.5
  54.  4.
  54.  4.5
  54.  5.
  54.  5.5
  54.  6.
  54.  6.5
  54.  7.
  54.  7.5
  54.  8.
  54.  8.5
  54.  9.
  54.  9.5
  54.  10.
  54.  10.5
  54.  11.
  54.5  0.
  54.5  0.5
  54.5  1.
  54.5  1.5
  54.5  2.
  54.5  2.5
  54.5  3.
  54.5  3.5
  54.5  4.
  54.5  4.5
  54.5  5.
  54.5  5.5
  54.5  6.
  54.5  6.5
  54.5  7.
  54.5  7.5
  54.5  8.
  54.5  8.5
  54.5  9.
  54.5  9.5
  54.5  10.
  54.5  10.5
  54.5  11.
  55.  0.
  55.  0.5
  55.  1.
  55.  1.5
  55.  2.
  55.  2.5
  55.  3.
  55.  3.5
  55.  4.
  55.  4.5
  55.  5.
  55.  5.5
  55.  6.
  55.  6.5
  55.  7.
  55.  7.5
  55.  8.
  55.  8.5
  55.  9.
  55.  9.5
  55.  10.
  55.  10.5
  55.  11.
  55.5  0.
  55.5  0.5
  55.5  1.
  55.5  1.5
  55.5  2.
  55.5  2.5
  55.5  3.
  55.5  3.5
  55.5  4.
  55.5  4.5
  55.5  5.
  55.5  5.5
  55.5  6.
  55.5  6.5
  55.5  7.
  55.5  7.5
  55.5  8.
  55.5  8.5
  55.5  9.
  55.5  9.5
  55.5  10.
  55.5  10.5
  55.5  11.
  56.  0.
  56.  0.5
  56.  1.
  56.  1.5
  56.  2.
  56.  2.5
  56.  3.
  56.  3.5
  56.  4.
  56.  4.5
  56.  5.
  56.  5.5
  56.  6.
  56.  6.5
  56.  7.
  56.  7.5
  56.  8.
  56.  8.5
  56.  9.
  56.  9.5
  56.  10.
  56.  10.5
  56.  11.
  56.5  0.
  56.5  0.5
  56.5  1.
  56.5  1.5
  56.5  2.
  56.5  2.5
  56.5  3.
  56.5  3.5
  56.5  4.
  56.5  4.5
  56.5  5.
  56.5  5.5
  56.5  6.
  56.5  6.5
  56.5  7.
  56.5  7.5
  56.5  8.
  56.5  8.5
  56.5  9.
  56.5  9.5
  56.5  10.
  56.5  10.5
  56.5  11.
  57.  0.
  57.  0.5
  57.  1.
  57.  1.5
  57.  2.
  57.  2.5
  57.  3.
  57.  3.5
  57.  4.
  57.  4.5
  57.  5.
  57.  5.5
  57.  6.
  57.  6.5
  57.  7.
  57.  7.5
  57.  8.
  57.  8.5
  57.  9.
  57.  9.5
  57.  10.
  57.  10.5
  57.  11.
  57.5  0.
  57.5  0.5
  57.5  1.
  57.5  1.5
  57.5  2.
  57.5  2.5
  57.5  3.
  57.5  3.5
  57.5  4.
  57.5  4.5
  57.5  5.
  57.5  5.5
  57.5  6.
  57.5  6.5
  57.5  7.
  57.5  7.5
  57.5  8.
  57.5  8.5
  57.5  9.
  57.5  9.5
  57.5  10.
  57.5  10.5
  57.5  11.
  58.  0.
  58.  0.5
  58.  1.
  58.  1.5
  58.  2.
  58.  2.5
  58.  3.
  58.  3.5
  58.  4.
  58.  4.5
  58.  5.
  58.  5.5
  58.  6.
  58.  6.5
  58.  7.
  58.  7.5
  58.  8.
  58.  8.5
  58.  9.
  58.  9.5
  58.  10.
  58.  10.5
  58.  11.
  58.5  0.
  58.5  0.5
  58.5  1.
  58.5  1.5
  58.5  2.
  58.5  2.5
  58.5  3.
  58.5  3.5
  58.5  4.
  58.5  4.5
  58.5  5.
  58.5  5.5
  58.5  6.
  58.5  6.5
  58.5  7.
  58.5  7.5
  58.5  8.
  58.5  8.5
  58.5  9.
  58.5  9.5
  58.5  10.
  58.5  10.5
  58.5  11.
  59.  0.
  59.  0.5
  59.  1.
  59.  1.5
  59.  2.
  59.  2.5
  59.  3.
  59.  3.5
  59.  4.
  59.  4.5
  59.  5.
  59.  5.5
  59.  6.
  59.  6.5
  59.  7.
  59.  7.5
  59.  8.
  59.  8.5
  59.  9.
  59.  9.5
  59.  10.
  59.  10.5
  59.  11.
  59.5  0.
  59.5  0.5
  59.5  1.
  59.5  1.5
  59.5  2.
  59.5  2.5
  59.5  3.
  59.5  3.5
  59.5  4.
  59.5  4.5
  59.5  5.
  59.5  5.5
  59.5  6.
  59.5  6.5
  59.5  7.
  59.5  7.5
  59.5  8.
  59.5  8.5
  59.5  9.
  59.5  9.5
  59.5  10.
  59.5  10.5
  59.5  11.
  60.  0.
  60.  0.5
  60.  1.
  60.  1.5
  60.  2.
  60.  2.5
  60.  3.
  60.  3.5
  60.  4.
  60.  4.5
  60.  5.
  60.  5.5
  60.  6.
  60.  6.5
  60.  7.
  60.  7.5
  60.  8.
  60.  8.5
  60.  9.
  60.  9.5
  60.  10.
  60.  10.5
  60.  11.
  60.5  0.
  60.5  0.5
  60.5  1.
  60.5  1.5
  60.5  2.
  60.5  2.5
  60.5  3.
  60.5  3.5
  60.5  4.
  60.5  4.5
  60.5  5.
  60.5  6.
  60.5  6.5
  60.5  7.
  60.5  7.5
  60.5  8.
  60.5  8.5
  60.5  9.
  60.5  9.5
  60.5  10.
  60.5  10.5
  60.5  11.
  61.  0.
  61.  0.5
  61.  1.
  61.  1.5
  61.  2.
  61.  2.5
  61.  3.
  61.  3.5
  61.  4.
  61.  4.5
  61.  5.
  61.  6.
  61.  6.5
  61.  7.
  61.  7.5
  61.  8.
  61.  8.5
  61.  9.
  61.  9.5
  61.  10.
  61.  10.5
  61.  11.
  61.5  0.
  61.5  0.5
  61.5  1.
  61.5  1.5
  61.5  2.
  61.5  2.5
  61.5  3.
  61.5  3.5
  61.5  4.
  61.5  4.5
  61.5  5.
  61.5  6.
  61.5  6.5
  61.5  7.
  61.5  7.5
  61.5  8.
  61.5  8.5
  61.5  9.
  61.5  9.5
  61.5  10.
  61.5  10.5
  61.5  11.
  62.  0.
  62.  0.5
  62.  1.
  62.  1.5
  62.  2.
  62.  2.5
  62.  3.
  62.  3.5
  62.  4.
  62.  4.5
  62.  5.
  62.  6.
  62.  6.5
  62.  7.
  62.  7.5
  62.  8.
  62.  8.5
  62.  9.
  62.  9.5
  62.  10.
  62.  10.5
  62.  11.
  62.5  0.
  62.5  0.5
  62.5  1.
  62.5  1.5
  62.5  2.
  62.5  2.5
  62.5  3.
  62.5  3.5
  62.5  4.
  62.5  4.5
  62.5  5.
  62.5  6.
  62.5  6.5
  62.5  7.
  62.5  7.5
  62.5  8.
  62.5  8.5
  62.5  9.
  62.5  9.5
  62.5  10.
  62.5  10.5
  62.5  11.
  63.  0.
  63.  0.5
  63.  1.
  63.  1.5
  63.  2.
  63.  2.5
  63.  3.
  63.  3.5
  63.  4.
  63.  4.5
  63.  5.
  63.  6.
  63.  6.5
  63.  7.
  63.  7.5
  63.  8.
  63.  8.5
  63.  9.
  63.  9.5
  63.  10.
  63.  10.5
  63.  11.
  63.5  0.
  63.5  0.5
  63.5  1.
  63.5  1.5
  63.5  2.
  63.5  2.5
  63.5  3.
  63.5  3.5
  63.5  4.
  63.5  4.5
  63.5  5.
  63.5  6.
  63.5  6.5
  63.5  7.
  63.5  7.5
  63.5  8.
  63.5  8.5
  63.5  9.
  63.5  9.5
  63.5  10.
  63.5  10.5
  63.5  11.
  64.  0.
  64.  0.5
  64.  1.
  64.  1.5
  64.  2.
  64.  2.5
  64.  3.
  64.  3.5
  64.  4.
  64.  4.5
  64.  5.
  64.  6.
  64.  6.5
  64.  7.
  64.  7.5
  64.  8.
  64.  8.5
  64.  9.
  64.  9.5
  64.  10.
  64.  10.5
  64.  11.
  64.5  0.
  64.5  0.5
  64.5  1.
  64.5  1.5
  64.5  2.
  64.5  2.5
  64.5  3.
  64.5  3.5
  64.5  4.
  64.5  4.5
  64.5  5.
  64.5  6.
  64.5  6.5
  64.5  7.
  64.5  7.5
  64.5  8.
  64.5  8.5
  64.5  9.
  64.5  9.5
  64.5  10.
  64.5  10.5
  64.5  11.
  65.  0.
  65.  0.5
  65.  1.
  65.  1.5
  65.  2.
  65.  2.5
  65.  3.
  65.  3.5
  65.  4.
  65.  4.5
  65.  5.
  65.  6.
  65.  6.5
  65.  7.
  65.  7.5
  65.  8.
  65.  8.5
  65.  9.
  65.  9.5
  65.  10.
  65.  10.5
  65.  11.
  65.5  0.
  65.5  0.5
  65.5  1.
  65.5  1.5
  65.5  2.
  65.5  2.5
  65.5  3.
  65.5  3.5
  65.5  4.
  65.5  4.5
  65.5  5.
  65.5  6.
  65.5  6.5
  65.5  7.
  65.5  7.5
  65.5  8.
  65.5  8.5
  65.5  9.
  65.5  9.5
  65.5  10.
  65.5  10.5
  65.5  11.
  66.  0.
  66.  0.5
  66.  1.
  66.  1.5
  66.  2.
  66.  2.5
  66.  3.
  66.  3.5
  66.  4.
  66.  4.5
  66.  5.
  66.  6.
  66.  6.5
  66.  7.
  66.  7.5
  66.  8.
  66.  8.5
  66.  9.
  66.  9.5
  66.  10.
  66.  10.5
  66.  11.
  66.5  0.
  66.5  0.5
  66.5  1.
  66.5  1.5
  66.5  2.
  66.5  2.5
  66.5  3.
  66.5  3.5
  66.5  4.
  66.5  4.5
  66.5  5.
  66.5  6.
  66.5  6.5
  66.5  7.
  66.5  7.5
  66.5  8.
  66.5  8.5
  66.5  9.
  66.5  9.5
  66.5  10.
  66.5  10.5
  66.5  11.
  67.  0.
  67.  0.5
  67.  1.
  67.  1.5
  67.  2.
  67.  2.5
  67.  3.
  67.  3.5
  67.  4.
  67.  4.5
  67.  5.
  67.  6.
  67.  6.5
  67.  7.
  67.  7.5
  67.  8.
  67.  8.5
  67.  9.
  67.  9.5
  67.  10.
  67.  10.5
  67.  11.
  67.5  0.
  67.5  0.5
  67.5  1.
  67.5  1.5
  67.5  2.
  67.5  2.5
  67.5  3.
  67.5  3.5
  67.5  4.
  67.5  4.5
  67.5  5.
  67.5  6.
  67.5  6.5
  67.5  7.
  67.5  7.5
  67.5  8.
  67.5  8.5
  67.5  9.
  67.5  9.5
  67.5  10.
  67.5  10.5
  67.5  11.
  68.  0.
  68.  0.5
  68.  1.
  68.  1.5
  68.  2.
  68.  2.5
  68.  3.
  68.  3.5
  68.  4.
  68.  4.5
  68.  5.
  68.  6.
  68.  6.5
  68.  7.
  68.  7.5
  68.  8.
  68.  8.5
  68.  9.
  68.  9.5
  68.  10.
  68.  10.5
  68.  11.
  68.5  0.
  68.5  0.5
  68.5  1.
  68.5  1.5
  68.5  2.
  68.5  2.5
  68.5  3.
  68.5  3.5
  68.5  4.
  68.5  4.5
  68.5  5.
  68.5  6.
  68.5  6.5
  68.5  7.
  68.5  7.5
  68.5  8.
  68.5  8.5
  68.5  9.
  68.5  9.5
  68.5  10.
  68.5  10.5
  68.5  11.
  69.  0.
  69.  0.5
  69.  1.
  69.  1.5
  69.  2.
  69.  2.5
  69.  3.
  69.  3.5
  69.  4.
  69.  4.5
  69.  5.
  69.  6.
  69.  6.5
  69.  7.
  69.  7.5
  69.  8.
  69.  8.5
  69.  9.
  69.  9.5
  69.  10.
  69.  10.5
  69.  11.
  69.5  0.
  69.5  0.5
  69.5  1.
  69.5  1.5
  69.5  2.
  69.5  2.5
  69.5  3.
  69.5  3.5
  69.5  4.
  69.5  4.5
  69.5  5.
  69.5  6.
  69.5  6.5
  69.5  7.
  69.5  7.5
  69.5  8.
  69.5  8.5
  69.5  9.
  69.5  9.5
  69.5  10.
  69.5  10.5
  69.5  11.
  70.  0.
  70.  0.5
  70.  1.
  70.  1.5
  70.  2.
  70.  2.5
  70.  3.
  70.  3.5
  70.  4.
  70.  4.5
  70.  5.
  70.  6.
  70.  6.5
  70.  7.
  70.  7.5
  70.  8.
  70.  8.5
  70.  9.
  70.  9.5
  70.  10.
  70.  10.5
  70.  11.
  70.5  0.
  70.5  0.5
  70.5  1.
  70.5  1.5
  70.5  2.
  70.5  2.5
  70.5  3.
  70.5  3.5
  70.5  4.
  70.5  4.5
  70.5  5.
  70.5  6.
  70.5  6.5
  70.5  7.
  70.5  7.5
  70.5  8.
  70.5  8.5
  70.5  9.
  70.5  9.5
  70.5  10.
  70.5  10.5
  70.5  11.
  71.  0.
  71.  0.5
  71.  1.
  71.  1.5
  71.  2.
  71.  2.5
  71.  3.
  71.  3.5
  71.  4.
  71.  4.5
  71.  5.
  71.  6.
  71.  6.5
  71.  7.
  71.  7.5
  71.  8.
  71.  8.5
  71.  9.
  71.  9.5
  71.  10.
  71.  10.5
  71.  11.
  71.5  0.
  71.5  0.5
  71.5  1.
  71.5  1.5
  71.5  2.
  71.5  2.5
  71.5  3.
  71.5  3.5
  71.5  4.
  71.5  4.5
  71.5  5.
  71.5  6.
  71.5  6.5
  71.5  7.
  71.5  7.5
  71.5  8.
  71.5  8.5
  71.5  9.
  71.5  9.5
  71.5  10.
  71.5  10.5
  71.5  11.
  72.  0.
  72.  0.5
  72.  1.
  72.  1.5
  72.  2.
  72.  2.5
  72.  3.
  72.  3.5
  72.  4.
  72.  4.5
  72.  5.
  72.  6.
  72.  6.5
  72.  7.
  72.  7.5
  72.  8.
  72.  8.5
  72.  9.
  72.  9.5
  72.  10.
  72.  10.5
  72.  11.
  72.5  0.
  72.5  0.5
  72.5  1.
  72.5  1.5
  72.5  2.
  72.5  2.5
  72.5  3.
  72.5  3.5
  72.5  4.
  72.5  4.5
  72.5  5.
  72.5  6.
  72.5  6.5
  72.5  7.
  72.5  7.5
  72.5  8.
  72.5  8.5
  72.5  9.
  72.5  9.5
  72.5  10.
  72.5  10.5
  72.5  11.
  73.  0.
  73.  0.5
  73.  1.
  73.  1.5
  73.  2.
  73.  2.5
  73.  3.
  73.  3.5
  73.  4.
  73.  4.5
  73.  5.
  73.  6.
  73.  6.5
  73.  7.
  73.  7.5
  73.  8.
  73.  8.5
  73.  9.
  73.  9.5
  73.  10.
  73.  10.5
  73.  11.
  73.5  0.
  73.5  0.5
  73.5  1.
  73.5  1.5
  73.5  2.
  73.5  2.5
  73.5  3.
  73.5  3.5
  73.5  4.
  73.5  4.5
  73.5  5.
  73.5  6.
  73.5  6.5
  73.5  7.
  73.5  7.5
  73.5  8.
  73.5  8.5
  73.5  9.
  73.5  9.5
  73.5  10.
  73.5  10.5
  73.5  11.
  74.  0.
  74.  0.5
  74.  1.
  74.  1.5
  74.  2.
  74.  2.5
  74.  3.
  74.  3.5
  74.  4.
  74.  4.5
  74.  5.
  74.  6.
  74.  6.5
  74.  7.
  74.  7.5
  74.  8.
  74.  8.5
  74.  9.
  74.  9.5
  74.  10.
  74.  10.5
  74.  11.
  74.5  0.
  74.5  0.5
  74.5  1.
  74.5  1.5
  74.5  2.
  74.5  2.5
  74.5  3.
  74.5  3.5
  74.5  4.
  74.5  4.5
  74.5  5.
  74.5  6.
  74.5  6.5
  74.5  7.
  74.5  7.5
  74.5  8.
  74.5  8.5
  74.5  9.
  74.5  9.5
  74.5  10.
  74.5  10.5
  74.5  11.
  75.  0.
  75.  0.5
  75.  1.
  75.  1.5
  75.  2.
  75.  2.5
  75.  3.
  75.  3.5
  75.  4.
  75.  4.5
  75.  5.
  75.  6.
  75.  6.5
  75.  7.
  75.  7.5
  75.  8.
  75.  8.5
  75.  9.
  75.  9.5
  75.  10.
  75.  10.5
  75.  11.
  75.5  0.
  75.5  0.5
  75.5  1.
  75.5  1.5
  75.5  2.
  75.5  2.5
  75.5  3.
  75.5  3.5
  75.5  4.
  75.5  4.5
  75.5  5.
  75.5  6.
  75.5  6.5
  75.5  7.
  75.5  7.5
  75.5  8.
  75.5  8.5
  75.5  9.
  75.5  9.5
  75.5  10.
  75.5  10.5
  75.5  11.
  76.  0.
  76.  0.5
  76.  1.
  76.  1.5
  76.  2.
  76.  2.5
  76.  3.
  76.  3.5
  76.  4.
  76.  4.5
  76.  5.
  76.  6.
  76.  6.5
  76.  7.
  76.  7.5
  76.  8.
  76.  8.5
  76.  9.
  76.  9.5
  76.  10.
  76.  10.5
  76.  11.
  76.5  0.
  76.5  0.5
  76.5  1.
  76.5  1.5
  76.5  2.
  76.5  2.5
  76.5  3.
  76.5  3.5
  76.5  4.
  76.5  4.5
  76.5  5.
  76.5  6.
  76.5  6.5
  76.5  7.
  76.5  7.5
  76.5  8.
  76.5  8.5
  76.5  9.
  76.5  9.5
  76.5  10.
  76.5  10.5
  76.5  11.
  77.  0.
  77.  0.5
  77.  1.
  77.  1.5
  77.  2.
  77.  2.5
  77.  3.
  77.  3.5
  77.  4.
  77.  4.5
  77.  5.
  77.  6.
  77.  6.5
  77.  7.
  77.  7.5
  77.  8.
  77.  8.5
  77.  9.
  77.  9.5
  77.  10.
  77.  10.5
  77.  11.
  77.5  0.
  77.5  0.5
  77.5  1.
  77.5  1.5
  77.5  2.
  77.5  2.5
  77.5  3.
  77.5  3.5
  77.5  4.
  77.5  4.5
  77.5  5.
  77.5  6.
  77.5  6.5
  77.5  7.
  77.5  7.5
  77.5  8.
  77.5  8.5
  77.5  9.
  77.5  9.5
  77.5  10.
  77.5  10.5
  77.5  11.
  78.  0.
  78.  0.5
  78.  1.
  78.  1.5
  78.  2.
  78.  2.5
  78.  3.
  78.  3.5
  78.  4.
  78.  4.5
  78.  5.
  78.  6.
  78.  6.5
  78.  7.
  78.  7.5
  78.  8.
  78.  8.5
  78.  9.
  78.  9.5
  78.  10.
  78.  10.5
  78.  11.
  78.5  0.
  78.5  0.5
  78.5  1.
  78.5  1.5
  78.5  2.
  78.5  2.5
  78.5  3.
  78.5  3.5
  78.5  4.
  78.5  4.5
  78.5  5.
  78.5  6.
  78.5  6.5
  78.5  7.
  78.5  7.5
  78.5  8.
  78.5  8.5
  78.5  9.
  78.5  9.5
  78.5  10.
  78.5  10.5
  78.5  11.
  79.  0.
  79.  0.5
  79.  1.
  79.  1.5
  79.  2.
  79.  2.5
  79.  3.
  79.  3.5
  79.  4.
  79.  4.5
  79.  5.
  79.  6.
  79.  6.5
  79.  7.
  79.  7.5
  79.  8.
  79.  8.5
  79.  9.
  79.  9.5
  79.  10.
  79.  10.5
  79.  11.
  79.5  0.
  79.5  0.5
  79.5  1.
  79.5  1.5
  79.5  2.
  79.5  2.5
  79.5  3.
  79.5  3.5
  79.5  4.
  79.5  4.5
  79.5  5.
  79.5  6.
  79.5  6.5
  79.5  7.
  79.5  7.5
  79.5  8.
  79.5  8.5
  79.5  9.
  79.5  9.5
  79.5  10.
  79.5  10.5
  79.5  11.
  80.  0.
  80.  0.5
  80.  1.
  80.  1.5
  80.  2.
  80.  2.5
  80.  3.
  80.  3.5
  80.  4.
  80.  4.5
  80.  5.
  80.  6.
  80.  6.5
  80.  7.
  80.  7.5
  80.  8.
  80.  8.5
  80.  9.
  80.  9.5
  80.  10.
  80.  10.5
  80.  11.
  80.5  0.
  80.5  0.5
  80.5  1.
  80.5  1.5
  80.5  2.
  80.5  2.5
  80.5  3.
  80.5  3.5
  80.5  4.
  80.5  4.5
  80.5  5.
  80.5  6.
  80.5  6.5
  80.5  7.
  80.5  7.5
  80.5  8.
  80.5  8.5
  80.5  9.
  80.5  9.5
  80.5  10.
  80.5  10.5
  80.5  11.
  81.  0.
  81.  0.5
  81.  1.
  81.  1.5
  81.  2.
  81.  2.5
  81.  3.
  81.  3.5
  81.  4.
  81.  4.5
  81.  5.
  81.  6.
  81.  6.5
  81.  7.
  81.  7.5
  81.  8.
  81.  8.5
  81.  9.
  81.  9.5
  81.  10.
  81.  10.5
  81.  11.
  81.5  0.
  81.5  0.5
  81.5  1.
  81.5  1.5
  81.5  2.
  81.5  2.5
  81.5  3.
  81.5  3.5
  81.5  4.
  81.5  4.5
  81.5  5.
  81.5  6.
  81.5  6.5
  81.5  7.
  81.5  7.5
  81.5  8.
  81.5  8.5
  81.5  9.
  81.5  9.5
  81.5  10.
  81.5  10.5
  81.5  11.
  82.  0.
  82.  0.5
  82.  1.
  82.  1.5
  82.  2.
  82.  2.5
  82.  3.
  82.  3.5
  82.  4.
  82.  4.5
  82.  5.
  82.  6.
  82.  6.5
  82.  7.
  82.  7.5
  82.  8.
  82.  8.5
  82.  9.
  82.  9.5
  82.  10.
  82.  10.5
  82.  11.
  82.5  0.
  82.5  0.5
  82.5  1.
  82.5  1.5
  82.5  2.
  82.5  2.5
  82.5  3.
  82.5  3.5
  82.5  4.
  82.5  4.5
  82.5  5.
  82.5  6.
  82.5  6.5
  82.5  7.
  82.5  7.5
  82.5  8.
  82.5  8.5
  82.5  9.
  82.5  9.5
  82.5  10.
  82.5  10.5
  82.5  11.
  83.  0.
  83.  0.5
  83.  1.
  83.  1.5
  83.  2.
  83.  2.5
  83.  3.
  83.  3.5
  83.  4.
  83.  4.5
  83.  5.
  83.  6.
  83.  6.5
  83.  7.
  83.  7.5
  83.  8.
  83.  8.5
  83.  9.
  83.  9.5
  83.  10.
  83.  10.5
  83.  11.
  83.5  0.
  83.5  0.5
  83.5  1.
  83.5  1.5
  83.5  2.
  83.5  2.5
  83.5  3.
  83.5  3.5
  83.5  4.
  83.5  4.5
  83.5  5.
  83.5  6.
  83.5  6.5
  83.5  7.
  83.5  7.5
  83.5  8.
  83.5  8.5
  83.5  9.
  83.5  9.5
  83.5  10.
  83.5  10.5
  83.5  11.
  84.  0.
  84.  0.5
  84.  1.
  84.  1.5
  84.  2.
  84.  2.5
  84.  3.
  84.  3.5
  84.  4.
  84.  4.5
  84.  5.
  84.  6.
  84.  6.5
  84.  7.
  84.  7.5
  84.  8.
  84.  8.5
  84.  9.
  84.  9.5
  84.  10.
  84.  10.5
  84.  11.
  84.5  0.
  84.5  0.5
  84.5  1.
  84.5  1.5
  84.5  2.
  84.5  2.5
  84.5  3.
  84.5  3.5
  84.5  4.
  84.5  4.5
  84.5  5.
  84.5  6.
  84.5  6.5
  84.5  7.
  84.5  7.5
  84.5  8.
  84.5  8.5
  84.5  9.
  84.5  9.5
  84.5  10.
  84.5  10.5
  84.5  11.
  85.  0.
  85.  0.5
  85.  1.
  85.  1.5
  85.  2.
  85.  2.5
  85.  3.
  85.  3.5
  85.  4.
  85.  4.5
  85.  5.
  85.  6.
  85.  6.5
  85.  7.
  85.  7.5
  85.  8.
  85.  8.5
  85.  9.
  85.  9.5
  85.  10.
  85.  10.5
  85.  11.
  85.5  0.
  85.5  0.5
  85.5  1.
  85.5  1.5
  85.5  2.
  85.5  2.5
  85.5  3.
  85.5  3.5
  85.5  4.
  85.5  4.5
  85.5  5.
  85.5  6.
  85.5  6.5
  85.5  7.
  85.5  7.5
  85.5  8.
  85.5  8.5
  85.5  9.
  85.5  9.5
  85.5  10.
  85.5  10.5
  85.5  11.
  86.  0.
  86.  0.5
  86.  1.
  86.  1.5
  86.  2.
  86.  2.5
  86.  3.
  86.  3.5
  86.  4.
  86.  4.5
  86.  5.
  86.  6.
  86.  6.5
  86.  7.
  86.  7.5
  86.  8.
  86.  8.5
  86.  9.
  86.  9.5
  86.  10.
  86.  10.5
  86.  11.
  86.5  0.
  86.5  0.5
  86.5  1.
  86.5  1.5
  86.5  2.
  86.5  2.5
  86.5  3.
  86.5  3.5
  86.5  4.
  86.5  4.5
  86.5  5.
  86.5  6.
  86.5  6.5
  86.5  7.
  86.5  7.5
  86.5  8.
  86.5  8.5
  86.5  9.
  86.5  9.5
  86.5  10.
  86.5  10.5
  86.5  11.
  87.  0.
  87.  0.5
  87.  1.
  87.  1.5
  87.  2.
  87.  2.5
  87.  3.
  87.  3.5
  87.  4.
  87.  4.5
  87.  5.
  87.  6.
  87.  6.5
  87.  7.
  87.  7.5
  87.  8.
  87.  8.5
  87.  9.
  87.  9.5
  87.  10.
  87.  10.5
  87.  11.
  87.5  0.
  87.5  0.5
  87.5  1.
  87.5  1.5
  87.5  2.
  87.5  2.5
  87.5  3.
  87.5  3.5
  87.5  4.
  87.5  4.5
  87.5  5.
  87.5  6.
  87.5  6.5
  87.5  7.
  87.5  7.5
  87.5  8.
  87.5  8.5
  87.5  9.
  87.5  9.5
  87.5  10.
  87.5  10.5
  87.5  11.
  88.  0.
  88.  0.5
  88.  1.
  88.  1.5
  88.  2.
  88.  2.5
  88.  3.
  88.  3.5
  88.  4.
  88.  4.5
  88.  5.
  88.  6.
  88.  6.5
  88.  7.
  88.  7.5
  88.  8.
  88.  8.5
  88.  9.
  88.  9.5
  88.  10.
  88.  10.5
  88.  11.
  88.5  0.
  88.5  0.5
  88.5  1.
  88.5  1.5
  88.5  2.
  88.5  2.5
  88.5  3.
  88.5  3.5
  88.5  4.
  88.5  4.5
  88.5  5.
  88.5  6.
  88.5  6.5
  88.5  7.
  88.5  7.5
  88.5  8.
  88.5  8.5
  88.5  9.
  88.5  9.5
  88.5  10.
  88.5  10.5
  88.5  11.
  89.  0.
  89.  0.5
  89.  1.
  89.  1.5
  89.  2.
  89.  2.5
  89.  3.
  89.  3.5
  89.  4.
  89.  4.5
  89.  5.
  89.  6.
  89.  6.5
  89.  7.
  89.  7.5
  89.  8.
  89.  8.5
  89.  9.
  89.  9.5
  89.  10.
  89.  10.5
  89.  11.
  89.5  0.
  89.5  0.5
  89.5  1.
  89.5  1.5
  89.5  2.
  89.5  2.5
  89.5  3.
  89.5  3.5
  89.5  4.
  89.5  4.5
  89.5  5.
  89.5  6.
  89.5  6.5
  89.5  7.
  89.5  7.5
  89.5  8.
  89.5  8.5
  89.5  9.
  89.5  9.5
  89.5  10.
  89.5  10.5
  89.5  11.
  90.  0.
  90.  0.5
  90.  1.
  90.  1.5
  90.  2.
  90.  2.5
  90.  3.
  90.  3.5
  90.  4.
  90.  4.5
  90.  5.
  90.  6.
  90.  6.5
  90.  7.
  90.  7.5
  90.  8.
  90.  8.5
  90.  9.
  90.  9.5
  90.  10.
  90.  10.5
  90.  11.
  90.5  0.
  90.5  0.5
  90.5  1.
  90.5  1.5
  90.5  2.
  90.5  2.5
  90.5  3.
  90.5  3.5
  90.5  4.
  90.5  4.5
  90.5  5.
  90.5  6.
  90.5  6.5
  90.5  7.
  90.5  7.5
  90.5  8.
  90.5  8.5
  90.5  9.
  90.5  9.5
  90.5  10.
  90.5  10.5
  90.5  11.
  91.  0.
  91.  0.5
  91.  1.
  91.  1.5
  91.  2.
  91.  2.5
  91.  3.
  91.  3.5
  91.  4.
  91.  4.5
  91.  5.
  91.  6.
  91.  6.5
  91.  7.
  91.  7.5
  91.  8.
  91.  8.5
  91.  9.
  91.  9.5
  91.  10.
  91.  10.5
  91.  11.
  91.5  0.
  91.5  0.5
  91.5  1.
  91.5  1.5
  91.5  2.
  91.5  2.5
  91.5  3.
  91.5  3.5
  91.5  4.
  91.5  4.5
  91.5  5.
  91.5  6.
  91.5  6.5
  91.5  7.
  91.5  7.5
  91.5  8.
  91.5  8.5
  91.5  9.
  91.5  9.5
  91.5  10.
  91.5  10.5
  91.5  11.
  92.  0.
  92.  0.5
  92.  1.
  92.  1.5
  92.  2.
  92.  2.5
  92.  3.
  92.  3.5
  92.  4.
  92.  4.5
  92.  5.
  92.  6.
  92.  6.5
  92.  7.
  92.  7.5
  92.  8.
  92.  8.5
  92.  9.
  92.  9.5
  92.  10.
  92.  10.5
  92.  11.
  92.5  0.
  92.5  0.5
  92.5  1.
  92.5  1.5
  92.5  2.
  92.5  2.5
  92.5  3.
  92.5  3.5
  92.5  4.
  92.5  4.5
  92.5  5.
  92.5  6.
  92.5  6.5
  92.5  7.
  92.5  7.5
  92.5  8.
  92.5  8.5
  92.5  9.
  92.5  9.5
  92.5  10.
  92.5  10.5
  92.5  11.
  93.  0.
  93.  0.5
  93.  1.
  93.  1.5
  93.  2.
  93.  2.5
  93.  3.
  93.  3.5
  93.  4.
  93.  4.5
  93.  5.
  93.  6.
  93.  6.5
  93.  7.
  93.  7.5
  93.  8.
  93.  8.5
  93.  9.
  93.  9.5
  93.  10.
  93.  10.5
  93.  11.
  93.5  0.
  93.5  0.5
  93.5  1.
  93.5  1.5
  93.5  2.
  93.5  2.5
  93.5  3.
  93.5  3.5
  93.5  4.
  93.5  4.5
  93.5  5.
  93.5  6.
  93.5  6.5
  93.5  7.
  93.5  7.5
  93.5  8.
  93.5  8.5
  93.5  9.
  93.5  9.5
  93.5  10.
  93.5  10.5
  93.5  11.
  94.  0.
  94.  0.5
  94.  1.
  94.  1.5
  94.  2.
  94.  2.5
  94.  3.
  94.  3.5
  94.  4.
  94.  4.5
  94.  5.
  94.  6.
  94.  6.5
  94.  7.
  94.  7.5
  94.  8.
  94.  8.5
  94.  9.
  94.  9.5
  94.  10.
  94.  10.5
  94.  11.
  94.5  0.
  94.5  0.5
  94.5  1.
  94.5  1.5
  94.5  2.
  94.5  2.5
  94.5  3.
  94.5  3.5
  94.5  4.
  94.5  4.5
  94.5  5.
  94.5  6.
  94.5  6.5
  94.5  7.
  94.5  7.5
  94.5  8.
  94.5  8.5
  94.5  9.
  94.5  9.5
  94.5  10.
  94.5  10.5
  94.5  11.
  95.  0.
  95.  0.5
  95.  1.
  95.  1.5
  95.  2.
  95.  2.5
  95.  3.
  95.  3.5
  95.  4.
  95.  4.5
  95.  5.
  95.  6.
  95.  6.5
  95.  7.
  95.  7.5
  95.  8.
  95.  8.5
  95.  9.
  95.  9.5
  95.  10.
  95.  10.5
  95.  11.
  95.5  0.
  95.5  0.5
  95.5  1.
  95.5  1.5
  95.5  2.
  95.5  2.5
  95.5  3.
  95.5  3.5
  95.5  4.
  95.5  4.5
  95.5  5.
  95.5  6.
  95.5  6.5
  95.5  7.
  95.5  7.5
  95.5  8.
  95.5  8.5
  95.5  9.
  95.5  9.5
  95.5  10.
  95.5  10.5
  95.5  11.
  96.  0.
  96.  0.5
  96.  1.
  96.  1.5
  96.  2.
  96.  2.5
  96.  3.
  96.  3.5
  96.  4.
  96.  4.5
  96.  5.
  96.  6.
  96.  6.5
  96.  7.
  96.  7.5
  96.  8.
  96.  8.5
  96.  9.
  96.  9.5
  96.  10.
  96.  10.5
  96.  11.
  96.5  0.
  96.5  0.5
  96.5  1.
  96.5  1.5
  96.5  2.
  96.5  2.5
  96.5  3.
  96.5  3.5
  96.5  4.
  96.5  4.5
  96.5  5.
  96.5  6.
  96.5  6.5
  96.5  7.
  96.5  7.5
  96.5  8.
  96.5  8.5
  96.5  9.
  96.5  9.5
  96.5  10.
  96.5  10.5
  96.5  11.
  97.  0.
  97.  0.5
  97.  1.
  97.  1.5
  97.  2.
  97.  2.5
  97.  3.
  97.  3.5
  97.  4.
  97.  4.5
  97.  5.
  97.  6.
  97.  6.5
  97.  7.
  97.  7.5
  97.  8.
  97.  8.5
  97.  9.
  97.  9.5
  97.  10.
  97.  10.5
  97.  11.
  97.5  0.
  97.5  0.5
  97.5  1.
  97.5  1.5
  97.5  2.
  97.5  2.5
  97.5  3.
  97.5  3.5
  97.5  4.
  97.5  4.5
  97.5  5.
  97.5  6.
  97.5  6.5
  97.5  7.
  97.5  7.5
  97.5  8.
  97.5  8.5
  97.5  9.
  97.5  9.5
  97.5  10.
  97.5  10.5
  97.5  11.
  98.  0.
  98.  0.5
  98.  1.
  98.  1.5
  98.  2.
  98.  2.5
  98.  3.
  98.  3.5
  98.  4.
  98.  4.5
  98.  5.
  98.  6.
  98.  6.5
  98.  7.
  98.  7.5
  98.  8.
  98.  8.5
  98.  9.
  98.  9.5
  98.  10.
  98.  10.5
  98.  11.
  98.5  0.
  98.5  0.5
  98.5  1.
  98.5  1.5
  98.5  2.
  98.5  2.5
  98.5  3.
  98.5  3.5
  98.5  4.
  98.5  4.5
  98.5  5.
  98.5  6.
  98.5  6.5
  98.5  7.
  98.5  7.5
  98.5  8.
  98.5  8.5
  98.5  9.
  98.5  9.5
  98.5  10.
  98.5  10.5
  98.5  11.
  99.  0.
  99.  0.5
  99.  1.
  99.  1.5
  99.  2.
  99.  2.5
  99.  3.
  99.  3.5
  99.  4.
  99.  4.5
  99.  5.
  99.  6.
  99.  6.5
  99.  7.
  99.  7.5
  99.  8.
  99.  8.5
  99.  9.
  99.  9.5
  99.  10.
  99.  10.5
  99.  11.
  99.5  0.
  99.5  0.5
  99.5  1.
  99.5  1.5
  99.5  2.
  99.5  2.5
  99.5  3.
  99.5  3.5
  99.5  4.
  99.5  4.5
  99.5  5.
  99.5  6.
  99.5  6.5
  99.5  7.
  99.5  7.5
  99.5  8.
  99.5  8.5
  99.5  9.
  99.5  9.5
  99.5  10.
  99.5  10.5
  99.5  11.
  100.  0.
  100.  0.5
  100.  1.
  100.  1.5
  100.  2.
  100.  2.5
  100.  3.
  100.  3.5
  100.  4.
  100.  4.5
  100.  5.
  100.  6.
  100.  6.5
  100.  7.
  100.  7.5
  100.  8.
  100.  8.5
  100.  9.
  100.  9.5
  100.  10.
  100.  10.5
  100.  11.
  100.5  0.
  100.5  0.5
  100.5  1.
  100.5  1.5
  100.5  2.
  100.5  2.5
  100.5  3.
  100.5  3.5
  100.5  4.
  100.5  4.5
  100.5  5.
  100.5  6.
  100.5  6.5
  100.5  7.
  100.5  7.5
  100.5  8.
  100.5  8.5
  100.5  9.
  100.5  9.5
  100.5  10.
  100.5  10.5
  100.5  11.
  101.  0.
  101.  0.5
  101.  1.
  101.  1.5
  101.  2.
  101.  2.5
  101.  3.
  101.  3.5
  101.  4.
  101.  4.5
  101.  5.
  101.  6.
  101.  6.5
  101.  7.
  101.  7.5
  101.  8.
  101.  8.5
  101.  9.
  101.  9.5
  101.  10.
  101.  10.5
  101.  11.
  101.5  0.
  101.5  0.5
  101.5  1.
  101.5  1.5
  101.5  2.
  101.5  2.5
  101.5  3.
  101.5  3.5
  101.5  4.
  101.5  4.5
  101.5  5.
  101.5  6.
  101.5  6.5
  101.5  7.
  101.5  7.5
  101.5  8.
  101.5  8.5
  101.5  9.
  101.5  9.5
  101.5  10.
  101.5  10.5
  101.5  11.
  102.  0.
  102.  0.5
  102.  1.
  102.  1.5
  102.  2.
  102.  2.5
  102.  3.
  102.  3.5
  102.  4.
  102.  4.5
  102.  5.
  102.  6.
  102.  6.5
  102.  7.
  102.  7.5
  102.  8.
  102.  8.5
  102.  9.
  102.  9.5
  102.  10.
  102.  10.5
  102.  11.
  102.5  0.
  102.5  0.5
  102.5  1.
  102.5  1.5
  102.5  2.
  102.5  2.5
  102.5  3.
  102.5  3.5
  102.5  4.
  102.5  4.5
  102.5  5.
  102.5  6.
  102.5  6.5
  102.5  7.
  102.5  7.5
  102.5  8.
  102.5  8.5
  102.5  9.
  102.5  9.5
  102.5  10.
  102.5  10.5
  102.5  11.
  103.  0.
  103.  0.5
  103.  1.
  103.  1.5
  103.  2.
  103.  2.5
  103.  3.
  103.  3.5
  103.  4.
  103.  4.5
  103.  5.
  103.  6.
  103.  6.5
  103.  7.
  103.  7.5
  103.  8.
  103.  8.5
  103.  9.
  103.  9.5
  103.  10.
  103.  10.5
  103.  11.
  103.5  0.
  103.5  0.5
  103.5  1.
  103.5  1.5
  103.5  2.
  103.5  2.5
  103.5  3.
  103.5  3.5
  103.5  4.
  103.5  4.5
  103.5  5.
  103.5  6.
  103.5  6.5
  103.5  7.
  103.5  7.5
  103.5  8.
  103.5  8.5
  103.5  9.
  103.5  9.5
  103.5  10.
  103.5  10.5
  103.5  11.
  104.  0.
  104.  0.5
  104.  1.
  104.  1.5
  104.  2.
  104.  2.5
  104.  3.
  104.  3.5
  104.  4.
  104.  4.5
  104.  5.
  104.  6.
  104.  6.5
  104.  7.
  104.  7.5
  104.  8.
  104.  8.5
  104.  9.
  104.  9.5
  104.  10.
  104.  10.5
  104.  11.
  104.5  0.
  104.5  0.5
  104.5  1.
  104.5  1.5
  104.5  2.
  104.5  2.5
  104.5  3.
  104.5  3.5
  104.5  4.
  104.5  4.5
  104.5  5.
  104.5  6.
  104.5  6.5
  104.5  7.
  104.5  7.5
  104.5  8.
  104.5  8.5
  104.5  9.
  104.5  9.5
  104.5  10.
  104.5  10.5
  104.5  11.
  105.  0.
  105.  0.5
  105.  1.
  105.  1.5
  105.  2.
  105.  2.5
  105.  3.
  105.  3.5
  105.  4.
  105.  4.5
  105.  5.
  105.  6.
  105.  6.5
  105.  7.
  105.  7.5
  105.  8.
  105.  8.5
  105.  9.
  105.  9.5
  105.  10.
  105.  10.5
  105.  11.
