#  p3.txt
#  created by TABLE_IO.F90
#  at April 27 2004  11:28:52.770 AM
#
#  This is just some dummy pressure data:
#
#    P(I) = sqrt ( ( X(I) - 52.5 )**2 + ( Y(I) - 5.5 )**2 )
#
#  which I set up so I can test the contour plotting routine.
#
#  Spatial dimension M =   1
#  Number of points N =   1272
#
   52.7873    
   52.6925    
   52.6165    
   52.5595    
   52.5214    
   52.5024    
   52.5024    
   52.5214    
   52.5595    
   52.6165    
   52.6925    
   52.7873    
   51.7929    
   51.6962    
   51.6188    
   51.5606    
   51.5218    
   51.5024    
   51.5024    
   51.5218    
   51.5606    
   51.6188    
   51.6962    
   51.7929    
   50.7986    
   50.7001    
   50.6211    
   50.5618    
   50.5223    
   50.5025    
   50.5025    
   50.5223    
   50.5618    
   50.6211    
   50.7001    
   50.7986    
   49.8046    
   49.7041    
   49.6236    
   49.5631    
   49.5227    
   49.5025    
   49.5025    
   49.5227    
   49.5631    
   49.6236    
   49.7041    
   49.8046    
   48.8109    
   48.7083    
   48.6261    
   48.5644    
   48.5232    
   48.5026    
   48.5026    
   48.5232    
   48.5644    
   48.6261    
   48.7083    
   48.8109    
   47.8174    
   47.7127    
   47.6288    
   47.5657    
   47.5237    
   47.5026    
   47.5026    
   47.5237    
   47.5657    
   47.6288    
   47.7127    
   47.8174    
   46.8241    
   46.7172    
   46.6315    
   46.5672    
   46.5242    
   46.5027    
   46.5027    
   46.5242    
   46.5672    
   46.6315    
   46.7172    
   46.8241    
   45.8312    
   45.7220    
   45.6344    
   45.5686    
   45.5247    
   45.5027    
   45.5027    
   45.5247    
   45.5686    
   45.6344    
   45.7220    
   45.8312    
   44.8386    
   44.7269    
   44.6374    
   44.5702    
   44.5253    
   44.5028    
   44.5028    
   44.5253    
   44.5702    
   44.6374    
   44.7269    
   44.8386    
   43.8463    
   43.7321    
   43.6406    
   43.5718    
   43.5259    
   43.5029    
   43.5029    
   43.5259    
   43.5718    
   43.6406    
   43.7321    
   43.8463    
   42.8544    
   42.7376    
   42.6439    
   42.5735    
   42.5265    
   42.5029    
   42.5029    
   42.5265    
   42.5735    
   42.6439    
   42.7376    
   42.8544    
   41.8629    
   41.7433    
   41.6473    
   41.5752    
   41.5271    
   41.5030    
   41.5030    
   41.5271    
   41.5752    
   41.6473    
   41.7433    
   41.8629    
   40.8717    
   40.7492    
   40.6510    
   40.5771    
   40.5278    
   40.5031    
   40.5031    
   40.5278    
   40.5771    
   40.6510    
   40.7492    
   40.8717    
   39.8811    
   39.7555    
   39.6548    
   39.5790    
   39.5285    
   39.5032    
   39.5032    
   39.5285    
   39.5790    
   39.6548    
   39.7555    
   39.8811    
   38.8909    
   38.7621    
   38.6588    
   38.5811    
   38.5292    
   38.5032    
   38.5032    
   38.5292    
   38.5811    
   38.6588    
   38.7621    
   38.8909    
   37.9012    
   37.7690    
   37.6630    
   37.5832    
   37.5300    
   37.5033    
   37.5033    
   37.5300    
   37.5832    
   37.6630    
   37.7690    
   37.9012    
   36.9121    
   36.7764    
   36.6674    
   36.5855    
   36.5308    
   36.5034    
   36.5034    
   36.5308    
   36.5855    
   36.6674    
   36.7764    
   36.9121    
   35.9235    
   35.7841    
   35.6721    
   35.5879    
   35.5317    
   35.5035    
   35.5035    
   35.5317    
   35.5879    
   35.6721    
   35.7841    
   35.9235    
   34.9357    
   34.7922    
   34.6771    
   34.5905    
   34.5326    
   34.5036    
   34.5036    
   34.5326    
   34.5905    
   34.6771    
   34.7922    
   34.9357    
   33.9485    
   33.8009    
   33.6823    
   33.5932    
   33.5336    
   33.5037    
   33.5037    
   33.5336    
   33.5932    
   33.6823    
   33.8009    
   33.9485    
   32.9621    
   32.8101    
   32.6879    
   32.5960    
   32.5346    
   32.5038    
   32.5038    
   32.5346    
   32.5960    
   32.6879    
   32.8101    
   32.9621    
   31.9766    
   31.8198    
   31.6938    
   31.5991    
   31.5357    
   31.5040    
   31.5040    
   31.5357    
   31.5991    
   31.6938    
   31.8198    
   31.9766    
   30.9919    
   30.8302    
   30.7002    
   30.6023    
   30.5369    
   30.5041    
   30.5041    
   30.5369    
   30.6023    
   30.7002    
   30.8302    
   30.9919    
   30.0083    
   29.8412    
   29.7069    
   29.6057    
   29.5381    
   29.5042    
   29.5042    
   29.5381    
   29.6057    
   29.7069    
   29.8412    
   30.0083    
   29.0259    
   28.8531    
   28.7141    
   28.6094    
   28.5394    
   28.5044    
   28.5044    
   28.5394    
   28.6094    
   28.7141    
   28.8531    
   29.0259    
   28.0446    
   27.8657    
   27.7218    
   27.6134    
   27.5409    
   27.5045    
   27.5045    
   27.5409    
   27.6134    
   27.7218    
   27.8657    
   28.0446    
   27.0647    
   26.8794    
   26.7301    
   26.6177    
   26.5424    
   26.5047    
   26.5047    
   26.5424    
   26.6177    
   26.7301    
   26.8794    
   27.0647    
   26.0864    
   25.8940    
   25.7391    
   25.6223    
   25.5441    
   25.5049    
   25.5049    
   25.5441    
   25.6223    
   25.7391    
   25.8940    
   26.0864    
   25.1098    
   24.9098    
   24.7487    
   24.6272    
   24.5459    
   24.5051    
   24.5051    
   24.5459    
   24.6272    
   24.7487    
   24.9098    
   25.1098    
   24.1350    
   23.9270    
   23.7592    
   23.6326    
   23.5478    
   23.5053    
   23.5053    
   23.5478    
   23.6326    
   23.7592    
   23.9270    
   24.1350    
   23.1625    
   22.9456    
   22.7706    
   22.6385    
   22.5499    
   22.5056    
   22.5056    
   22.5499    
   22.6385    
   22.7706    
   22.9456    
   23.1625    
   22.1923    
   21.9659    
   21.7830    
   21.6449    
   21.5523    
   21.5058    
   21.5058    
   21.5523    
   21.6449    
   21.7830    
   21.9659    
   22.1923    
   21.2250    
   20.9881    
   20.7966    
   20.6519    
   20.5548    
   20.5061    
   20.5061    
   20.5548    
   20.6519    
   20.7966    
   20.9881    
   21.2250    
   20.2608    
   20.0125    
   19.8116    
   19.6596    
   19.5576    
   19.5064    
   19.5064    
   19.5576    
   19.6596    
   19.8116    
   20.0125    
   20.2608    
   19.3003    
   19.0394    
   18.8282    
   18.6682    
   18.5607    
   18.5068    
   18.5068    
   18.5607    
   18.6682    
   18.8282    
   19.0394    
   19.3003    
   18.3439    
   18.0693    
   17.8466    
   17.6777    
   17.5642    
   17.5071    
   17.5071    
   17.5642    
   17.6777    
   17.8466    
   18.0693    
   18.3439    
   17.3925    
   17.1026    
   16.8671    
   16.6883    
   16.5680    
   16.5076    
   16.5076    
   16.5680    
   16.6883    
   16.8671    
   17.1026    
   17.3925    
   16.4469    
   16.1400    
   15.8902    
   15.7003    
   15.5724    
   15.5081    
   15.5081    
   15.5724    
   15.7003    
   15.8902    
   16.1400    
   16.4469    
   15.5081    
   15.1822    
   14.9164    
   14.7139    
   14.5774    
   14.5086    
   14.5086    
   14.5774    
   14.7139    
   14.9164    
   15.1822    
   15.5081    
   14.5774    
   14.2302    
   13.9463    
   13.7295    
   13.5831    
   13.5093    
   13.5093    
   13.5831    
   13.7295    
   13.9463    
   14.2302    
   14.5774    
   13.6565    
   13.2853    
   12.9808    
   12.7475    
   12.5897    
   12.5100    
   12.5100    
   12.5897    
   12.7475    
   12.9808    
   13.2853    
   13.6565    
   12.7475    
   12.3491    
   12.0208    
   11.7686    
   11.5974    
   11.5109    
   11.5109    
   11.5974    
   11.7686    
   12.0208    
   12.3491    
   12.7475    
   11.8533    
   11.4237    
   11.0680    
   10.7935    
   10.6066    
   10.5119    
   10.5119    
   10.6066    
   10.7935    
   11.0680    
   11.4237    
   11.8533    
   10.9772    
   10.5119    
   10.1242    
   9.82344    
   9.61769    
   9.51315    
   9.51315    
   9.61769    
   9.82344    
   10.1242    
   10.5119    
   10.9772    
   10.1242    
   9.61769    
   9.19239    
   8.86002    
   8.63134    
   8.51469    
   8.51469    
   8.63134    
   8.86002    
   9.19239    
   9.61769    
   10.1242    
   9.30054    
   8.74643    
   8.27647    
   7.90569    
   7.64853    
   7.51665    
   7.51665    
   7.64853    
   7.90569    
   8.27647    
   8.74643    
   9.30054    
   8.51469    
   7.90569    
   7.38241    
   6.96419    
   6.67083    
   6.51920    
   6.51920    
   6.67083    
   6.96419    
   7.38241    
   7.90569    
   8.51469    
   7.77817    
   7.10634    
   6.51920    
   6.04152    
   5.70088    
   5.52268    
   5.52268    
   5.70088    
   6.04152    
   6.51920    
   7.10634    
   7.77817    
   7.10634    
   6.36396    
   5.70088    
   5.14782    
   4.74342    
   4.52769    
   4.52769    
   4.74342    
   5.14782    
   5.70088    
   6.36396    
   7.10634    
   6.51920    
   5.70088    
   4.94975    
   4.30116    
   3.80789    
   3.53553    
   3.53553    
   3.80789    
   4.30116    
   4.94975    
   5.70088    
   6.51920    
   6.04152    
   5.14782    
   4.30116    
   3.53553    
   2.91548    
   2.54951    
   2.54951    
   2.91548    
   3.53553    
   4.30116    
   5.14782    
   6.04152    
   5.70088    
   4.74342    
   3.80789    
   2.91548    
   2.12132    
   1.58114    
   1.58114    
   2.12132    
   2.91548    
   3.80789    
   4.74342    
   5.70088    
   5.52268    
   4.52769    
   3.53553    
   2.54951    
   1.58114    
  0.707107    
  0.707107    
   1.58114    
   2.54951    
   3.53553    
   4.52769    
   5.52268    
   5.52268    
   4.52769    
   3.53553    
   2.54951    
   1.58114    
  0.707107    
  0.707107    
   1.58114    
   2.54951    
   3.53553    
   4.52769    
   5.52268    
   5.70088    
   4.74342    
   3.80789    
   2.91548    
   2.12132    
   1.58114    
   1.58114    
   2.12132    
   2.91548    
   3.80789    
   4.74342    
   5.70088    
   6.04152    
   5.14782    
   4.30116    
   3.53553    
   2.91548    
   2.54951    
   2.54951    
   2.91548    
   3.53553    
   4.30116    
   5.14782    
   6.04152    
   6.51920    
   5.70088    
   4.94975    
   4.30116    
   3.80789    
   3.53553    
   3.53553    
   3.80789    
   4.30116    
   4.94975    
   5.70088    
   6.51920    
   7.10634    
   6.36396    
   5.70088    
   5.14782    
   4.74342    
   4.52769    
   4.52769    
   4.74342    
   5.14782    
   5.70088    
   6.36396    
   7.10634    
   7.77817    
   7.10634    
   6.51920    
   6.04152    
   5.70088    
   5.52268    
   5.52268    
   5.70088    
   6.04152    
   6.51920    
   7.10634    
   7.77817    
   8.51469    
   7.90569    
   7.38241    
   6.96419    
   6.67083    
   6.51920    
   6.51920    
   6.67083    
   6.96419    
   7.38241    
   7.90569    
   8.51469    
   9.30054    
   8.74643    
   8.27647    
   7.90569    
   7.64853    
   7.51665    
   7.51665    
   7.64853    
   7.90569    
   8.27647    
   8.74643    
   9.30054    
   10.1242    
   9.61769    
   9.19239    
   8.86002    
   8.63134    
   8.51469    
   8.51469    
   8.63134    
   8.86002    
   9.19239    
   9.61769    
   10.1242    
   10.9772    
   10.5119    
   10.1242    
   9.82344    
   9.61769    
   9.51315    
   9.51315    
   9.61769    
   9.82344    
   10.1242    
   10.5119    
   10.9772    
   11.8533    
   11.4237    
   11.0680    
   10.7935    
   10.6066    
   10.5119    
   10.5119    
   10.6066    
   10.7935    
   11.0680    
   11.4237    
   11.8533    
   12.7475    
   12.3491    
   12.0208    
   11.7686    
   11.5974    
   11.5109    
   11.5109    
   11.5974    
   11.7686    
   12.0208    
   12.3491    
   12.7475    
   13.6565    
   13.2853    
   12.9808    
   12.7475    
   12.5897    
   12.5100    
   12.5100    
   12.5897    
   12.7475    
   12.9808    
   13.2853    
   13.6565    
   14.5774    
   14.2302    
   13.9463    
   13.7295    
   13.5831    
   13.5093    
   13.5093    
   13.5831    
   13.7295    
   13.9463    
   14.2302    
   14.5774    
   15.5081    
   15.1822    
   14.9164    
   14.7139    
   14.5774    
   14.5086    
   14.5086    
   14.5774    
   14.7139    
   14.9164    
   15.1822    
   15.5081    
   16.4469    
   16.1400    
   15.8902    
   15.7003    
   15.5724    
   15.5081    
   15.5081    
   15.5724    
   15.7003    
   15.8902    
   16.1400    
   16.4469    
   17.3925    
   17.1026    
   16.8671    
   16.6883    
   16.5680    
   16.5076    
   16.5076    
   16.5680    
   16.6883    
   16.8671    
   17.1026    
   17.3925    
   18.3439    
   18.0693    
   17.8466    
   17.6777    
   17.5642    
   17.5071    
   17.5071    
   17.5642    
   17.6777    
   17.8466    
   18.0693    
   18.3439    
   19.3003    
   19.0394    
   18.8282    
   18.6682    
   18.5607    
   18.5068    
   18.5068    
   18.5607    
   18.6682    
   18.8282    
   19.0394    
   19.3003    
   20.2608    
   20.0125    
   19.8116    
   19.6596    
   19.5576    
   19.5064    
   19.5064    
   19.5576    
   19.6596    
   19.8116    
   20.0125    
   20.2608    
   21.2250    
   20.9881    
   20.7966    
   20.6519    
   20.5548    
   20.5061    
   20.5061    
   20.5548    
   20.6519    
   20.7966    
   20.9881    
   21.2250    
   22.1923    
   21.9659    
   21.7830    
   21.6449    
   21.5523    
   21.5058    
   21.5058    
   21.5523    
   21.6449    
   21.7830    
   21.9659    
   22.1923    
   23.1625    
   22.9456    
   22.7706    
   22.6385    
   22.5499    
   22.5056    
   22.5056    
   22.5499    
   22.6385    
   22.7706    
   22.9456    
   23.1625    
   24.1350    
   23.9270    
   23.7592    
   23.6326    
   23.5478    
   23.5053    
   23.5053    
   23.5478    
   23.6326    
   23.7592    
   23.9270    
   24.1350    
   25.1098    
   24.9098    
   24.7487    
   24.6272    
   24.5459    
   24.5051    
   24.5051    
   24.5459    
   24.6272    
   24.7487    
   24.9098    
   25.1098    
   26.0864    
   25.8940    
   25.7391    
   25.6223    
   25.5441    
   25.5049    
   25.5049    
   25.5441    
   25.6223    
   25.7391    
   25.8940    
   26.0864    
   27.0647    
   26.8794    
   26.7301    
   26.6177    
   26.5424    
   26.5047    
   26.5047    
   26.5424    
   26.6177    
   26.7301    
   26.8794    
   27.0647    
   28.0446    
   27.8657    
   27.7218    
   27.6134    
   27.5409    
   27.5045    
   27.5045    
   27.5409    
   27.6134    
   27.7218    
   27.8657    
   28.0446    
   29.0259    
   28.8531    
   28.7141    
   28.6094    
   28.5394    
   28.5044    
   28.5044    
   28.5394    
   28.6094    
   28.7141    
   28.8531    
   29.0259    
   30.0083    
   29.8412    
   29.7069    
   29.6057    
   29.5381    
   29.5042    
   29.5042    
   29.5381    
   29.6057    
   29.7069    
   29.8412    
   30.0083    
   30.9919    
   30.8302    
   30.7002    
   30.6023    
   30.5369    
   30.5041    
   30.5041    
   30.5369    
   30.6023    
   30.7002    
   30.8302    
   30.9919    
   31.9766    
   31.8198    
   31.6938    
   31.5991    
   31.5357    
   31.5040    
   31.5040    
   31.5357    
   31.5991    
   31.6938    
   31.8198    
   31.9766    
   32.9621    
   32.8101    
   32.6879    
   32.5960    
   32.5346    
   32.5038    
   32.5038    
   32.5346    
   32.5960    
   32.6879    
   32.8101    
   32.9621    
   33.9485    
   33.8009    
   33.6823    
   33.5932    
   33.5336    
   33.5037    
   33.5037    
   33.5336    
   33.5932    
   33.6823    
   33.8009    
   33.9485    
   34.9357    
   34.7922    
   34.6771    
   34.5905    
   34.5326    
   34.5036    
   34.5036    
   34.5326    
   34.5905    
   34.6771    
   34.7922    
   34.9357    
   35.9235    
   35.7841    
   35.6721    
   35.5879    
   35.5317    
   35.5035    
   35.5035    
   35.5317    
   35.5879    
   35.6721    
   35.7841    
   35.9235    
   36.9121    
   36.7764    
   36.6674    
   36.5855    
   36.5308    
   36.5034    
   36.5034    
   36.5308    
   36.5855    
   36.6674    
   36.7764    
   36.9121    
   37.9012    
   37.7690    
   37.6630    
   37.5832    
   37.5300    
   37.5033    
   37.5033    
   37.5300    
   37.5832    
   37.6630    
   37.7690    
   37.9012    
   38.8909    
   38.7621    
   38.6588    
   38.5811    
   38.5292    
   38.5032    
   38.5032    
   38.5292    
   38.5811    
   38.6588    
   38.7621    
   38.8909    
   39.8811    
   39.7555    
   39.6548    
   39.5790    
   39.5285    
   39.5032    
   39.5032    
   39.5285    
   39.5790    
   39.6548    
   39.7555    
   39.8811    
   40.8717    
   40.7492    
   40.6510    
   40.5771    
   40.5278    
   40.5031    
   40.5031    
   40.5278    
   40.5771    
   40.6510    
   40.7492    
   40.8717    
   41.8629    
   41.7433    
   41.6473    
   41.5752    
   41.5271    
   41.5030    
   41.5030    
   41.5271    
   41.5752    
   41.6473    
   41.7433    
   41.8629    
   42.8544    
   42.7376    
   42.6439    
   42.5735    
   42.5265    
   42.5029    
   42.5029    
   42.5265    
   42.5735    
   42.6439    
   42.7376    
   42.8544    
   43.8463    
   43.7321    
   43.6406    
   43.5718    
   43.5259    
   43.5029    
   43.5029    
   43.5259    
   43.5718    
   43.6406    
   43.7321    
   43.8463    
   44.8386    
   44.7269    
   44.6374    
   44.5702    
   44.5253    
   44.5028    
   44.5028    
   44.5253    
   44.5702    
   44.6374    
   44.7269    
   44.8386    
   45.8312    
   45.7220    
   45.6344    
   45.5686    
   45.5247    
   45.5027    
   45.5027    
   45.5247    
   45.5686    
   45.6344    
   45.7220    
   45.8312    
   46.8241    
   46.7172    
   46.6315    
   46.5672    
   46.5242    
   46.5027    
   46.5027    
   46.5242    
   46.5672    
   46.6315    
   46.7172    
   46.8241    
   47.8174    
   47.7127    
   47.6288    
   47.5657    
   47.5237    
   47.5026    
   47.5026    
   47.5237    
   47.5657    
   47.6288    
   47.7127    
   47.8174    
   48.8109    
   48.7083    
   48.6261    
   48.5644    
   48.5232    
   48.5026    
   48.5026    
   48.5232    
   48.5644    
   48.6261    
   48.7083    
   48.8109    
   49.8046    
   49.7041    
   49.6236    
   49.5631    
   49.5227    
   49.5025    
   49.5025    
   49.5227    
   49.5631    
   49.6236    
   49.7041    
   49.8046    
   50.7986    
   50.7001    
   50.6211    
   50.5618    
   50.5223    
   50.5025    
   50.5025    
   50.5223    
   50.5618    
   50.6211    
   50.7001    
   50.7986    
   51.7929    
   51.6962    
   51.6188    
   51.5606    
   51.5218    
   51.5024    
   51.5024    
   51.5218    
   51.5606    
   51.6188    
   51.6962    
   51.7929    
   52.7873    
   52.6925    
   52.6165    
   52.5595    
   52.5214    
   52.5024    
   52.5024    
   52.5214    
   52.5595    
   52.6165    
   52.6925    
   52.7873    
