 1 45 3 23 24 2
 47 3 45 25 24 46
 3 47 5 25 26 4
 49 5 47 27 26 48
 5 49 7 27 28 6
 51 7 49 29 28 50
 7 51 9 29 30 8
 53 9 51 31 30 52
 9 53 11 31 32 10
 55 11 53 33 32 54
 12 56 14 34 35 13
 58 14 56 36 35 57
 14 58 16 36 37 15
 60 16 58 38 37 59
 16 60 18 38 39 17
 62 18 60 40 39 61
 18 62 20 40 41 19
 64 20 62 42 41 63
 20 64 22 42 43 21
 66 22 64 44 43 65
 45 89 47 67 68 46
 91 47 89 69 68 90
 47 91 49 69 70 48
 93 49 91 71 70 92
 49 93 51 71 72 50
 95 51 93 73 72 94
 51 95 53 73 74 52
 97 53 95 75 74 96
 53 97 55 75 76 54
 99 55 97 77 76 98
 56 100 58 78 79 57
 102 58 100 80 79 101
 58 102 60 80 81 59
 104 60 102 82 81 103
 60 104 62 82 83 61
 106 62 104 84 83 105
 62 106 64 84 85 63
 108 64 106 86 85 107
 64 108 66 86 87 65
 110 66 108 88 87 109
 89 133 91 111 112 90
 135 91 133 113 112 134
 91 135 93 113 114 92
 137 93 135 115 114 136
 93 137 95 115 116 94
 139 95 137 117 116 138
 95 139 97 117 118 96
 141 97 139 119 118 140
 97 141 99 119 120 98
 143 99 141 121 120 142
 100 144 102 122 123 101
 146 102 144 124 123 145
 102 146 104 124 125 103
 148 104 146 126 125 147
 104 148 106 126 127 105
 150 106 148 128 127 149
 106 150 108 128 129 107
 152 108 150 130 129 151
 108 152 110 130 131 109
 154 110 152 132 131 153
 133 177 135 155 156 134
 179 135 177 157 156 178
 135 179 137 157 158 136
 181 137 179 159 158 180
 137 181 139 159 160 138
 183 139 181 161 160 182
 139 183 141 161 162 140
 185 141 183 163 162 184
 141 185 143 163 164 142
 187 143 185 165 164 186
 144 188 146 166 167 145
 190 146 188 168 167 189
 146 190 148 168 169 147
 192 148 190 170 169 191
 148 192 150 170 171 149
 194 150 192 172 171 193
 150 194 152 172 173 151
 196 152 194 174 173 195
 152 196 154 174 175 153
 198 154 196 176 175 197
 177 221 179 199 200 178
 223 179 221 201 200 222
 179 223 181 201 202 180
 225 181 223 203 202 224
 181 225 183 203 204 182
 227 183 225 205 204 226
 183 227 185 205 206 184
 229 185 227 207 206 228
 185 229 187 207 208 186
 231 187 229 209 208 230
 188 232 190 210 211 189
 234 190 232 212 211 233
 190 234 192 212 213 191
 236 192 234 214 213 235
 192 236 194 214 215 193
 238 194 236 216 215 237
 194 238 196 216 217 195
 240 196 238 218 217 239
 196 240 198 218 219 197
 242 198 240 220 219 241
 221 265 223 243 244 222
 267 223 265 245 244 266
 223 267 225 245 246 224
 269 225 267 247 246 268
 225 269 227 247 248 226
 271 227 269 249 248 270
 227 271 229 249 250 228
 273 229 271 251 250 272
 229 273 231 251 252 230
 275 231 273 253 252 274
 232 276 234 254 255 233
 278 234 276 256 255 277
 234 278 236 256 257 235
 280 236 278 258 257 279
 236 280 238 258 259 237
 282 238 280 260 259 281
 238 282 240 260 261 239
 284 240 282 262 261 283
 240 284 242 262 263 241
 286 242 284 264 263 285
 265 309 267 287 288 266
 311 267 309 289 288 310
 267 311 269 289 290 268
 313 269 311 291 290 312
 269 313 271 291 292 270
 315 271 313 293 292 314
 271 315 273 293 294 272
 317 273 315 295 294 316
 273 317 275 295 296 274
 319 275 317 297 296 318
 276 320 278 298 299 277
 322 278 320 300 299 321
 278 322 280 300 301 279
 324 280 322 302 301 323
 280 324 282 302 303 281
 326 282 324 304 303 325
 282 326 284 304 305 283
 328 284 326 306 305 327
 284 328 286 306 307 285
 330 286 328 308 307 329
 309 353 311 331 332 310
 355 311 353 333 332 354
 311 355 313 333 334 312
 357 313 355 335 334 356
 313 357 315 335 336 314
 359 315 357 337 336 358
 315 359 317 337 338 316
 361 317 359 339 338 360
 317 361 319 339 340 318
 363 319 361 341 340 362
 320 364 322 342 343 321
 366 322 364 344 343 365
 322 366 324 344 345 323
 368 324 366 346 345 367
 324 368 326 346 347 325
 370 326 368 348 347 369
 326 370 328 348 349 327
 372 328 370 350 349 371
 328 372 330 350 351 329
 374 330 372 352 351 373
 353 397 355 375 376 354
 399 355 397 377 376 398
 355 399 357 377 378 356
 401 357 399 379 378 400
 357 401 359 379 380 358
 403 359 401 381 380 402
 359 403 361 381 382 360
 405 361 403 383 382 404
 361 405 363 383 384 362
 407 363 405 385 384 406
 364 408 366 386 387 365
 410 366 408 388 387 409
 366 410 368 388 389 367
 412 368 410 390 389 411
 368 412 370 390 391 369
 414 370 412 392 391 413
 370 414 372 392 393 371
 416 372 414 394 393 415
 372 416 374 394 395 373
 418 374 416 396 395 417
 397 441 399 419 420 398
 443 399 441 421 420 442
 399 443 401 421 422 400
 445 401 443 423 422 444
 401 445 403 423 424 402
 447 403 445 425 424 446
 403 447 405 425 426 404
 449 405 447 427 426 448
 405 449 407 427 428 406
 451 407 449 429 428 450
 408 452 410 430 431 409
 454 410 452 432 431 453
 410 454 412 432 433 411
 456 412 454 434 433 455
 412 456 414 434 435 413
 458 414 456 436 435 457
 414 458 416 436 437 415
 460 416 458 438 437 459
 416 460 418 438 439 417
 462 418 460 440 439 461
 441 485 443 463 464 442
 487 443 485 465 464 486
 443 487 445 465 466 444
 489 445 487 467 466 488
 445 489 447 467 468 446
 491 447 489 469 468 490
 447 491 449 469 470 448
 493 449 491 471 470 492
 449 493 451 471 472 450
 495 451 493 473 472 494
 452 496 454 474 475 453
 498 454 496 476 475 497
 454 498 456 476 477 455
 500 456 498 478 477 499
 456 500 458 478 479 457
 502 458 500 480 479 501
 458 502 460 480 481 459
 504 460 502 482 481 503
 460 504 462 482 483 461
 506 462 504 484 483 505
 485 529 487 507 508 486
 531 487 529 509 508 530
 487 531 489 509 510 488
 533 489 531 511 510 532
 489 533 491 511 512 490
 535 491 533 513 512 534
 491 535 493 513 514 492
 537 493 535 515 514 536
 493 537 495 515 516 494
 539 495 537 517 516 538
 496 540 498 518 519 497
 542 498 540 520 519 541
 498 542 500 520 521 499
 544 500 542 522 521 543
 500 544 502 522 523 501
 546 502 544 524 523 545
 502 546 504 524 525 503
 548 504 546 526 525 547
 504 548 506 526 527 505
 550 506 548 528 527 549
 529 573 531 551 552 530
 575 531 573 553 552 574
 531 575 533 553 554 532
 577 533 575 555 554 576
 533 577 535 555 556 534
 579 535 577 557 556 578
 535 579 537 557 558 536
 581 537 579 559 558 580
 537 581 539 559 560 538
 583 539 581 561 560 582
 540 584 542 562 563 541
 586 542 584 564 563 585
 542 586 544 564 565 543
 588 544 586 566 565 587
 544 588 546 566 567 545
 590 546 588 568 567 589
 546 590 548 568 569 547
 592 548 590 570 569 591
 548 592 550 570 571 549
 594 550 592 572 571 593
 573 617 575 595 596 574
 619 575 617 597 596 618
 575 619 577 597 598 576
 621 577 619 599 598 620
 577 621 579 599 600 578
 623 579 621 601 600 622
 579 623 581 601 602 580
 625 581 623 603 602 624
 581 625 583 603 604 582
 627 583 625 605 604 626
 584 628 586 606 607 585
 630 586 628 608 607 629
 586 630 588 608 609 587
 632 588 630 610 609 631
 588 632 590 610 611 589
 634 590 632 612 611 633
 590 634 592 612 613 591
 636 592 634 614 613 635
 592 636 594 614 615 593
 638 594 636 616 615 637
 617 661 619 639 640 618
 663 619 661 641 640 662
 619 663 621 641 642 620
 665 621 663 643 642 664
 621 665 623 643 644 622
 667 623 665 645 644 666
 623 667 625 645 646 624
 669 625 667 647 646 668
 625 669 627 647 648 626
 671 627 669 649 648 670
 628 672 630 650 651 629
 674 630 672 652 651 673
 630 674 632 652 653 631
 676 632 674 654 653 675
 632 676 634 654 655 633
 678 634 676 656 655 677
 634 678 636 656 657 635
 680 636 678 658 657 679
 636 680 638 658 659 637
 682 638 680 660 659 681
 661 705 663 683 684 662
 707 663 705 685 684 706
 663 707 665 685 686 664
 709 665 707 687 686 708
 665 709 667 687 688 666
 711 667 709 689 688 710
 667 711 669 689 690 668
 713 669 711 691 690 712
 669 713 671 691 692 670
 715 671 713 693 692 714
 672 716 674 694 695 673
 718 674 716 696 695 717
 674 718 676 696 697 675
 720 676 718 698 697 719
 676 720 678 698 699 677
 722 678 720 700 699 721
 678 722 680 700 701 679
 724 680 722 702 701 723
 680 724 682 702 703 681
 726 682 724 704 703 725
 705 749 707 727 728 706
 751 707 749 729 728 750
 707 751 709 729 730 708
 753 709 751 731 730 752
 709 753 711 731 732 710
 755 711 753 733 732 754
 711 755 713 733 734 712
 757 713 755 735 734 756
 713 757 715 735 736 714
 759 715 757 737 736 758
 716 760 718 738 739 717
 762 718 760 740 739 761
 718 762 720 740 741 719
 764 720 762 742 741 763
 720 764 722 742 743 721
 766 722 764 744 743 765
 722 766 724 744 745 723
 768 724 766 746 745 767
 724 768 726 746 747 725
 770 726 768 748 747 769
 749 793 751 771 772 750
 795 751 793 773 772 794
 751 795 753 773 774 752
 797 753 795 775 774 796
 753 797 755 775 776 754
 799 755 797 777 776 798
 755 799 757 777 778 756
 801 757 799 779 778 800
 757 801 759 779 780 758
 803 759 801 781 780 802
 760 804 762 782 783 761
 806 762 804 784 783 805
 762 806 764 784 785 763
 808 764 806 786 785 807
 764 808 766 786 787 765
 810 766 808 788 787 809
 766 810 768 788 789 767
 812 768 810 790 789 811
 768 812 770 790 791 769
 814 770 812 792 791 813
 793 837 795 815 816 794
 839 795 837 817 816 838
 795 839 797 817 818 796
 841 797 839 819 818 840
 797 841 799 819 820 798
 843 799 841 821 820 842
 799 843 801 821 822 800
 845 801 843 823 822 844
 801 845 803 823 824 802
 847 803 845 825 824 846
 804 848 806 826 827 805
 850 806 848 828 827 849
 806 850 808 828 829 807
 852 808 850 830 829 851
 808 852 810 830 831 809
 854 810 852 832 831 853
 810 854 812 832 833 811
 856 812 854 834 833 855
 812 856 814 834 835 813
 858 814 856 836 835 857
 837 881 839 859 860 838
 883 839 881 861 860 882
 839 883 841 861 862 840
 885 841 883 863 862 884
 841 885 843 863 864 842
 887 843 885 865 864 886
 843 887 845 865 866 844
 889 845 887 867 866 888
 845 889 847 867 868 846
 891 847 889 869 868 890
 848 892 850 870 871 849
 894 850 892 872 871 893
 850 894 852 872 873 851
 896 852 894 874 873 895
 852 896 854 874 875 853
 898 854 896 876 875 897
 854 898 856 876 877 855
 900 856 898 878 877 899
 856 900 858 878 879 857
 902 858 900 880 879 901
 881 925 883 903 904 882
 927 883 925 905 904 926
 883 927 885 905 906 884
 929 885 927 907 906 928
 885 929 887 907 908 886
 931 887 929 909 908 930
 887 931 889 909 910 888
 933 889 931 911 910 932
 889 933 891 911 912 890
 935 891 933 913 912 934
 892 936 894 914 915 893
 938 894 936 916 915 937
 894 938 896 916 917 895
 940 896 938 918 917 939
 896 940 898 918 919 897
 942 898 940 920 919 941
 898 942 900 920 921 899
 944 900 942 922 921 943
 900 944 902 922 923 901
 946 902 944 924 923 945
 925 969 927 947 948 926
 971 927 969 949 948 970
 927 971 929 949 950 928
 973 929 971 951 950 972
 929 973 931 951 952 930
 975 931 973 953 952 974
 931 975 933 953 954 932
 977 933 975 955 954 976
 933 977 935 955 956 934
 979 935 977 957 956 978
 936 980 938 958 959 937
 982 938 980 960 959 981
 938 982 940 960 961 939
 984 940 982 962 961 983
 940 984 942 962 963 941
 986 942 984 964 963 985
 942 986 944 964 965 943
 988 944 986 966 965 987
 944 988 946 966 967 945
 990 946 988 968 967 989
 969 1013 971 991 992 970
 1015 971 1013 993 992 1014
 971 1015 973 993 994 972
 1017 973 1015 995 994 1016
 973 1017 975 995 996 974
 1019 975 1017 997 996 1018
 975 1019 977 997 998 976
 1021 977 1019 999 998 1020
 977 1021 979 999 1000 978
 1023 979 1021 1001 1000 1022
 980 1024 982 1002 1003 981
 1026 982 1024 1004 1003 1025
 982 1026 984 1004 1005 983
 1028 984 1026 1006 1005 1027
 984 1028 986 1006 1007 985
 1030 986 1028 1008 1007 1029
 986 1030 988 1008 1009 987
 1032 988 1030 1010 1009 1031
 988 1032 990 1010 1011 989
 1034 990 1032 1012 1011 1033
 1013 1057 1015 1035 1036 1014
 1059 1015 1057 1037 1036 1058
 1015 1059 1017 1037 1038 1016
 1061 1017 1059 1039 1038 1060
 1017 1061 1019 1039 1040 1018
 1063 1019 1061 1041 1040 1062
 1019 1063 1021 1041 1042 1020
 1065 1021 1063 1043 1042 1064
 1021 1065 1023 1043 1044 1022
 1067 1023 1065 1045 1044 1066
 1024 1068 1026 1046 1047 1025
 1070 1026 1068 1048 1047 1069
 1026 1070 1028 1048 1049 1027
 1072 1028 1070 1050 1049 1071
 1028 1072 1030 1050 1051 1029
 1074 1030 1072 1052 1051 1073
 1030 1074 1032 1052 1053 1031
 1076 1032 1074 1054 1053 1075
 1032 1076 1034 1054 1055 1033
 1078 1034 1076 1056 1055 1077
 1057 1101 1059 1079 1080 1058
 1103 1059 1101 1081 1080 1102
 1059 1103 1061 1081 1082 1060
 1105 1061 1103 1083 1082 1104
 1061 1105 1063 1083 1084 1062
 1107 1063 1105 1085 1084 1106
 1063 1107 1065 1085 1086 1064
 1109 1065 1107 1087 1086 1108
 1065 1109 1067 1087 1088 1066
 1111 1067 1109 1089 1088 1110
 1068 1112 1070 1090 1091 1069
 1114 1070 1112 1092 1091 1113
 1070 1114 1072 1092 1093 1071
 1116 1072 1114 1094 1093 1115
 1072 1116 1074 1094 1095 1073
 1118 1074 1116 1096 1095 1117
 1074 1118 1076 1096 1097 1075
 1120 1076 1118 1098 1097 1119
 1076 1120 1078 1098 1099 1077
 1122 1078 1120 1100 1099 1121
 1101 1145 1103 1123 1124 1102
 1147 1103 1145 1125 1124 1146
 1103 1147 1105 1125 1126 1104
 1149 1105 1147 1127 1126 1148
 1105 1149 1107 1127 1128 1106
 1151 1107 1149 1129 1128 1150
 1107 1151 1109 1129 1130 1108
 1153 1109 1151 1131 1130 1152
 1109 1153 1111 1131 1132 1110
 1155 1111 1153 1133 1132 1154
 1112 1156 1114 1134 1135 1113
 1158 1114 1156 1136 1135 1157
 1114 1158 1116 1136 1137 1115
 1160 1116 1158 1138 1137 1159
 1116 1160 1118 1138 1139 1117
 1162 1118 1160 1140 1139 1161
 1118 1162 1120 1140 1141 1119
 1164 1120 1162 1142 1141 1163
 1120 1164 1122 1142 1143 1121
 1166 1122 1164 1144 1143 1165
 1145 1189 1147 1167 1168 1146
 1191 1147 1189 1169 1168 1190
 1147 1191 1149 1169 1170 1148
 1193 1149 1191 1171 1170 1192
 1149 1193 1151 1171 1172 1150
 1195 1151 1193 1173 1172 1194
 1151 1195 1153 1173 1174 1152
 1197 1153 1195 1175 1174 1196
 1153 1197 1155 1175 1176 1154
 1199 1155 1197 1177 1176 1198
 1156 1200 1158 1178 1179 1157
 1202 1158 1200 1180 1179 1201
 1158 1202 1160 1180 1181 1159
 1204 1160 1202 1182 1181 1203
 1160 1204 1162 1182 1183 1161
 1206 1162 1204 1184 1183 1205
 1162 1206 1164 1184 1185 1163
 1208 1164 1206 1186 1185 1207
 1164 1208 1166 1186 1187 1165
 1210 1166 1208 1188 1187 1209
 1189 1233 1191 1211 1212 1190
 1235 1191 1233 1213 1212 1234
 1191 1235 1193 1213 1214 1192
 1237 1193 1235 1215 1214 1236
 1193 1237 1195 1215 1216 1194
 1239 1195 1237 1217 1216 1238
 1195 1239 1197 1217 1218 1196
 1241 1197 1239 1219 1218 1240
 1197 1241 1199 1219 1220 1198
 1243 1199 1241 1221 1220 1242
 1200 1244 1202 1222 1223 1201
 1246 1202 1244 1224 1223 1245
 1202 1246 1204 1224 1225 1203
 1248 1204 1246 1226 1225 1247
 1204 1248 1206 1226 1227 1205
 1250 1206 1248 1228 1227 1249
 1206 1250 1208 1228 1229 1207
 1252 1208 1250 1230 1229 1251
 1208 1252 1210 1230 1231 1209
 1254 1210 1252 1232 1231 1253
 1233 1277 1235 1255 1256 1234
 1279 1235 1277 1257 1256 1278
 1235 1279 1237 1257 1258 1236
 1281 1237 1279 1259 1258 1280
 1237 1281 1239 1259 1260 1238
 1283 1239 1281 1261 1260 1282
 1239 1283 1241 1261 1262 1240
 1285 1241 1283 1263 1262 1284
 1241 1285 1243 1263 1264 1242
 1287 1243 1285 1265 1264 1286
 1244 1288 1246 1266 1267 1245
 1290 1246 1288 1268 1267 1289
 1246 1290 1248 1268 1269 1247
 1292 1248 1290 1270 1269 1291
 1248 1292 1250 1270 1271 1249
 1294 1250 1292 1272 1271 1293
 1250 1294 1252 1272 1273 1251
 1296 1252 1294 1274 1273 1295
 1252 1296 1254 1274 1275 1253
 1298 1254 1296 1276 1275 1297
 1277 1321 1279 1299 1300 1278
 1323 1279 1321 1301 1300 1322
 1279 1323 1281 1301 1302 1280
 1325 1281 1323 1303 1302 1324
 1281 1325 1283 1303 1304 1282
 1327 1283 1325 1305 1304 1326
 1283 1327 1285 1305 1306 1284
 1329 1285 1327 1307 1306 1328
 1285 1329 1287 1307 1308 1286
 1331 1287 1329 1309 1308 1330
 1288 1332 1290 1310 1311 1289
 1334 1290 1332 1312 1311 1333
 1290 1334 1292 1312 1313 1291
 1336 1292 1334 1314 1313 1335
 1292 1336 1294 1314 1315 1293
 1338 1294 1336 1316 1315 1337
 1294 1338 1296 1316 1317 1295
 1340 1296 1338 1318 1317 1339
 1296 1340 1298 1318 1319 1297
 1342 1298 1340 1320 1319 1341
 1321 1365 1323 1343 1344 1322
 1367 1323 1365 1345 1344 1366
 1323 1367 1325 1345 1346 1324
 1369 1325 1367 1347 1346 1368
 1325 1369 1327 1347 1348 1326
 1371 1327 1369 1349 1348 1370
 1327 1371 1329 1349 1350 1328
 1373 1329 1371 1351 1350 1372
 1329 1373 1331 1351 1352 1330
 1375 1331 1373 1353 1352 1374
 1332 1376 1334 1354 1355 1333
 1378 1334 1376 1356 1355 1377
 1334 1378 1336 1356 1357 1335
 1380 1336 1378 1358 1357 1379
 1336 1380 1338 1358 1359 1337
 1382 1338 1380 1360 1359 1381
 1338 1382 1340 1360 1361 1339
 1384 1340 1382 1362 1361 1383
 1340 1384 1342 1362 1363 1341
 1386 1342 1384 1364 1363 1385
 1365 1409 1367 1387 1388 1366
 1411 1367 1409 1389 1388 1410
 1367 1411 1369 1389 1390 1368
 1413 1369 1411 1391 1390 1412
 1369 1413 1371 1391 1392 1370
 1415 1371 1413 1393 1392 1414
 1371 1415 1373 1393 1394 1372
 1417 1373 1415 1395 1394 1416
 1373 1417 1375 1395 1396 1374
 1419 1375 1417 1397 1396 1418
 1376 1420 1378 1398 1399 1377
 1422 1378 1420 1400 1399 1421
 1378 1422 1380 1400 1401 1379
 1424 1380 1422 1402 1401 1423
 1380 1424 1382 1402 1403 1381
 1426 1382 1424 1404 1403 1425
 1382 1426 1384 1404 1405 1383
 1428 1384 1426 1406 1405 1427
 1384 1428 1386 1406 1407 1385
 1430 1386 1428 1408 1407 1429
 1409 1453 1411 1431 1432 1410
 1455 1411 1453 1433 1432 1454
 1411 1455 1413 1433 1434 1412
 1457 1413 1455 1435 1434 1456
 1413 1457 1415 1435 1436 1414
 1459 1415 1457 1437 1436 1458
 1415 1459 1417 1437 1438 1416
 1461 1417 1459 1439 1438 1460
 1417 1461 1419 1439 1440 1418
 1463 1419 1461 1441 1440 1462
 1420 1464 1422 1442 1443 1421
 1466 1422 1464 1444 1443 1465
 1422 1466 1424 1444 1445 1423
 1468 1424 1466 1446 1445 1467
 1424 1468 1426 1446 1447 1425
 1470 1426 1468 1448 1447 1469
 1426 1470 1428 1448 1449 1427
 1472 1428 1470 1450 1449 1471
 1428 1472 1430 1450 1451 1429
 1474 1430 1472 1452 1451 1473
 1453 1497 1455 1475 1476 1454
 1499 1455 1497 1477 1476 1498
 1455 1499 1457 1477 1478 1456
 1501 1457 1499 1479 1478 1500
 1457 1501 1459 1479 1480 1458
 1503 1459 1501 1481 1480 1502
 1459 1503 1461 1481 1482 1460
 1505 1461 1503 1483 1482 1504
 1461 1505 1463 1483 1484 1462
 1507 1463 1505 1485 1484 1506
 1464 1508 1466 1486 1487 1465
 1510 1466 1508 1488 1487 1509
 1466 1510 1468 1488 1489 1467
 1512 1468 1510 1490 1489 1511
 1468 1512 1470 1490 1491 1469
 1514 1470 1512 1492 1491 1513
 1470 1514 1472 1492 1493 1471
 1516 1472 1514 1494 1493 1515
 1472 1516 1474 1494 1495 1473
 1518 1474 1516 1496 1495 1517
 1497 1541 1499 1519 1520 1498
 1543 1499 1541 1521 1520 1542
 1499 1543 1501 1521 1522 1500
 1545 1501 1543 1523 1522 1544
 1501 1545 1503 1523 1524 1502
 1547 1503 1545 1525 1524 1546
 1503 1547 1505 1525 1526 1504
 1549 1505 1547 1527 1526 1548
 1505 1549 1507 1527 1528 1506
 1551 1507 1549 1529 1528 1550
 1508 1552 1510 1530 1531 1509
 1554 1510 1552 1532 1531 1553
 1510 1554 1512 1532 1533 1511
 1556 1512 1554 1534 1533 1555
 1512 1556 1514 1534 1535 1513
 1558 1514 1556 1536 1535 1557
 1514 1558 1516 1536 1537 1515
 1560 1516 1558 1538 1537 1559
 1516 1560 1518 1538 1539 1517
 1562 1518 1560 1540 1539 1561
 1541 1585 1543 1563 1564 1542
 1587 1543 1585 1565 1564 1586
 1543 1587 1545 1565 1566 1544
 1589 1545 1587 1567 1566 1588
 1545 1589 1547 1567 1568 1546
 1591 1547 1589 1569 1568 1590
 1547 1591 1549 1569 1570 1548
 1593 1549 1591 1571 1570 1592
 1549 1593 1551 1571 1572 1550
 1595 1551 1593 1573 1572 1594
 1552 1596 1554 1574 1575 1553
 1598 1554 1596 1576 1575 1597
 1554 1598 1556 1576 1577 1555
 1600 1556 1598 1578 1577 1599
 1556 1600 1558 1578 1579 1557
 1602 1558 1600 1580 1579 1601
 1558 1602 1560 1580 1581 1559
 1604 1560 1602 1582 1581 1603
 1560 1604 1562 1582 1583 1561
 1606 1562 1604 1584 1583 1605
 1585 1629 1587 1607 1608 1586
 1631 1587 1629 1609 1608 1630
 1587 1631 1589 1609 1610 1588
 1633 1589 1631 1611 1610 1632
 1589 1633 1591 1611 1612 1590
 1635 1591 1633 1613 1612 1634
 1591 1635 1593 1613 1614 1592
 1637 1593 1635 1615 1614 1636
 1593 1637 1595 1615 1616 1594
 1639 1595 1637 1617 1616 1638
 1596 1640 1598 1618 1619 1597
 1642 1598 1640 1620 1619 1641
 1598 1642 1600 1620 1621 1599
 1644 1600 1642 1622 1621 1643
 1600 1644 1602 1622 1623 1601
 1646 1602 1644 1624 1623 1645
 1602 1646 1604 1624 1625 1603
 1648 1604 1646 1626 1625 1647
 1604 1648 1606 1626 1627 1605
 1650 1606 1648 1628 1627 1649
 1629 1673 1631 1651 1652 1630
 1675 1631 1673 1653 1652 1674
 1631 1675 1633 1653 1654 1632
 1677 1633 1675 1655 1654 1676
 1633 1677 1635 1655 1656 1634
 1679 1635 1677 1657 1656 1678
 1635 1679 1637 1657 1658 1636
 1681 1637 1679 1659 1658 1680
 1637 1681 1639 1659 1660 1638
 1683 1639 1681 1661 1660 1682
 1640 1684 1642 1662 1663 1641
 1686 1642 1684 1664 1663 1685
 1642 1686 1644 1664 1665 1643
 1688 1644 1686 1666 1665 1687
 1644 1688 1646 1666 1667 1645
 1690 1646 1688 1668 1667 1689
 1646 1690 1648 1668 1669 1647
 1692 1648 1690 1670 1669 1691
 1648 1692 1650 1670 1671 1649
 1694 1650 1692 1672 1671 1693
 1673 1717 1675 1695 1696 1674
 1719 1675 1717 1697 1696 1718
 1675 1719 1677 1697 1698 1676
 1721 1677 1719 1699 1698 1720
 1677 1721 1679 1699 1700 1678
 1723 1679 1721 1701 1700 1722
 1679 1723 1681 1701 1702 1680
 1725 1681 1723 1703 1702 1724
 1681 1725 1683 1703 1704 1682
 1727 1683 1725 1705 1704 1726
 1684 1728 1686 1706 1707 1685
 1730 1686 1728 1708 1707 1729
 1686 1730 1688 1708 1709 1687
 1732 1688 1730 1710 1709 1731
 1688 1732 1690 1710 1711 1689
 1734 1690 1732 1712 1711 1733
 1690 1734 1692 1712 1713 1691
 1736 1692 1734 1714 1713 1735
 1692 1736 1694 1714 1715 1693
 1738 1694 1736 1716 1715 1737
 1717 1761 1719 1739 1740 1718
 1763 1719 1761 1741 1740 1762
 1719 1763 1721 1741 1742 1720
 1765 1721 1763 1743 1742 1764
 1721 1765 1723 1743 1744 1722
 1767 1723 1765 1745 1744 1766
 1723 1767 1725 1745 1746 1724
 1769 1725 1767 1747 1746 1768
 1725 1769 1727 1747 1748 1726
 1771 1727 1769 1749 1748 1770
 1728 1772 1730 1750 1751 1729
 1774 1730 1772 1752 1751 1773
 1730 1774 1732 1752 1753 1731
 1776 1732 1774 1754 1753 1775
 1732 1776 1734 1754 1755 1733
 1778 1734 1776 1756 1755 1777
 1734 1778 1736 1756 1757 1735
 1780 1736 1778 1758 1757 1779
 1736 1780 1738 1758 1759 1737
 1782 1738 1780 1760 1759 1781
 1761 1805 1763 1783 1784 1762
 1807 1763 1805 1785 1784 1806
 1763 1807 1765 1785 1786 1764
 1809 1765 1807 1787 1786 1808
 1765 1809 1767 1787 1788 1766
 1811 1767 1809 1789 1788 1810
 1767 1811 1769 1789 1790 1768
 1813 1769 1811 1791 1790 1812
 1769 1813 1771 1791 1792 1770
 1815 1771 1813 1793 1792 1814
 1772 1816 1774 1794 1795 1773
 1818 1774 1816 1796 1795 1817
 1774 1818 1776 1796 1797 1775
 1820 1776 1818 1798 1797 1819
 1776 1820 1778 1798 1799 1777
 1822 1778 1820 1800 1799 1821
 1778 1822 1780 1800 1801 1779
 1824 1780 1822 1802 1801 1823
 1780 1824 1782 1802 1803 1781
 1826 1782 1824 1804 1803 1825
 1805 1849 1807 1827 1828 1806
 1851 1807 1849 1829 1828 1850
 1807 1851 1809 1829 1830 1808
 1853 1809 1851 1831 1830 1852
 1809 1853 1811 1831 1832 1810
 1855 1811 1853 1833 1832 1854
 1811 1855 1813 1833 1834 1812
 1857 1813 1855 1835 1834 1856
 1813 1857 1815 1835 1836 1814
 1859 1815 1857 1837 1836 1858
 1816 1860 1818 1838 1839 1817
 1862 1818 1860 1840 1839 1861
 1818 1862 1820 1840 1841 1819
 1864 1820 1862 1842 1841 1863
 1820 1864 1822 1842 1843 1821
 1866 1822 1864 1844 1843 1865
 1822 1866 1824 1844 1845 1823
 1868 1824 1866 1846 1845 1867
 1824 1868 1826 1846 1847 1825
 1870 1826 1868 1848 1847 1869
 1849 1893 1851 1871 1872 1850
 1895 1851 1893 1873 1872 1894
 1851 1895 1853 1873 1874 1852
 1897 1853 1895 1875 1874 1896
 1853 1897 1855 1875 1876 1854
 1899 1855 1897 1877 1876 1898
 1855 1899 1857 1877 1878 1856
 1901 1857 1899 1879 1878 1900
 1857 1901 1859 1879 1880 1858
 1903 1859 1901 1881 1880 1902
 1860 1904 1862 1882 1883 1861
 1906 1862 1904 1884 1883 1905
 1862 1906 1864 1884 1885 1863
 1908 1864 1906 1886 1885 1907
 1864 1908 1866 1886 1887 1865
 1910 1866 1908 1888 1887 1909
 1866 1910 1868 1888 1889 1867
 1912 1868 1910 1890 1889 1911
 1868 1912 1870 1890 1891 1869
 1914 1870 1912 1892 1891 1913
 1893 1937 1895 1915 1916 1894
 1939 1895 1937 1917 1916 1938
 1895 1939 1897 1917 1918 1896
 1941 1897 1939 1919 1918 1940
 1897 1941 1899 1919 1920 1898
 1943 1899 1941 1921 1920 1942
 1899 1943 1901 1921 1922 1900
 1945 1901 1943 1923 1922 1944
 1901 1945 1903 1923 1924 1902
 1947 1903 1945 1925 1924 1946
 1904 1948 1906 1926 1927 1905
 1950 1906 1948 1928 1927 1949
 1906 1950 1908 1928 1929 1907
 1952 1908 1950 1930 1929 1951
 1908 1952 1910 1930 1931 1909
 1954 1910 1952 1932 1931 1953
 1910 1954 1912 1932 1933 1911
 1956 1912 1954 1934 1933 1955
 1912 1956 1914 1934 1935 1913
 1958 1914 1956 1936 1935 1957
 1937 1981 1939 1959 1960 1938
 1983 1939 1981 1961 1960 1982
 1939 1983 1941 1961 1962 1940
 1985 1941 1983 1963 1962 1984
 1941 1985 1943 1963 1964 1942
 1987 1943 1985 1965 1964 1986
 1943 1987 1945 1965 1966 1944
 1989 1945 1987 1967 1966 1988
 1945 1989 1947 1967 1968 1946
 1991 1947 1989 1969 1968 1990
 1948 1993 1950 1970 1971 1949
 1995 1950 1993 1972 1971 1994
 1950 1995 1952 1972 1973 1951
 1997 1952 1995 1974 1973 1996
 1952 1997 1954 1974 1975 1953
 1999 1954 1997 1976 1975 1998
 1954 1999 1956 1976 1977 1955
 2001 1956 1999 1978 1977 2000
 1956 2001 1958 1978 1979 1957
 2003 1958 2001 1980 1979 2002
 1981 2027 1983 2004 2005 1982
 2029 1983 2027 2006 2005 2028
 1983 2029 1985 2006 2007 1984
 2031 1985 2029 2008 2007 2030
 1985 2031 1987 2008 2009 1986
 2033 1987 2031 2010 2009 2032
 1987 2033 1989 2010 2011 1988
 2035 1989 2033 2012 2011 2034
 1989 2035 1991 2012 2013 1990
 2037 1991 2035 2014 2013 2036
 1991 2037 1993 2014 2015 1992
 2039 1993 2037 2016 2015 2038
 1993 2039 1995 2016 2017 1994
 2041 1995 2039 2018 2017 2040
 1995 2041 1997 2018 2019 1996
 2043 1997 2041 2020 2019 2042
 1997 2043 1999 2020 2021 1998
 2045 1999 2043 2022 2021 2044
 1999 2045 2001 2022 2023 2000
 2047 2001 2045 2024 2023 2046
 2001 2047 2003 2024 2025 2002
 2049 2003 2047 2026 2025 2048
 2027 2073 2029 2050 2051 2028
 2075 2029 2073 2052 2051 2074
 2029 2075 2031 2052 2053 2030
 2077 2031 2075 2054 2053 2076
 2031 2077 2033 2054 2055 2032
 2079 2033 2077 2056 2055 2078
 2033 2079 2035 2056 2057 2034
 2081 2035 2079 2058 2057 2080
 2035 2081 2037 2058 2059 2036
 2083 2037 2081 2060 2059 2082
 2037 2083 2039 2060 2061 2038
 2085 2039 2083 2062 2061 2084
 2039 2085 2041 2062 2063 2040
 2087 2041 2085 2064 2063 2086
 2041 2087 2043 2064 2065 2042
 2089 2043 2087 2066 2065 2088
 2043 2089 2045 2066 2067 2044
 2091 2045 2089 2068 2067 2090
 2045 2091 2047 2068 2069 2046
 2093 2047 2091 2070 2069 2092
 2047 2093 2049 2070 2071 2048
 2095 2049 2093 2072 2071 2094
 2073 2119 2075 2096 2097 2074
 2121 2075 2119 2098 2097 2120
 2075 2121 2077 2098 2099 2076
 2123 2077 2121 2100 2099 2122
 2077 2123 2079 2100 2101 2078
 2125 2079 2123 2102 2101 2124
 2079 2125 2081 2102 2103 2080
 2127 2081 2125 2104 2103 2126
 2081 2127 2083 2104 2105 2082
 2129 2083 2127 2106 2105 2128
 2083 2129 2085 2106 2107 2084
 2131 2085 2129 2108 2107 2130
 2085 2131 2087 2108 2109 2086
 2133 2087 2131 2110 2109 2132
 2087 2133 2089 2110 2111 2088
 2135 2089 2133 2112 2111 2134
 2089 2135 2091 2112 2113 2090
 2137 2091 2135 2114 2113 2136
 2091 2137 2093 2114 2115 2092
 2139 2093 2137 2116 2115 2138
 2093 2139 2095 2116 2117 2094
 2141 2095 2139 2118 2117 2140
 2119 2165 2121 2142 2143 2120
 2167 2121 2165 2144 2143 2166
 2121 2167 2123 2144 2145 2122
 2169 2123 2167 2146 2145 2168
 2123 2169 2125 2146 2147 2124
 2171 2125 2169 2148 2147 2170
 2125 2171 2127 2148 2149 2126
 2173 2127 2171 2150 2149 2172
 2127 2173 2129 2150 2151 2128
 2175 2129 2173 2152 2151 2174
 2129 2175 2131 2152 2153 2130
 2177 2131 2175 2154 2153 2176
 2131 2177 2133 2154 2155 2132
 2179 2133 2177 2156 2155 2178
 2133 2179 2135 2156 2157 2134
 2181 2135 2179 2158 2157 2180
 2135 2181 2137 2158 2159 2136
 2183 2137 2181 2160 2159 2182
 2137 2183 2139 2160 2161 2138
 2185 2139 2183 2162 2161 2184
 2139 2185 2141 2162 2163 2140
 2187 2141 2185 2164 2163 2186
 2165 2211 2167 2188 2189 2166
 2213 2167 2211 2190 2189 2212
 2167 2213 2169 2190 2191 2168
 2215 2169 2213 2192 2191 2214
 2169 2215 2171 2192 2193 2170
 2217 2171 2215 2194 2193 2216
 2171 2217 2173 2194 2195 2172
 2219 2173 2217 2196 2195 2218
 2173 2219 2175 2196 2197 2174
 2221 2175 2219 2198 2197 2220
 2175 2221 2177 2198 2199 2176
 2223 2177 2221 2200 2199 2222
 2177 2223 2179 2200 2201 2178
 2225 2179 2223 2202 2201 2224
 2179 2225 2181 2202 2203 2180
 2227 2181 2225 2204 2203 2226
 2181 2227 2183 2204 2205 2182
 2229 2183 2227 2206 2205 2228
 2183 2229 2185 2206 2207 2184
 2231 2185 2229 2208 2207 2230
 2185 2231 2187 2208 2209 2186
 2233 2187 2231 2210 2209 2232
 2211 2257 2213 2234 2235 2212
 2259 2213 2257 2236 2235 2258
 2213 2259 2215 2236 2237 2214
 2261 2215 2259 2238 2237 2260
 2215 2261 2217 2238 2239 2216
 2263 2217 2261 2240 2239 2262
 2217 2263 2219 2240 2241 2218
 2265 2219 2263 2242 2241 2264
 2219 2265 2221 2242 2243 2220
 2267 2221 2265 2244 2243 2266
 2221 2267 2223 2244 2245 2222
 2269 2223 2267 2246 2245 2268
 2223 2269 2225 2246 2247 2224
 2271 2225 2269 2248 2247 2270
 2225 2271 2227 2248 2249 2226
 2273 2227 2271 2250 2249 2272
 2227 2273 2229 2250 2251 2228
 2275 2229 2273 2252 2251 2274
 2229 2275 2231 2252 2253 2230
 2277 2231 2275 2254 2253 2276
 2231 2277 2233 2254 2255 2232
 2279 2233 2277 2256 2255 2278
 2257 2303 2259 2280 2281 2258
 2305 2259 2303 2282 2281 2304
 2259 2305 2261 2282 2283 2260
 2307 2261 2305 2284 2283 2306
 2261 2307 2263 2284 2285 2262
 2309 2263 2307 2286 2285 2308
 2263 2309 2265 2286 2287 2264
 2311 2265 2309 2288 2287 2310
 2265 2311 2267 2288 2289 2266
 2313 2267 2311 2290 2289 2312
 2267 2313 2269 2290 2291 2268
 2315 2269 2313 2292 2291 2314
 2269 2315 2271 2292 2293 2270
 2317 2271 2315 2294 2293 2316
 2271 2317 2273 2294 2295 2272
 2319 2273 2317 2296 2295 2318
 2273 2319 2275 2296 2297 2274
 2321 2275 2319 2298 2297 2320
 2275 2321 2277 2298 2299 2276
 2323 2277 2321 2300 2299 2322
 2277 2323 2279 2300 2301 2278
 2325 2279 2323 2302 2301 2324
 2303 2349 2305 2326 2327 2304
 2351 2305 2349 2328 2327 2350
 2305 2351 2307 2328 2329 2306
 2353 2307 2351 2330 2329 2352
 2307 2353 2309 2330 2331 2308
 2355 2309 2353 2332 2331 2354
 2309 2355 2311 2332 2333 2310
 2357 2311 2355 2334 2333 2356
 2311 2357 2313 2334 2335 2312
 2359 2313 2357 2336 2335 2358
 2313 2359 2315 2336 2337 2314
 2361 2315 2359 2338 2337 2360
 2315 2361 2317 2338 2339 2316
 2363 2317 2361 2340 2339 2362
 2317 2363 2319 2340 2341 2318
 2365 2319 2363 2342 2341 2364
 2319 2365 2321 2342 2343 2320
 2367 2321 2365 2344 2343 2366
 2321 2367 2323 2344 2345 2322
 2369 2323 2367 2346 2345 2368
 2323 2369 2325 2346 2347 2324
 2371 2325 2369 2348 2347 2370
 2349 2395 2351 2372 2373 2350
 2397 2351 2395 2374 2373 2396
 2351 2397 2353 2374 2375 2352
 2399 2353 2397 2376 2375 2398
 2353 2399 2355 2376 2377 2354
 2401 2355 2399 2378 2377 2400
 2355 2401 2357 2378 2379 2356
 2403 2357 2401 2380 2379 2402
 2357 2403 2359 2380 2381 2358
 2405 2359 2403 2382 2381 2404
 2359 2405 2361 2382 2383 2360
 2407 2361 2405 2384 2383 2406
 2361 2407 2363 2384 2385 2362
 2409 2363 2407 2386 2385 2408
 2363 2409 2365 2386 2387 2364
 2411 2365 2409 2388 2387 2410
 2365 2411 2367 2388 2389 2366
 2413 2367 2411 2390 2389 2412
 2367 2413 2369 2390 2391 2368
 2415 2369 2413 2392 2391 2414
 2369 2415 2371 2392 2393 2370
 2417 2371 2415 2394 2393 2416
 2395 2441 2397 2418 2419 2396
 2443 2397 2441 2420 2419 2442
 2397 2443 2399 2420 2421 2398
 2445 2399 2443 2422 2421 2444
 2399 2445 2401 2422 2423 2400
 2447 2401 2445 2424 2423 2446
 2401 2447 2403 2424 2425 2402
 2449 2403 2447 2426 2425 2448
 2403 2449 2405 2426 2427 2404
 2451 2405 2449 2428 2427 2450
 2405 2451 2407 2428 2429 2406
 2453 2407 2451 2430 2429 2452
 2407 2453 2409 2430 2431 2408
 2455 2409 2453 2432 2431 2454
 2409 2455 2411 2432 2433 2410
 2457 2411 2455 2434 2433 2456
 2411 2457 2413 2434 2435 2412
 2459 2413 2457 2436 2435 2458
 2413 2459 2415 2436 2437 2414
 2461 2415 2459 2438 2437 2460
 2415 2461 2417 2438 2439 2416
 2463 2417 2461 2440 2439 2462
 2441 2487 2443 2464 2465 2442
 2489 2443 2487 2466 2465 2488
 2443 2489 2445 2466 2467 2444
 2491 2445 2489 2468 2467 2490
 2445 2491 2447 2468 2469 2446
 2493 2447 2491 2470 2469 2492
 2447 2493 2449 2470 2471 2448
 2495 2449 2493 2472 2471 2494
 2449 2495 2451 2472 2473 2450
 2497 2451 2495 2474 2473 2496
 2451 2497 2453 2474 2475 2452
 2499 2453 2497 2476 2475 2498
 2453 2499 2455 2476 2477 2454
 2501 2455 2499 2478 2477 2500
 2455 2501 2457 2478 2479 2456
 2503 2457 2501 2480 2479 2502
 2457 2503 2459 2480 2481 2458
 2505 2459 2503 2482 2481 2504
 2459 2505 2461 2482 2483 2460
 2507 2461 2505 2484 2483 2506
 2461 2507 2463 2484 2485 2462
 2509 2463 2507 2486 2485 2508
 2487 2533 2489 2510 2511 2488
 2535 2489 2533 2512 2511 2534
 2489 2535 2491 2512 2513 2490
 2537 2491 2535 2514 2513 2536
 2491 2537 2493 2514 2515 2492
 2539 2493 2537 2516 2515 2538
 2493 2539 2495 2516 2517 2494
 2541 2495 2539 2518 2517 2540
 2495 2541 2497 2518 2519 2496
 2543 2497 2541 2520 2519 2542
 2497 2543 2499 2520 2521 2498
 2545 2499 2543 2522 2521 2544
 2499 2545 2501 2522 2523 2500
 2547 2501 2545 2524 2523 2546
 2501 2547 2503 2524 2525 2502
 2549 2503 2547 2526 2525 2548
 2503 2549 2505 2526 2527 2504
 2551 2505 2549 2528 2527 2550
 2505 2551 2507 2528 2529 2506
 2553 2507 2551 2530 2529 2552
 2507 2553 2509 2530 2531 2508
 2555 2509 2553 2532 2531 2554
 2533 2579 2535 2556 2557 2534
 2581 2535 2579 2558 2557 2580
 2535 2581 2537 2558 2559 2536
 2583 2537 2581 2560 2559 2582
 2537 2583 2539 2560 2561 2538
 2585 2539 2583 2562 2561 2584
 2539 2585 2541 2562 2563 2540
 2587 2541 2585 2564 2563 2586
 2541 2587 2543 2564 2565 2542
 2589 2543 2587 2566 2565 2588
 2543 2589 2545 2566 2567 2544
 2591 2545 2589 2568 2567 2590
 2545 2591 2547 2568 2569 2546
 2593 2547 2591 2570 2569 2592
 2547 2593 2549 2570 2571 2548
 2595 2549 2593 2572 2571 2594
 2549 2595 2551 2572 2573 2550
 2597 2551 2595 2574 2573 2596
 2551 2597 2553 2574 2575 2552
 2599 2553 2597 2576 2575 2598
 2553 2599 2555 2576 2577 2554
 2601 2555 2599 2578 2577 2600
 2579 2625 2581 2602 2603 2580
 2627 2581 2625 2604 2603 2626
 2581 2627 2583 2604 2605 2582
 2629 2583 2627 2606 2605 2628
 2583 2629 2585 2606 2607 2584
 2631 2585 2629 2608 2607 2630
 2585 2631 2587 2608 2609 2586
 2633 2587 2631 2610 2609 2632
 2587 2633 2589 2610 2611 2588
 2635 2589 2633 2612 2611 2634
 2589 2635 2591 2612 2613 2590
 2637 2591 2635 2614 2613 2636
 2591 2637 2593 2614 2615 2592
 2639 2593 2637 2616 2615 2638
 2593 2639 2595 2616 2617 2594
 2641 2595 2639 2618 2617 2640
 2595 2641 2597 2618 2619 2596
 2643 2597 2641 2620 2619 2642
 2597 2643 2599 2620 2621 2598
 2645 2599 2643 2622 2621 2644
 2599 2645 2601 2622 2623 2600
 2647 2601 2645 2624 2623 2646
 2625 2671 2627 2648 2649 2626
 2673 2627 2671 2650 2649 2672
 2627 2673 2629 2650 2651 2628
 2675 2629 2673 2652 2651 2674
 2629 2675 2631 2652 2653 2630
 2677 2631 2675 2654 2653 2676
 2631 2677 2633 2654 2655 2632
 2679 2633 2677 2656 2655 2678
 2633 2679 2635 2656 2657 2634
 2681 2635 2679 2658 2657 2680
 2635 2681 2637 2658 2659 2636
 2683 2637 2681 2660 2659 2682
 2637 2683 2639 2660 2661 2638
 2685 2639 2683 2662 2661 2684
 2639 2685 2641 2662 2663 2640
 2687 2641 2685 2664 2663 2686
 2641 2687 2643 2664 2665 2642
 2689 2643 2687 2666 2665 2688
 2643 2689 2645 2666 2667 2644
 2691 2645 2689 2668 2667 2690
 2645 2691 2647 2668 2669 2646
 2693 2647 2691 2670 2669 2692
 2671 2716 2673 2694 2695 2672
 2718 2673 2716 2696 2695 2717
 2673 2718 2675 2696 2697 2674
 2720 2675 2718 2698 2697 2719
 2675 2720 2677 2698 2699 2676
 2722 2677 2720 2700 2699 2721
 2677 2722 2679 2700 2701 2678
 2724 2679 2722 2702 2701 2723
 2679 2724 2681 2702 2703 2680
 2726 2681 2724 2704 2703 2725
 2683 2727 2685 2705 2706 2684
 2729 2685 2727 2707 2706 2728
 2685 2729 2687 2707 2708 2686
 2731 2687 2729 2709 2708 2730
 2687 2731 2689 2709 2710 2688
 2733 2689 2731 2711 2710 2732
 2689 2733 2691 2711 2712 2690
 2735 2691 2733 2713 2712 2734
 2691 2735 2693 2713 2714 2692
 2737 2693 2735 2715 2714 2736
 2716 2760 2718 2738 2739 2717
 2762 2718 2760 2740 2739 2761
 2718 2762 2720 2740 2741 2719
 2764 2720 2762 2742 2741 2763
 2720 2764 2722 2742 2743 2721
 2766 2722 2764 2744 2743 2765
 2722 2766 2724 2744 2745 2723
 2768 2724 2766 2746 2745 2767
 2724 2768 2726 2746 2747 2725
 2770 2726 2768 2748 2747 2769
 2727 2771 2729 2749 2750 2728
 2773 2729 2771 2751 2750 2772
 2729 2773 2731 2751 2752 2730
 2775 2731 2773 2753 2752 2774
 2731 2775 2733 2753 2754 2732
 2777 2733 2775 2755 2754 2776
 2733 2777 2735 2755 2756 2734
 2779 2735 2777 2757 2756 2778
 2735 2779 2737 2757 2758 2736
 2781 2737 2779 2759 2758 2780
 2760 2804 2762 2782 2783 2761
 2806 2762 2804 2784 2783 2805
 2762 2806 2764 2784 2785 2763
 2808 2764 2806 2786 2785 2807
 2764 2808 2766 2786 2787 2765
 2810 2766 2808 2788 2787 2809
 2766 2810 2768 2788 2789 2767
 2812 2768 2810 2790 2789 2811
 2768 2812 2770 2790 2791 2769
 2814 2770 2812 2792 2791 2813
 2771 2815 2773 2793 2794 2772
 2817 2773 2815 2795 2794 2816
 2773 2817 2775 2795 2796 2774
 2819 2775 2817 2797 2796 2818
 2775 2819 2777 2797 2798 2776
 2821 2777 2819 2799 2798 2820
 2777 2821 2779 2799 2800 2778
 2823 2779 2821 2801 2800 2822
 2779 2823 2781 2801 2802 2780
 2825 2781 2823 2803 2802 2824
 2804 2848 2806 2826 2827 2805
 2850 2806 2848 2828 2827 2849
 2806 2850 2808 2828 2829 2807
 2852 2808 2850 2830 2829 2851
 2808 2852 2810 2830 2831 2809
 2854 2810 2852 2832 2831 2853
 2810 2854 2812 2832 2833 2811
 2856 2812 2854 2834 2833 2855
 2812 2856 2814 2834 2835 2813
 2858 2814 2856 2836 2835 2857
 2815 2859 2817 2837 2838 2816
 2861 2817 2859 2839 2838 2860
 2817 2861 2819 2839 2840 2818
 2863 2819 2861 2841 2840 2862
 2819 2863 2821 2841 2842 2820
 2865 2821 2863 2843 2842 2864
 2821 2865 2823 2843 2844 2822
 2867 2823 2865 2845 2844 2866
 2823 2867 2825 2845 2846 2824
 2869 2825 2867 2847 2846 2868
 2848 2892 2850 2870 2871 2849
 2894 2850 2892 2872 2871 2893
 2850 2894 2852 2872 2873 2851
 2896 2852 2894 2874 2873 2895
 2852 2896 2854 2874 2875 2853
 2898 2854 2896 2876 2875 2897
 2854 2898 2856 2876 2877 2855
 2900 2856 2898 2878 2877 2899
 2856 2900 2858 2878 2879 2857
 2902 2858 2900 2880 2879 2901
 2859 2903 2861 2881 2882 2860
 2905 2861 2903 2883 2882 2904
 2861 2905 2863 2883 2884 2862
 2907 2863 2905 2885 2884 2906
 2863 2907 2865 2885 2886 2864
 2909 2865 2907 2887 2886 2908
 2865 2909 2867 2887 2888 2866
 2911 2867 2909 2889 2888 2910
 2867 2911 2869 2889 2890 2868
 2913 2869 2911 2891 2890 2912
 2892 2936 2894 2914 2915 2893
 2938 2894 2936 2916 2915 2937
 2894 2938 2896 2916 2917 2895
 2940 2896 2938 2918 2917 2939
 2896 2940 2898 2918 2919 2897
 2942 2898 2940 2920 2919 2941
 2898 2942 2900 2920 2921 2899
 2944 2900 2942 2922 2921 2943
 2900 2944 2902 2922 2923 2901
 2946 2902 2944 2924 2923 2945
 2903 2947 2905 2925 2926 2904
 2949 2905 2947 2927 2926 2948
 2905 2949 2907 2927 2928 2906
 2951 2907 2949 2929 2928 2950
 2907 2951 2909 2929 2930 2908
 2953 2909 2951 2931 2930 2952
 2909 2953 2911 2931 2932 2910
 2955 2911 2953 2933 2932 2954
 2911 2955 2913 2933 2934 2912
 2957 2913 2955 2935 2934 2956
 2936 2980 2938 2958 2959 2937
 2982 2938 2980 2960 2959 2981
 2938 2982 2940 2960 2961 2939
 2984 2940 2982 2962 2961 2983
 2940 2984 2942 2962 2963 2941
 2986 2942 2984 2964 2963 2985
 2942 2986 2944 2964 2965 2943
 2988 2944 2986 2966 2965 2987
 2944 2988 2946 2966 2967 2945
 2990 2946 2988 2968 2967 2989
 2947 2991 2949 2969 2970 2948
 2993 2949 2991 2971 2970 2992
 2949 2993 2951 2971 2972 2950
 2995 2951 2993 2973 2972 2994
 2951 2995 2953 2973 2974 2952
 2997 2953 2995 2975 2974 2996
 2953 2997 2955 2975 2976 2954
 2999 2955 2997 2977 2976 2998
 2955 2999 2957 2977 2978 2956
 3001 2957 2999 2979 2978 3000
 2980 3024 2982 3002 3003 2981
 3026 2982 3024 3004 3003 3025
 2982 3026 2984 3004 3005 2983
 3028 2984 3026 3006 3005 3027
 2984 3028 2986 3006 3007 2985
 3030 2986 3028 3008 3007 3029
 2986 3030 2988 3008 3009 2987
 3032 2988 3030 3010 3009 3031
 2988 3032 2990 3010 3011 2989
 3034 2990 3032 3012 3011 3033
 2991 3035 2993 3013 3014 2992
 3037 2993 3035 3015 3014 3036
 2993 3037 2995 3015 3016 2994
 3039 2995 3037 3017 3016 3038
 2995 3039 2997 3017 3018 2996
 3041 2997 3039 3019 3018 3040
 2997 3041 2999 3019 3020 2998
 3043 2999 3041 3021 3020 3042
 2999 3043 3001 3021 3022 3000
 3045 3001 3043 3023 3022 3044
 3024 3068 3026 3046 3047 3025
 3070 3026 3068 3048 3047 3069
 3026 3070 3028 3048 3049 3027
 3072 3028 3070 3050 3049 3071
 3028 3072 3030 3050 3051 3029
 3074 3030 3072 3052 3051 3073
 3030 3074 3032 3052 3053 3031
 3076 3032 3074 3054 3053 3075
 3032 3076 3034 3054 3055 3033
 3078 3034 3076 3056 3055 3077
 3035 3079 3037 3057 3058 3036
 3081 3037 3079 3059 3058 3080
 3037 3081 3039 3059 3060 3038
 3083 3039 3081 3061 3060 3082
 3039 3083 3041 3061 3062 3040
 3085 3041 3083 3063 3062 3084
 3041 3085 3043 3063 3064 3042
 3087 3043 3085 3065 3064 3086
 3043 3087 3045 3065 3066 3044
 3089 3045 3087 3067 3066 3088
 3068 3112 3070 3090 3091 3069
 3114 3070 3112 3092 3091 3113
 3070 3114 3072 3092 3093 3071
 3116 3072 3114 3094 3093 3115
 3072 3116 3074 3094 3095 3073
 3118 3074 3116 3096 3095 3117
 3074 3118 3076 3096 3097 3075
 3120 3076 3118 3098 3097 3119
 3076 3120 3078 3098 3099 3077
 3122 3078 3120 3100 3099 3121
 3079 3123 3081 3101 3102 3080
 3125 3081 3123 3103 3102 3124
 3081 3125 3083 3103 3104 3082
 3127 3083 3125 3105 3104 3126
 3083 3127 3085 3105 3106 3084
 3129 3085 3127 3107 3106 3128
 3085 3129 3087 3107 3108 3086
 3131 3087 3129 3109 3108 3130
 3087 3131 3089 3109 3110 3088
 3133 3089 3131 3111 3110 3132
 3112 3156 3114 3134 3135 3113
 3158 3114 3156 3136 3135 3157
 3114 3158 3116 3136 3137 3115
 3160 3116 3158 3138 3137 3159
 3116 3160 3118 3138 3139 3117
 3162 3118 3160 3140 3139 3161
 3118 3162 3120 3140 3141 3119
 3164 3120 3162 3142 3141 3163
 3120 3164 3122 3142 3143 3121
 3166 3122 3164 3144 3143 3165
 3123 3167 3125 3145 3146 3124
 3169 3125 3167 3147 3146 3168
 3125 3169 3127 3147 3148 3126
 3171 3127 3169 3149 3148 3170
 3127 3171 3129 3149 3150 3128
 3173 3129 3171 3151 3150 3172
 3129 3173 3131 3151 3152 3130
 3175 3131 3173 3153 3152 3174
 3131 3175 3133 3153 3154 3132
 3177 3133 3175 3155 3154 3176
 3156 3200 3158 3178 3179 3157
 3202 3158 3200 3180 3179 3201
 3158 3202 3160 3180 3181 3159
 3204 3160 3202 3182 3181 3203
 3160 3204 3162 3182 3183 3161
 3206 3162 3204 3184 3183 3205
 3162 3206 3164 3184 3185 3163
 3208 3164 3206 3186 3185 3207
 3164 3208 3166 3186 3187 3165
 3210 3166 3208 3188 3187 3209
 3167 3211 3169 3189 3190 3168
 3213 3169 3211 3191 3190 3212
 3169 3213 3171 3191 3192 3170
 3215 3171 3213 3193 3192 3214
 3171 3215 3173 3193 3194 3172
 3217 3173 3215 3195 3194 3216
 3173 3217 3175 3195 3196 3174
 3219 3175 3217 3197 3196 3218
 3175 3219 3177 3197 3198 3176
 3221 3177 3219 3199 3198 3220
 3200 3244 3202 3222 3223 3201
 3246 3202 3244 3224 3223 3245
 3202 3246 3204 3224 3225 3203
 3248 3204 3246 3226 3225 3247
 3204 3248 3206 3226 3227 3205
 3250 3206 3248 3228 3227 3249
 3206 3250 3208 3228 3229 3207
 3252 3208 3250 3230 3229 3251
 3208 3252 3210 3230 3231 3209
 3254 3210 3252 3232 3231 3253
 3211 3255 3213 3233 3234 3212
 3257 3213 3255 3235 3234 3256
 3213 3257 3215 3235 3236 3214
 3259 3215 3257 3237 3236 3258
 3215 3259 3217 3237 3238 3216
 3261 3217 3259 3239 3238 3260
 3217 3261 3219 3239 3240 3218
 3263 3219 3261 3241 3240 3262
 3219 3263 3221 3241 3242 3220
 3265 3221 3263 3243 3242 3264
 3244 3288 3246 3266 3267 3245
 3290 3246 3288 3268 3267 3289
 3246 3290 3248 3268 3269 3247
 3292 3248 3290 3270 3269 3291
 3248 3292 3250 3270 3271 3249
 3294 3250 3292 3272 3271 3293
 3250 3294 3252 3272 3273 3251
 3296 3252 3294 3274 3273 3295
 3252 3296 3254 3274 3275 3253
 3298 3254 3296 3276 3275 3297
 3255 3299 3257 3277 3278 3256
 3301 3257 3299 3279 3278 3300
 3257 3301 3259 3279 3280 3258
 3303 3259 3301 3281 3280 3302
 3259 3303 3261 3281 3282 3260
 3305 3261 3303 3283 3282 3304
 3261 3305 3263 3283 3284 3262
 3307 3263 3305 3285 3284 3306
 3263 3307 3265 3285 3286 3264
 3309 3265 3307 3287 3286 3308
 3288 3332 3290 3310 3311 3289
 3334 3290 3332 3312 3311 3333
 3290 3334 3292 3312 3313 3291
 3336 3292 3334 3314 3313 3335
 3292 3336 3294 3314 3315 3293
 3338 3294 3336 3316 3315 3337
 3294 3338 3296 3316 3317 3295
 3340 3296 3338 3318 3317 3339
 3296 3340 3298 3318 3319 3297
 3342 3298 3340 3320 3319 3341
 3299 3343 3301 3321 3322 3300
 3345 3301 3343 3323 3322 3344
 3301 3345 3303 3323 3324 3302
 3347 3303 3345 3325 3324 3346
 3303 3347 3305 3325 3326 3304
 3349 3305 3347 3327 3326 3348
 3305 3349 3307 3327 3328 3306
 3351 3307 3349 3329 3328 3350
 3307 3351 3309 3329 3330 3308
 3353 3309 3351 3331 3330 3352
 3332 3376 3334 3354 3355 3333
 3378 3334 3376 3356 3355 3377
 3334 3378 3336 3356 3357 3335
 3380 3336 3378 3358 3357 3379
 3336 3380 3338 3358 3359 3337
 3382 3338 3380 3360 3359 3381
 3338 3382 3340 3360 3361 3339
 3384 3340 3382 3362 3361 3383
 3340 3384 3342 3362 3363 3341
 3386 3342 3384 3364 3363 3385
 3343 3387 3345 3365 3366 3344
 3389 3345 3387 3367 3366 3388
 3345 3389 3347 3367 3368 3346
 3391 3347 3389 3369 3368 3390
 3347 3391 3349 3369 3370 3348
 3393 3349 3391 3371 3370 3392
 3349 3393 3351 3371 3372 3350
 3395 3351 3393 3373 3372 3394
 3351 3395 3353 3373 3374 3352
 3397 3353 3395 3375 3374 3396
 3376 3420 3378 3398 3399 3377
 3422 3378 3420 3400 3399 3421
 3378 3422 3380 3400 3401 3379
 3424 3380 3422 3402 3401 3423
 3380 3424 3382 3402 3403 3381
 3426 3382 3424 3404 3403 3425
 3382 3426 3384 3404 3405 3383
 3428 3384 3426 3406 3405 3427
 3384 3428 3386 3406 3407 3385
 3430 3386 3428 3408 3407 3429
 3387 3431 3389 3409 3410 3388
 3433 3389 3431 3411 3410 3432
 3389 3433 3391 3411 3412 3390
 3435 3391 3433 3413 3412 3434
 3391 3435 3393 3413 3414 3392
 3437 3393 3435 3415 3414 3436
 3393 3437 3395 3415 3416 3394
 3439 3395 3437 3417 3416 3438
 3395 3439 3397 3417 3418 3396
 3441 3397 3439 3419 3418 3440
 3420 3464 3422 3442 3443 3421
 3466 3422 3464 3444 3443 3465
 3422 3466 3424 3444 3445 3423
 3468 3424 3466 3446 3445 3467
 3424 3468 3426 3446 3447 3425
 3470 3426 3468 3448 3447 3469
 3426 3470 3428 3448 3449 3427
 3472 3428 3470 3450 3449 3471
 3428 3472 3430 3450 3451 3429
 3474 3430 3472 3452 3451 3473
 3431 3475 3433 3453 3454 3432
 3477 3433 3475 3455 3454 3476
 3433 3477 3435 3455 3456 3434
 3479 3435 3477 3457 3456 3478
 3435 3479 3437 3457 3458 3436
 3481 3437 3479 3459 3458 3480
 3437 3481 3439 3459 3460 3438
 3483 3439 3481 3461 3460 3482
 3439 3483 3441 3461 3462 3440
 3485 3441 3483 3463 3462 3484
 3464 3508 3466 3486 3487 3465
 3510 3466 3508 3488 3487 3509
 3466 3510 3468 3488 3489 3467
 3512 3468 3510 3490 3489 3511
 3468 3512 3470 3490 3491 3469
 3514 3470 3512 3492 3491 3513
 3470 3514 3472 3492 3493 3471
 3516 3472 3514 3494 3493 3515
 3472 3516 3474 3494 3495 3473
 3518 3474 3516 3496 3495 3517
 3475 3519 3477 3497 3498 3476
 3521 3477 3519 3499 3498 3520
 3477 3521 3479 3499 3500 3478
 3523 3479 3521 3501 3500 3522
 3479 3523 3481 3501 3502 3480
 3525 3481 3523 3503 3502 3524
 3481 3525 3483 3503 3504 3482
 3527 3483 3525 3505 3504 3526
 3483 3527 3485 3505 3506 3484
 3529 3485 3527 3507 3506 3528
 3508 3552 3510 3530 3531 3509
 3554 3510 3552 3532 3531 3553
 3510 3554 3512 3532 3533 3511
 3556 3512 3554 3534 3533 3555
 3512 3556 3514 3534 3535 3513
 3558 3514 3556 3536 3535 3557
 3514 3558 3516 3536 3537 3515
 3560 3516 3558 3538 3537 3559
 3516 3560 3518 3538 3539 3517
 3562 3518 3560 3540 3539 3561
 3519 3563 3521 3541 3542 3520
 3565 3521 3563 3543 3542 3564
 3521 3565 3523 3543 3544 3522
 3567 3523 3565 3545 3544 3566
 3523 3567 3525 3545 3546 3524
 3569 3525 3567 3547 3546 3568
 3525 3569 3527 3547 3548 3526
 3571 3527 3569 3549 3548 3570
 3527 3571 3529 3549 3550 3528
 3573 3529 3571 3551 3550 3572
 3552 3596 3554 3574 3575 3553
 3598 3554 3596 3576 3575 3597
 3554 3598 3556 3576 3577 3555
 3600 3556 3598 3578 3577 3599
 3556 3600 3558 3578 3579 3557
 3602 3558 3600 3580 3579 3601
 3558 3602 3560 3580 3581 3559
 3604 3560 3602 3582 3581 3603
 3560 3604 3562 3582 3583 3561
 3606 3562 3604 3584 3583 3605
 3563 3607 3565 3585 3586 3564
 3609 3565 3607 3587 3586 3608
 3565 3609 3567 3587 3588 3566
 3611 3567 3609 3589 3588 3610
 3567 3611 3569 3589 3590 3568
 3613 3569 3611 3591 3590 3612
 3569 3613 3571 3591 3592 3570
 3615 3571 3613 3593 3592 3614
 3571 3615 3573 3593 3594 3572
 3617 3573 3615 3595 3594 3616
 3596 3640 3598 3618 3619 3597
 3642 3598 3640 3620 3619 3641
 3598 3642 3600 3620 3621 3599
 3644 3600 3642 3622 3621 3643
 3600 3644 3602 3622 3623 3601
 3646 3602 3644 3624 3623 3645
 3602 3646 3604 3624 3625 3603
 3648 3604 3646 3626 3625 3647
 3604 3648 3606 3626 3627 3605
 3650 3606 3648 3628 3627 3649
 3607 3651 3609 3629 3630 3608
 3653 3609 3651 3631 3630 3652
 3609 3653 3611 3631 3632 3610
 3655 3611 3653 3633 3632 3654
 3611 3655 3613 3633 3634 3612
 3657 3613 3655 3635 3634 3656
 3613 3657 3615 3635 3636 3614
 3659 3615 3657 3637 3636 3658
 3615 3659 3617 3637 3638 3616
 3661 3617 3659 3639 3638 3660
 3640 3684 3642 3662 3663 3641
 3686 3642 3684 3664 3663 3685
 3642 3686 3644 3664 3665 3643
 3688 3644 3686 3666 3665 3687
 3644 3688 3646 3666 3667 3645
 3690 3646 3688 3668 3667 3689
 3646 3690 3648 3668 3669 3647
 3692 3648 3690 3670 3669 3691
 3648 3692 3650 3670 3671 3649
 3694 3650 3692 3672 3671 3693
 3651 3695 3653 3673 3674 3652
 3697 3653 3695 3675 3674 3696
 3653 3697 3655 3675 3676 3654
 3699 3655 3697 3677 3676 3698
 3655 3699 3657 3677 3678 3656
 3701 3657 3699 3679 3678 3700
 3657 3701 3659 3679 3680 3658
 3703 3659 3701 3681 3680 3702
 3659 3703 3661 3681 3682 3660
 3705 3661 3703 3683 3682 3704
 3684 3728 3686 3706 3707 3685
 3730 3686 3728 3708 3707 3729
 3686 3730 3688 3708 3709 3687
 3732 3688 3730 3710 3709 3731
 3688 3732 3690 3710 3711 3689
 3734 3690 3732 3712 3711 3733
 3690 3734 3692 3712 3713 3691
 3736 3692 3734 3714 3713 3735
 3692 3736 3694 3714 3715 3693
 3738 3694 3736 3716 3715 3737
 3695 3739 3697 3717 3718 3696
 3741 3697 3739 3719 3718 3740
 3697 3741 3699 3719 3720 3698
 3743 3699 3741 3721 3720 3742
 3699 3743 3701 3721 3722 3700
 3745 3701 3743 3723 3722 3744
 3701 3745 3703 3723 3724 3702
 3747 3703 3745 3725 3724 3746
 3703 3747 3705 3725 3726 3704
 3749 3705 3747 3727 3726 3748
 3728 3772 3730 3750 3751 3729
 3774 3730 3772 3752 3751 3773
 3730 3774 3732 3752 3753 3731
 3776 3732 3774 3754 3753 3775
 3732 3776 3734 3754 3755 3733
 3778 3734 3776 3756 3755 3777
 3734 3778 3736 3756 3757 3735
 3780 3736 3778 3758 3757 3779
 3736 3780 3738 3758 3759 3737
 3782 3738 3780 3760 3759 3781
 3739 3783 3741 3761 3762 3740
 3785 3741 3783 3763 3762 3784
 3741 3785 3743 3763 3764 3742
 3787 3743 3785 3765 3764 3786
 3743 3787 3745 3765 3766 3744
 3789 3745 3787 3767 3766 3788
 3745 3789 3747 3767 3768 3746
 3791 3747 3789 3769 3768 3790
 3747 3791 3749 3769 3770 3748
 3793 3749 3791 3771 3770 3792
 3772 3816 3774 3794 3795 3773
 3818 3774 3816 3796 3795 3817
 3774 3818 3776 3796 3797 3775
 3820 3776 3818 3798 3797 3819
 3776 3820 3778 3798 3799 3777
 3822 3778 3820 3800 3799 3821
 3778 3822 3780 3800 3801 3779
 3824 3780 3822 3802 3801 3823
 3780 3824 3782 3802 3803 3781
 3826 3782 3824 3804 3803 3825
 3783 3827 3785 3805 3806 3784
 3829 3785 3827 3807 3806 3828
 3785 3829 3787 3807 3808 3786
 3831 3787 3829 3809 3808 3830
 3787 3831 3789 3809 3810 3788
 3833 3789 3831 3811 3810 3832
 3789 3833 3791 3811 3812 3790
 3835 3791 3833 3813 3812 3834
 3791 3835 3793 3813 3814 3792
 3837 3793 3835 3815 3814 3836
 3816 3860 3818 3838 3839 3817
 3862 3818 3860 3840 3839 3861
 3818 3862 3820 3840 3841 3819
 3864 3820 3862 3842 3841 3863
 3820 3864 3822 3842 3843 3821
 3866 3822 3864 3844 3843 3865
 3822 3866 3824 3844 3845 3823
 3868 3824 3866 3846 3845 3867
 3824 3868 3826 3846 3847 3825
 3870 3826 3868 3848 3847 3869
 3827 3871 3829 3849 3850 3828
 3873 3829 3871 3851 3850 3872
 3829 3873 3831 3851 3852 3830
 3875 3831 3873 3853 3852 3874
 3831 3875 3833 3853 3854 3832
 3877 3833 3875 3855 3854 3876
 3833 3877 3835 3855 3856 3834
 3879 3835 3877 3857 3856 3878
 3835 3879 3837 3857 3858 3836
 3881 3837 3879 3859 3858 3880
 3860 3904 3862 3882 3883 3861
 3906 3862 3904 3884 3883 3905
 3862 3906 3864 3884 3885 3863
 3908 3864 3906 3886 3885 3907
 3864 3908 3866 3886 3887 3865
 3910 3866 3908 3888 3887 3909
 3866 3910 3868 3888 3889 3867
 3912 3868 3910 3890 3889 3911
 3868 3912 3870 3890 3891 3869
 3914 3870 3912 3892 3891 3913
 3871 3915 3873 3893 3894 3872
 3917 3873 3915 3895 3894 3916
 3873 3917 3875 3895 3896 3874
 3919 3875 3917 3897 3896 3918
 3875 3919 3877 3897 3898 3876
 3921 3877 3919 3899 3898 3920
 3877 3921 3879 3899 3900 3878
 3923 3879 3921 3901 3900 3922
 3879 3923 3881 3901 3902 3880
 3925 3881 3923 3903 3902 3924
 3904 3948 3906 3926 3927 3905
 3950 3906 3948 3928 3927 3949
 3906 3950 3908 3928 3929 3907
 3952 3908 3950 3930 3929 3951
 3908 3952 3910 3930 3931 3909
 3954 3910 3952 3932 3931 3953
 3910 3954 3912 3932 3933 3911
 3956 3912 3954 3934 3933 3955
 3912 3956 3914 3934 3935 3913
 3958 3914 3956 3936 3935 3957
 3915 3959 3917 3937 3938 3916
 3961 3917 3959 3939 3938 3960
 3917 3961 3919 3939 3940 3918
 3963 3919 3961 3941 3940 3962
 3919 3963 3921 3941 3942 3920
 3965 3921 3963 3943 3942 3964
 3921 3965 3923 3943 3944 3922
 3967 3923 3965 3945 3944 3966
 3923 3967 3925 3945 3946 3924
 3969 3925 3967 3947 3946 3968
 3948 3992 3950 3970 3971 3949
 3994 3950 3992 3972 3971 3993
 3950 3994 3952 3972 3973 3951
 3996 3952 3994 3974 3973 3995
 3952 3996 3954 3974 3975 3953
 3998 3954 3996 3976 3975 3997
 3954 3998 3956 3976 3977 3955
 4000 3956 3998 3978 3977 3999
 3956 4000 3958 3978 3979 3957
 4002 3958 4000 3980 3979 4001
 3959 4003 3961 3981 3982 3960
 4005 3961 4003 3983 3982 4004
 3961 4005 3963 3983 3984 3962
 4007 3963 4005 3985 3984 4006
 3963 4007 3965 3985 3986 3964
 4009 3965 4007 3987 3986 4008
 3965 4009 3967 3987 3988 3966
 4011 3967 4009 3989 3988 4010
 3967 4011 3969 3989 3990 3968
 4013 3969 4011 3991 3990 4012
 3992 4036 3994 4014 4015 3993
 4038 3994 4036 4016 4015 4037
 3994 4038 3996 4016 4017 3995
 4040 3996 4038 4018 4017 4039
 3996 4040 3998 4018 4019 3997
 4042 3998 4040 4020 4019 4041
 3998 4042 4000 4020 4021 3999
 4044 4000 4042 4022 4021 4043
 4000 4044 4002 4022 4023 4001
 4046 4002 4044 4024 4023 4045
 4003 4047 4005 4025 4026 4004
 4049 4005 4047 4027 4026 4048
 4005 4049 4007 4027 4028 4006
 4051 4007 4049 4029 4028 4050
 4007 4051 4009 4029 4030 4008
 4053 4009 4051 4031 4030 4052
 4009 4053 4011 4031 4032 4010
 4055 4011 4053 4033 4032 4054
 4011 4055 4013 4033 4034 4012
 4057 4013 4055 4035 4034 4056
 4036 4080 4038 4058 4059 4037
 4082 4038 4080 4060 4059 4081
 4038 4082 4040 4060 4061 4039
 4084 4040 4082 4062 4061 4083
 4040 4084 4042 4062 4063 4041
 4086 4042 4084 4064 4063 4085
 4042 4086 4044 4064 4065 4043
 4088 4044 4086 4066 4065 4087
 4044 4088 4046 4066 4067 4045
 4090 4046 4088 4068 4067 4089
 4047 4091 4049 4069 4070 4048
 4093 4049 4091 4071 4070 4092
 4049 4093 4051 4071 4072 4050
 4095 4051 4093 4073 4072 4094
 4051 4095 4053 4073 4074 4052
 4097 4053 4095 4075 4074 4096
 4053 4097 4055 4075 4076 4054
 4099 4055 4097 4077 4076 4098
 4055 4099 4057 4077 4078 4056
 4101 4057 4099 4079 4078 4100
 4080 4124 4082 4102 4103 4081
 4126 4082 4124 4104 4103 4125
 4082 4126 4084 4104 4105 4083
 4128 4084 4126 4106 4105 4127
 4084 4128 4086 4106 4107 4085
 4130 4086 4128 4108 4107 4129
 4086 4130 4088 4108 4109 4087
 4132 4088 4130 4110 4109 4131
 4088 4132 4090 4110 4111 4089
 4134 4090 4132 4112 4111 4133
 4091 4135 4093 4113 4114 4092
 4137 4093 4135 4115 4114 4136
 4093 4137 4095 4115 4116 4094
 4139 4095 4137 4117 4116 4138
 4095 4139 4097 4117 4118 4096
 4141 4097 4139 4119 4118 4140
 4097 4141 4099 4119 4120 4098
 4143 4099 4141 4121 4120 4142
 4099 4143 4101 4121 4122 4100
 4145 4101 4143 4123 4122 4144
 4124 4168 4126 4146 4147 4125
 4170 4126 4168 4148 4147 4169
 4126 4170 4128 4148 4149 4127
 4172 4128 4170 4150 4149 4171
 4128 4172 4130 4150 4151 4129
 4174 4130 4172 4152 4151 4173
 4130 4174 4132 4152 4153 4131
 4176 4132 4174 4154 4153 4175
 4132 4176 4134 4154 4155 4133
 4178 4134 4176 4156 4155 4177
 4135 4179 4137 4157 4158 4136
 4181 4137 4179 4159 4158 4180
 4137 4181 4139 4159 4160 4138
 4183 4139 4181 4161 4160 4182
 4139 4183 4141 4161 4162 4140
 4185 4141 4183 4163 4162 4184
 4141 4185 4143 4163 4164 4142
 4187 4143 4185 4165 4164 4186
 4143 4187 4145 4165 4166 4144
 4189 4145 4187 4167 4166 4188
 4168 4212 4170 4190 4191 4169
 4214 4170 4212 4192 4191 4213
 4170 4214 4172 4192 4193 4171
 4216 4172 4214 4194 4193 4215
 4172 4216 4174 4194 4195 4173
 4218 4174 4216 4196 4195 4217
 4174 4218 4176 4196 4197 4175
 4220 4176 4218 4198 4197 4219
 4176 4220 4178 4198 4199 4177
 4222 4178 4220 4200 4199 4221
 4179 4223 4181 4201 4202 4180
 4225 4181 4223 4203 4202 4224
 4181 4225 4183 4203 4204 4182
 4227 4183 4225 4205 4204 4226
 4183 4227 4185 4205 4206 4184
 4229 4185 4227 4207 4206 4228
 4185 4229 4187 4207 4208 4186
 4231 4187 4229 4209 4208 4230
 4187 4231 4189 4209 4210 4188
 4233 4189 4231 4211 4210 4232
 4212 4256 4214 4234 4235 4213
 4258 4214 4256 4236 4235 4257
 4214 4258 4216 4236 4237 4215
 4260 4216 4258 4238 4237 4259
 4216 4260 4218 4238 4239 4217
 4262 4218 4260 4240 4239 4261
 4218 4262 4220 4240 4241 4219
 4264 4220 4262 4242 4241 4263
 4220 4264 4222 4242 4243 4221
 4266 4222 4264 4244 4243 4265
 4223 4267 4225 4245 4246 4224
 4269 4225 4267 4247 4246 4268
 4225 4269 4227 4247 4248 4226
 4271 4227 4269 4249 4248 4270
 4227 4271 4229 4249 4250 4228
 4273 4229 4271 4251 4250 4272
 4229 4273 4231 4251 4252 4230
 4275 4231 4273 4253 4252 4274
 4231 4275 4233 4253 4254 4232
 4277 4233 4275 4255 4254 4276
 4256 4300 4258 4278 4279 4257
 4302 4258 4300 4280 4279 4301
 4258 4302 4260 4280 4281 4259
 4304 4260 4302 4282 4281 4303
 4260 4304 4262 4282 4283 4261
 4306 4262 4304 4284 4283 4305
 4262 4306 4264 4284 4285 4263
 4308 4264 4306 4286 4285 4307
 4264 4308 4266 4286 4287 4265
 4310 4266 4308 4288 4287 4309
 4267 4311 4269 4289 4290 4268
 4313 4269 4311 4291 4290 4312
 4269 4313 4271 4291 4292 4270
 4315 4271 4313 4293 4292 4314
 4271 4315 4273 4293 4294 4272
 4317 4273 4315 4295 4294 4316
 4273 4317 4275 4295 4296 4274
 4319 4275 4317 4297 4296 4318
 4275 4319 4277 4297 4298 4276
 4321 4277 4319 4299 4298 4320
 4300 4344 4302 4322 4323 4301
 4346 4302 4344 4324 4323 4345
 4302 4346 4304 4324 4325 4303
 4348 4304 4346 4326 4325 4347
 4304 4348 4306 4326 4327 4305
 4350 4306 4348 4328 4327 4349
 4306 4350 4308 4328 4329 4307
 4352 4308 4350 4330 4329 4351
 4308 4352 4310 4330 4331 4309
 4354 4310 4352 4332 4331 4353
 4311 4355 4313 4333 4334 4312
 4357 4313 4355 4335 4334 4356
 4313 4357 4315 4335 4336 4314
 4359 4315 4357 4337 4336 4358
 4315 4359 4317 4337 4338 4316
 4361 4317 4359 4339 4338 4360
 4317 4361 4319 4339 4340 4318
 4363 4319 4361 4341 4340 4362
 4319 4363 4321 4341 4342 4320
 4365 4321 4363 4343 4342 4364
 4344 4388 4346 4366 4367 4345
 4390 4346 4388 4368 4367 4389
 4346 4390 4348 4368 4369 4347
 4392 4348 4390 4370 4369 4391
 4348 4392 4350 4370 4371 4349
 4394 4350 4392 4372 4371 4393
 4350 4394 4352 4372 4373 4351
 4396 4352 4394 4374 4373 4395
 4352 4396 4354 4374 4375 4353
 4398 4354 4396 4376 4375 4397
 4355 4399 4357 4377 4378 4356
 4401 4357 4399 4379 4378 4400
 4357 4401 4359 4379 4380 4358
 4403 4359 4401 4381 4380 4402
 4359 4403 4361 4381 4382 4360
 4405 4361 4403 4383 4382 4404
 4361 4405 4363 4383 4384 4362
 4407 4363 4405 4385 4384 4406
 4363 4407 4365 4385 4386 4364
 4409 4365 4407 4387 4386 4408
 4388 4432 4390 4410 4411 4389
 4434 4390 4432 4412 4411 4433
 4390 4434 4392 4412 4413 4391
 4436 4392 4434 4414 4413 4435
 4392 4436 4394 4414 4415 4393
 4438 4394 4436 4416 4415 4437
 4394 4438 4396 4416 4417 4395
 4440 4396 4438 4418 4417 4439
 4396 4440 4398 4418 4419 4397
 4442 4398 4440 4420 4419 4441
 4399 4443 4401 4421 4422 4400
 4445 4401 4443 4423 4422 4444
 4401 4445 4403 4423 4424 4402
 4447 4403 4445 4425 4424 4446
 4403 4447 4405 4425 4426 4404
 4449 4405 4447 4427 4426 4448
 4405 4449 4407 4427 4428 4406
 4451 4407 4449 4429 4428 4450
 4407 4451 4409 4429 4430 4408
 4453 4409 4451 4431 4430 4452
 4432 4476 4434 4454 4455 4433
 4478 4434 4476 4456 4455 4477
 4434 4478 4436 4456 4457 4435
 4480 4436 4478 4458 4457 4479
 4436 4480 4438 4458 4459 4437
 4482 4438 4480 4460 4459 4481
 4438 4482 4440 4460 4461 4439
 4484 4440 4482 4462 4461 4483
 4440 4484 4442 4462 4463 4441
 4486 4442 4484 4464 4463 4485
 4443 4487 4445 4465 4466 4444
 4489 4445 4487 4467 4466 4488
 4445 4489 4447 4467 4468 4446
 4491 4447 4489 4469 4468 4490
 4447 4491 4449 4469 4470 4448
 4493 4449 4491 4471 4470 4492
 4449 4493 4451 4471 4472 4450
 4495 4451 4493 4473 4472 4494
 4451 4495 4453 4473 4474 4452
 4497 4453 4495 4475 4474 4496
 4476 4520 4478 4498 4499 4477
 4522 4478 4520 4500 4499 4521
 4478 4522 4480 4500 4501 4479
 4524 4480 4522 4502 4501 4523
 4480 4524 4482 4502 4503 4481
 4526 4482 4524 4504 4503 4525
 4482 4526 4484 4504 4505 4483
 4528 4484 4526 4506 4505 4527
 4484 4528 4486 4506 4507 4485
 4530 4486 4528 4508 4507 4529
 4487 4531 4489 4509 4510 4488
 4533 4489 4531 4511 4510 4532
 4489 4533 4491 4511 4512 4490
 4535 4491 4533 4513 4512 4534
 4491 4535 4493 4513 4514 4492
 4537 4493 4535 4515 4514 4536
 4493 4537 4495 4515 4516 4494
 4539 4495 4537 4517 4516 4538
 4495 4539 4497 4517 4518 4496
 4541 4497 4539 4519 4518 4540
 4520 4564 4522 4542 4543 4521
 4566 4522 4564 4544 4543 4565
 4522 4566 4524 4544 4545 4523
 4568 4524 4566 4546 4545 4567
 4524 4568 4526 4546 4547 4525
 4570 4526 4568 4548 4547 4569
 4526 4570 4528 4548 4549 4527
 4572 4528 4570 4550 4549 4571
 4528 4572 4530 4550 4551 4529
 4574 4530 4572 4552 4551 4573
 4531 4575 4533 4553 4554 4532
 4577 4533 4575 4555 4554 4576
 4533 4577 4535 4555 4556 4534
 4579 4535 4577 4557 4556 4578
 4535 4579 4537 4557 4558 4536
 4581 4537 4579 4559 4558 4580
 4537 4581 4539 4559 4560 4538
 4583 4539 4581 4561 4560 4582
 4539 4583 4541 4561 4562 4540
 4585 4541 4583 4563 4562 4584
 4564 4608 4566 4586 4587 4565
 4610 4566 4608 4588 4587 4609
 4566 4610 4568 4588 4589 4567
 4612 4568 4610 4590 4589 4611
 4568 4612 4570 4590 4591 4569
 4614 4570 4612 4592 4591 4613
 4570 4614 4572 4592 4593 4571
 4616 4572 4614 4594 4593 4615
 4572 4616 4574 4594 4595 4573
 4618 4574 4616 4596 4595 4617
 4575 4619 4577 4597 4598 4576
 4621 4577 4619 4599 4598 4620
 4577 4621 4579 4599 4600 4578
 4623 4579 4621 4601 4600 4622
 4579 4623 4581 4601 4602 4580
 4625 4581 4623 4603 4602 4624
 4581 4625 4583 4603 4604 4582
 4627 4583 4625 4605 4604 4626
 4583 4627 4585 4605 4606 4584
 4629 4585 4627 4607 4606 4628
 4608 4652 4610 4630 4631 4609
 4654 4610 4652 4632 4631 4653
 4610 4654 4612 4632 4633 4611
 4656 4612 4654 4634 4633 4655
 4612 4656 4614 4634 4635 4613
 4658 4614 4656 4636 4635 4657
 4614 4658 4616 4636 4637 4615
 4660 4616 4658 4638 4637 4659
 4616 4660 4618 4638 4639 4617
 4662 4618 4660 4640 4639 4661
 4619 4663 4621 4641 4642 4620
 4665 4621 4663 4643 4642 4664
 4621 4665 4623 4643 4644 4622
 4667 4623 4665 4645 4644 4666
 4623 4667 4625 4645 4646 4624
 4669 4625 4667 4647 4646 4668
 4625 4669 4627 4647 4648 4626
 4671 4627 4669 4649 4648 4670
 4627 4671 4629 4649 4650 4628
 4673 4629 4671 4651 4650 4672
