             2            10             3
           359           360           348
           346           356           357
           333           347           334
           334           347           348
           260           238           259
           259           238           237
            31            48            49
            49            48            69
           164           163           188
           141           163           164
           119           120            97
             9            10             2
            56            76            77
            55            56            39
           112            89           111
            31            49            32
            17            16            34
            87            89            88
            89            68            88
           132           109           131
           110           132           111
           110           109           132
            87           109           110
           110            89            87
           111            89           110
           348           347           358
           358           359           348
           357           359           358
           358           346           357
           347           346           358
           221           243           199
           362           350           361
           348           360           349
           349           334           348
           360           361           349
           349           361           350
           349           350           336
           333           334           317
           260           259           280
           280           259           258
           261           238           260
           303           302           322
            28            15            27
            28            45            46
            46            29            28
            28            29            15
            11             3            10
            47            64            65
            85            86            66
            65            64            66
            66            64            85
            84            64            83
            85            64            84
           106            86            85
            85            84           106
           106            84           105
           162           163           141
           165           164           188
           141           164           142
           142           119           141
           120           119           142
           117            95           116
           141           119           140
           140           162           141
            38            55            39
            97            76            96
            98            76            97
            98            77            76
            78            77            98
            97           120            98
           181           182           157
           111           132           133
           135           156           157
            51            71            52
            73            53            52
            50            71            51
            50            49            69
            90            68            89
            89           112            90
            69            68            90
            33            32            49
            33            50            51
            49            50            33
            51            34            33
            16            32            33
            33            34            16
            67            88            68
            69            48            67
            67            68            69
           341           342           328
           287           288           289
           268           247           246
           246           247           224
           268           289           269
           269           289           290
           249           270           250
           286           284           285
           237           238           216
           198           221           199
           241           263           242
           242           265           243
           243           221           242
           144           122           121
           120           142           121
           236           259           237
           258           259           236
           193           216           217
           333           317           316
           297           316           298
           298           316           317
           318           298           317
           335           317           334
           335           349           336
           334           349           335
           335           318           317
           319           320           300
           300           318           319
           319           335           336
           318           335           319
           279           280           258
           258           278           279
           301           320           302
           280           279           301
           300           320           301
           301           279           300
           241           219           218
           218           195           217
           218           219           195
           240           263           241
           241           218           240
           302           303           281
           260           280           281
           281           301           302
           280           301           281
           282           303           283
           282           281           303
           282           261           260
           260           281           282
           283           284           262
           262           284           263
           263           240           262
           262           282           283
           262           240           261
           261           282           262
           324           323           340
           305           284           283
           306           285           305
           285           284           305
           283           303           304
           304           305           283
           304           303           322
           322           323           304
           306           305           304
           304           324           306
           323           324           304
            27            15            14
            13             4            25
            27            14            13
            13            14             4
            12            11            25
            25             4            12
             3            11            12
            44            61            45
            44            28            27
            45            28            44
            45            61            62
            30            29            46
            46            47            30
            30            47            65
            83            64            63
            64            47            63
            63            62            83
            45            62            63
            46            45            63
            63            47            46
           128           106           105
           105           127           128
            86           106           108
           188           163           187
           160           137           159
           190           167           166
           166           165           190
           114           115            93
            93           115           116
           118           140           119
           118           119            97
           118            95           117
           117           140           118
            97            96           118
           118            96            95
            35            34            51
            51            52            35
            35            52            53
            54            53            73
            37            38            20
            55            38            37
            37            54            55
            53            54            37
             6             5            19
             1             6             7
             7            19            20
             7             6            19
             8             9             2
            22            38            39
            25            11            24
            39            56            57
            56            77            57
            41            57            58
            58            77            78
            58            57            77
           163           162           186
           186           187           163
           186           185           209
           209           187           186
           205           181           204
           182           181           205
           154           133           132
           154           131           153
           132           131           154
           136           115           114
           137           115           136
           158           182           159
           159           137           158
           157           182           158
           158           135           157
           137           136           158
           158           136           135
           134           112           111
           156           135           134
           111           133           134
           134           133           156
            71            50            70
            70            50            69
            69            90            70
            91            90           112
            91            70            90
           343           342           354
           343           328           342
           341           328           327
           267           289           268
           287           289           267
           268           246           267
           308           289           288
           325           309           308
           290           289           308
           308           309           290
           222           223           200
           224           247           225
           287           267           266
           266           267           246
           245           246           224
           224           223           245
           245           223           222
           268           269           248
           248           269           270
           270           249           248
           248           247           268
           228           249           250
           263           284           264
           284           286           264
           264           286           265
           265           242           264
           264           242           263
           173           198           174
           220           219           241
           241           242           220
           220           242           221
           122           100            99
            99           121           122
           120           121            99
            99           100            78
            78            98            99
            99            98           120
            80           100           101
           101           100           122
           126           127           105
           210           187           209
           191           167           190
           190           213           191
           235           236           214
           214           213           235
           214           191           213
           214           236           237
           189           213           190
           189           165           188
           190           165           189
           217           195           194
           194           193           217
           353           338           352
           322           302           321
           302           320           321
           320           319           337
           337           321           320
           338           321           337
           337           319           336
           362           352           351
           352           338           351
           351           350           362
           338           337           351
           336           350           351
           351           337           336
           238           261           239
           239           218           217
           261           240           239
           239           240           218
           239           216           238
           217           216           239
           278           256           277
           297           298           277
           257           256           278
           257           278           258
           258           236           257
           257           236           235
            43            60            61
            61            44            43
            81            62            61
            81            60            80
            61            60            81
           170           194           171
           171           194           195
           171           149           170
           172           149           171
           129           128           150
           150           149           172
           150           128           127
           127           149           150
           106           128           107
           107           108           106
           130           108           107
           107           129           130
           107           128           129
           139           140           117
           162           140           139
           143           142           164
           164           165           143
           165           166           143
           143           166           144
           144           121           143
           143           121           142
           116           115           138
           160           139           138
           137           160           138
           138           115           137
           117           116           138
           138           139           117
           114            93            92
            92            91           114
            71            70            92
            70            91            92
            73            52            72
            72            52            71
            71            92            72
            72            92            93
            34            35            18
            17            34            18
            18             5            17
            19             5            18
            75            96            76
            75            76            56
            56            55            75
            55            54            75
            36            35            53
            53            37            36
            19            18            36
            36            18            35
            20            19            36
            36            37            20
            21            22             9
            38            22            21
             9             8            21
            20            38            21
            21             7            20
             1             7            21
            21             8             1
            23            11            10
            23            24            11
            10             9            23
             9            22            23
           183           205           206
           206           207           183
           159           182           183
           182           205           183
           184           160           159
           159           183           184
           184           183           207
           184           207           185
           178           154           153
           112           134           113
           113            91           112
           135           136           113
           113           134           135
           113           136           114
           114            91           113
           250           270           271
           344           354           355
           344           343           354
           341           327           326
           326           309           325
           327           309           326
           310           309           327
           290           309           310
           307           308           288
           325           308           307
           227           205           204
           206           205           227
           227           228           206
           249           228           227
           157           156           180
           180           181           157
           133           154           155
           179           180           155
           154           178           155
           155           178           179
           156           133           155
           155           180           156
           244           266           246
           246           245           244
           244           245           222
           130           129           152
           129           174           152
           175           198           199
           175           174           198
           175           152           174
           219           220           197
           197           198           173
           221           198           197
           197           220           221
           124           101           123
           123           122           144
           123           101           122
           167           191           192
           235           213           212
           213           189           212
           191           214           215
           193           192           215
           215           192           191
           215           214           237
           237           216           215
           216           193           215
           339           353           340
           338           353           339
           339           321           338
           340           323           339
           339           323           322
           322           321           339
           278           277           299
           300           279           299
           299           279           278
           299           277           298
           299           318           300
           298           318           299
           255           254           276
           276           256           255
           276           277           256
           297           277           276
           234           257           235
           256           257           234
           235           212           234
           255           256           234
            60            43            59
            41            58            59
            26            43            44
            27            13            26
            26            44            27
            26            13            25
            83            62            82
            62            81            82
           127           126           148
           148           149           127
           126           125           148
           170           149           148
           148           147           170
           148           125           147
           151           174           129
           129           150           151
           173           174           151
           151           172           173
           151           150           172
            73            72            94
            94           116            95
            94            93           116
            94            72            93
            96            75            74
            95            96            74
            74            54            73
            74            75            54
            73            94            74
            74            94            95
            41            24            40
            24            23            40
            40            57            41
            39            57            40
            40            22            39
            40            23            22
           161           139           160
           160           184           161
           161           184           185
           185           186           161
           161           186           162
           162           139           161
           176           178           153
           177           178           176
           179           178           201
           201           178           177
           177           200           201
           201           200           223
           291           271           270
           291           269           290
           270           269           291
           292           271           291
           290           310           291
           291           310           292
           355           356           345
           345           344           355
           356           346           345
           343           344           330
           344           345           330
           297           276           275
           275           276           254
           293           271           292
           292           312           293
           311           327           328
           311           310           327
           311           312           292
           292           310           311
           226           225           247
           247           248           226
           204           225           226
           226           227           204
           226           248           249
           249           227           226
           181           180           203
           204           181           203
           203           225           204
           203           180           179
           229           207           206
           206           228           229
           231           230           253
           231           210           209
           196           197           173
           219           197           196
           173           172           196
           195           219           196
           196           171           195
           172           171           196
           124           123           146
           146           125           124
           147           125           146
           170           147           169
           169           194           170
           193           194           169
           169           192           193
           255           234           233
           233           234           212
           211           212           189
           187           210           211
           210           233           211
           211           233           212
           188           187           211
           211           189           188
            60            59            79
            79            59            58
            79            58            78
            78           100            79
            80            60            79
            79           100            80
            42            59            43
            43            26            42
            41            59            42
            42            24            41
            25            24            42
            42            26            25
            83            82           104
           104            84            83
           105            84           104
           104           126           105
           102            82            81
           102           101           124
            80           101           102
           102            81            80
           332           346           347
           332           345           346
           332           347           333
           343           330           329
           312           311           329
           328           343           329
           329           311           328
           296           316           297
           297           275           296
           274           254           253
           274           275           254
           250           271           272
           271           293           272
           202           203           179
           202           201           223
           179           201           202
           202           223           224
           224           225           202
           225           203           202
           208           229           230
           209           185           208
           185           207           208
           207           229           208
           208           231           209
           230           231           208
           251           228           250
           251           229           228
           250           272           251
           230           229           251
           232           231           253
           232           254           255
           253           254           232
           210           231           232
           255           233           232
           232           233           210
           145           146           123
           145           166           167
           144           166           145
           145           123           144
           147           146           168
           168           169           147
           146           145           168
           168           145           167
           167           192           168
           192           169           168
            82           102           103
           103           125           126
           124           125           103
           103           102           124
           126           104           103
           103           104            82
           331           330           345
           345           332           331
           312           329           313
           313           329           330
           330           331           313
           295           296           275
           275           274           295
           252           274           253
           253           230           252
           230           251           252
           252           251           272
           333           316           315
           316           296           315
           315           332           333
           315           331           332
           273           295           274
           274           252           273
           273           272           293
           273           252           272
           312           313           294
           294           293           312
           294           273           293
           295           273           294
           314           313           331
           331           315           314
           314           315           296
           296           295           314
           314           294           313
           295           294           314
