       -0.9763178979059013       -0.2163408449251525
       -0.9998335842041247       -0.0182429572738753
       -0.9956491537870636        0.0931813482180403
       -0.9569569720721535        0.2902298276841860
       -0.9080273238733018       -0.4189109443540270
       -0.9465956303402366       -0.3224231882380775
       -0.8857670983562512       -0.2451305606554502
       -0.9925685775212754       -0.1216865604187617
       -0.9030634460765299       -0.0634179108925995
       -0.9198164199978888        0.0341357960842211
       -0.8964012140351728        0.1306526371412423
       -0.9805569879594654        0.1962345383823868
       -0.8664812712886126        0.3110700227390670
       -0.9186305532524337        0.3951175870608436
       -0.8713525220806396        0.4906575012998146
       -0.8057374456368415       -0.5922728829761559
       -0.8606651049106786       -0.5091714609189255
       -0.7974001169235335       -0.4251194550691509
       -0.8415527571693283       -0.3366662713242170
       -0.7916129409811276       -0.2384479969935797
       -0.8728052619066660       -0.1524631286166087
       -0.8004722062570955       -0.0640827930988460
       -0.8320698756889608        0.0316801085762191
       -0.7943699339479424        0.1261645649969265
       -0.8603438779474252        0.2181042184762820
       -0.7740391294797028        0.3004944086858266
       -0.8164676784809241        0.4001794275003843
       -0.7667540693291018        0.4862245628898691
       -0.8142878620219520        0.5804612630148849
       -0.7472842797530699        0.6645044811225166
       -0.6799399353628485       -0.7332678129568014
       -0.7450284641530274       -0.6670326745809928
       -0.6871268610198096       -0.5915515311373223
       -0.7459158808351318       -0.5100800208677962
       -0.6891001883288025       -0.4210405820759734
       -0.7396160402869298       -0.3314498484717619
       -0.6885970094064232       -0.2389646882315538
       -0.7547989388900659       -0.1500487590196642
       -0.6929798565169847       -0.0618627758015091
       -0.7362981446192853        0.0300322788312162
       -0.6877801301800152        0.1212261132375134
       -0.7444643448516376        0.2110534507833758
       -0.6731580106106195        0.2990500225108060
       -0.7164642326206844        0.3920891680537456
       -0.6607982045102644        0.4819194190627233
       -0.7106434310998037        0.5687396267268869
       -0.6503476437055510        0.6521952733455425
       -0.6095277817237107       -0.7927647084697940
       -0.6229698053887817       -0.6724455118981899
       -0.5740466178616149       -0.5956027942167061
       -0.6334128363160045       -0.5075358960192847
       -0.5801635746547995       -0.4199102612567890
       -0.6341709849982330       -0.3303037183340830
       -0.5826143641633835       -0.2395630067501773
       -0.6421931498658351       -0.1499358274793908
       -0.5848515618260601       -0.0612351541553368
       -0.6334045446015113        0.0292663028984676
       -0.5807263726048544        0.1199487685416532
       -0.6335979915285175        0.2093621454502106
       -0.5702245600896514        0.3005627893001501
       -0.6140416888550363        0.3916677650703339
       -0.5583821108060621        0.4875594927781672
       -0.6030273271400591        0.5745192411089760
       -0.5651341398126715        0.6912630156295044
       -0.6676915935716556        0.7444380003058724
       -0.5900789108894435        0.8073455760140072
       -0.5368962379466754       -0.8436482850559232
       -0.4711155694149065       -0.7830980611956140
       -0.5342317308056963       -0.7082837580754521
       -0.4766423761220172       -0.6133147194671978
       -0.5243103154027888       -0.5106387729229138
       -0.4730481719830503       -0.4221561304106328
       -0.5273990856542395       -0.3303929121709483
       -0.4757288979448023       -0.2404674137988707
       -0.5323231033818858       -0.1503235821088258
       -0.4771983120273613       -0.0608689835595932
       -0.5280580771991945        0.0293183574969619
       -0.4744502827989157        0.1204515309337878
       -0.5259839164818055        0.2104514111618490
       -0.4680721621079692        0.3040927487150475
       -0.5132650891264245        0.3965652064237091
       -0.4629094299555491        0.4983652486958832
       -0.5117552133465897        0.5955168519691759
       -0.4568749775355594        0.6864601901574650
       -0.5024806438471080        0.7703896548552498
       -0.4951492112912822        0.8688079532102009
       -0.3702936441758265       -0.9289147529431931
       -0.4523248650753119       -0.8918532472745297
       -0.3751913287242338       -0.8054571063689422
       -0.4213464159112707       -0.7003499990176703
       -0.3693462602651064       -0.6100002682818937
       -0.4224639985599328       -0.5193305865517609
       -0.3691182963316350       -0.4268267743251924
       -0.4211594184729455       -0.3322791978408300
       -0.3693521669337074       -0.2419017122891747
       -0.4241260126087097       -0.1507784095157257
       -0.3703087900494649       -0.0605849295663666
       -0.4222441299991203        0.0299017914572551
       -0.3690603933998663        0.1215087665886267
       -0.4207075709319983        0.2125104705305083
       -0.3665072754150997        0.3062800606494395
       -0.4150498080228012        0.4011772752191159
       -0.3632231820239433        0.4942529286145865
       -0.4105964289640893        0.5923730018969349
       -0.3612916934341239        0.6924117495455406
       -0.4078766824819173        0.7949364409498911
       -0.3292354901028427        0.8621593160631558
       -0.4040721128109711        0.9147271327759727
       -0.2735339717811754       -0.9618623427257633
       -0.3009366193607630       -0.8646759352765019
       -0.2583219321763078       -0.7835532372028725
       -0.3205269255834475       -0.7069756187832099
       -0.2653272209902222       -0.6130767304082182
       -0.3163423220029835       -0.5188024015253907
       -0.2634930597138619       -0.4272006900036642
       -0.3163208764995243       -0.3349391491767147
       -0.2638871565026484       -0.2433200664712525
       -0.3172839515958575       -0.1513769757314899
       -0.2641898245570243       -0.0604734088893411
       -0.3166419000461812        0.0305318816120256
       -0.2639640281715205        0.1220287257239146
       -0.3163413146766886        0.2135891223444530
       -0.2629896409130342        0.3048567134199820
       -0.3136190327988917        0.3983966370272917
       -0.2628261402942793        0.4902178420440094
       -0.3139860758756512        0.5880991162398012
       -0.2617224249928067        0.6733359538908130
       -0.2998352169321321        0.7761376416842637
       -0.2292122975046727        0.8767645662326302
       -0.2939809941053018        0.9558112652069444
       -0.1793808555945803       -0.9837797052924192
       -0.2010837403983639       -0.8814006519708256
       -0.1527053716593845       -0.7940050762607174
       -0.2080801400178596       -0.6987331971313536
       -0.1566411472484120       -0.6102174183510889
       -0.2114274053666039       -0.5204129733754768
       -0.1584007663545349       -0.4278815071619184
       -0.2108771965020717       -0.3353423996939510
       -0.1583434796362262       -0.2435050778383958
       -0.2114095912871026       -0.1518872801928103
       -0.1585220539039025       -0.0605351723658707
       -0.2111886872835738        0.0307828620909815
       -0.1584859740157482        0.1217893110052150
       -0.2112741523267554        0.2129472217814369
       -0.1585203265147589        0.3035451335789452
       -0.2108252559646793        0.3958502107675318
       -0.1587300411838557        0.4846317151696419
       -0.2111047160460302        0.5777117497250100
       -0.1592312087173084        0.6651914248997398
       -0.2084809579725161        0.7612827776077188
       -0.1488224599226483        0.8339851322921423
       -0.1863458844060996        0.9824842028826026
       -0.0871410317858194       -0.9961959850651738
       -0.1021011233762345       -0.8957931057885836
       -0.0505142609044369       -0.8037969982028307
       -0.1024167616865597       -0.7048304557422972
       -0.0517291383863427       -0.6126602445920629
       -0.1048762519094785       -0.5191286682515662
       -0.0526559382422462       -0.4270452147528840
       -0.1056398835121806       -0.3355070267543574
       -0.0528641565826192       -0.2435294448445167
       -0.1056930908156675       -0.1519061733781220
       -0.0528268791858496       -0.0605810343414273
       -0.1056333621791467        0.0306373387724713
       -0.0528759625227956        0.1215945319601065
       -0.1057986541745424        0.2124834663237355
       -0.0528752326598446        0.3026100925066256
       -0.1059006927705853        0.3930223833531181
       -0.0534999036699307        0.4818663885002322
       -0.1066908885732360        0.5727879870821601
       -0.0520746690475047        0.6576408262835307
       -0.1016581590410259        0.7461289104199413
       -0.0503338955632238        0.8392282357502073
       -0.1166053851325153        0.9218514569101801
       -0.0617556101013295        0.9980913012345409
       -0.0000000021335141       -1.0000000003947245
        0.0871410287177421       -0.9961959854049639
        0.0000000012159316       -0.9033606620163354
        0.0505142616797511       -0.8037969978341154
        0.0000000000894558       -0.7083452599300804
        0.0517291383709630       -0.6126602444991689
       -0.0000000000557502       -0.5195236364885512
        0.0526559380981713       -0.4270452147662903
       -0.0000000000649794       -0.3350750838805675
        0.0528641565485589       -0.2435294448061781
        0.0000000001767432       -0.1519918953265280
        0.0528268802906807       -0.0605810339442752
        0.0000000014588102        0.0306207502224190
        0.0528759684374377        0.1215945337609611
        0.0000000058626890        0.2121626661375836
        0.0528752560330842        0.3026100947069011
        0.0000000243137854        0.3925261348670697
        0.0535000722693961        0.4818663371658968
        0.0000002686129889        0.5687744390775630
        0.0520756217982160        0.6576413290408429
        0.0000007101142230        0.7483291491327665
        0.0503341772050425        0.8392301158525586
       -0.0000010112023181        0.9251504758389317
        0.0617532854644894        0.9980914450507613
        0.1793808526987965       -0.9837797058204317
        0.1021011247527991       -0.8957931051137998
        0.1527053722670729       -0.7940050756919765
        0.1024167619430380       -0.7048304553731204
        0.1566411473577795       -0.6102174181772203
        0.1048762518340759       -0.5191286682230900
        0.1584007662083163       -0.4278815071997201
        0.1056398833406118       -0.3355070267788671
        0.1583434794196336       -0.2435050778025651
        0.1056930909816885       -0.1519061731060969
        0.1585220543428436       -0.0605351714178439
        0.1056333644701457        0.0306373404276374
        0.1584859784894342        0.1217893151215463
        0.1057986659690374        0.2124834714275424
        0.1585203586694574        0.3035451387215050
        0.1059007650234337        0.3930223693340333
        0.1587301411146830        0.4846317894678525
        0.1066911537296159        0.5727881052341273
        0.1592311820844705        0.6651922320424242
        0.1016589112256255        0.7461309505608156
        0.1488222695530106        0.8339887284171276
        0.1166044955798705        0.9218544431753866
        0.2735339696788544       -0.9618623433236203
        0.2010837411646756       -0.8814006517016952
        0.2583219327465449       -0.7835532368501265
        0.2080801403825047       -0.6987331968145637
        0.2653272211820220       -0.6130767303021538
        0.2114274053550217       -0.5204129733513605
        0.2634930595562167       -0.4272006900765699
        0.2108771962425651       -0.3353423997682232
        0.2638871560376845       -0.2433200665429771
        0.2114095909534480       -0.1518872799434858
        0.2641898239496028       -0.0604734082555233
        0.2111886881039837        0.0307828643712543
        0.2639640304109154        0.1220287299579544
        0.2112741638035378        0.2129472286860536
        0.2629896495813668        0.3048567472730290
        0.2108252939492011        0.3958502692261741
        0.2628260817009604        0.4902180689327486
        0.2111046343306207        0.5777121575279978
        0.2617219268276677        0.6733366487820870
        0.2084803307819168        0.7612843135141742
        0.2292125636279884        0.8767653110462872
        0.1863457590605949        0.9824842277858310
        0.3702936405327144       -0.9289147539897868
        0.3009366193933029       -0.8646759350782725
        0.3751913289362505       -0.8054571063445232
        0.3205269260105567       -0.7069756186451780
        0.3693462604578772       -0.6100002682828157
        0.3163423220029191       -0.5188024015575340
        0.3691182961393083       -0.4268267744529094
        0.3163208761468488       -0.3349391493260860
        0.3693521662737758       -0.2419017125574298
        0.3172839507753454       -0.1513769758061820
        0.3703087886388395       -0.0605849297718765
        0.3166418989570289        0.0305318826917388
        0.3690603882463641        0.1215087714148540
        0.3163413126320866        0.2135891385753566
        0.3665072470692213        0.3062801027227074
        0.3136189894447116        0.3983967409086641
        0.3632230459486212        0.4942530530665963
        0.3139858328457341        0.5880994639263530
        0.3612915775762300        0.6924117086085981
        0.2998349981386073        0.7761376505223841
        0.3292358537260829        0.8621589846028695
        0.2939816162905621        0.9558110752696886
        0.4523248622636382       -0.8918532494750764
        0.4711155698591976       -0.7830980615156241
        0.4213464162091325       -0.7003499991380495
        0.4766423762398565       -0.6133147194501581
        0.4224639985239492       -0.5193305866167238
        0.4730481717674530       -0.4221561306296023
        0.4211594180486969       -0.3322791981251162
        0.4757288971435308       -0.2404674143165383
        0.4241260114919466       -0.1507784100064978
        0.4771983097128563       -0.0608689840553950
        0.4222441260848128        0.0299017920347633
        0.4744502718775819        0.1204515324794833
        0.4207075520985923        0.2125104819168111
        0.4680721246566485        0.3040927477466995
        0.4150497397098776        0.4011773103610674
        0.4629093744425332        0.4983651728493861
        0.4105963254342166        0.5923729050107074
        0.4568749831539404        0.6864599692425017
        0.4078768661387076        0.7949361761170737
        0.4951497815295629        0.8688076262243920
        0.4040727650298580        0.9147268449246211
        0.5368962363637322       -0.8436482868006145
        0.6095277802677431       -0.7927647095892344
        0.5342317310074712       -0.7082837578703889
        0.5740466180563901       -0.5956027943023798
        0.5243103153317664       -0.5106387730537841
        0.5801635744236980       -0.4199102615438564
        0.5273990851809628       -0.3303929126156892
        0.5826143631629878       -0.2395630074413203
        0.5323231018758195       -0.1503235828272969
        0.5848515590410386       -0.0612351554122731
        0.5280580716983145        0.0293183567033405
        0.5807263630927483        0.1199487632965775
        0.5259838972100815        0.2104514046907086
        0.5702245426692688        0.3005627575783778
        0.5132650532086499        0.3965651500968567
        0.5583820897715984        0.4875593997888264
        0.5117551966902922        0.5955167085945140
        0.5651342381735521        0.6912628248544028
        0.5024808438260872        0.7703893901040436
        0.5900793114304469        0.8073452819891862
        0.6799399347189747       -0.7332678135538484
        0.6229698059015825       -0.6724455122858459
        0.6871268611059962       -0.5915515312989763
        0.6334128361044192       -0.5075358961157712
        0.6891001879892775       -0.4210405822518818
        0.6341709844388237       -0.3303037188449863
        0.6885970083118395       -0.2389646891398394
        0.6421931481079965       -0.1499358286881964
        0.6929798543094879       -0.0618627787601401
        0.6334045401378449        0.0292662990436966
        0.6877801255003170        0.1212261028561127
        0.6335979820917427        0.2093621275324977
        0.6731580047057211        0.2990499923717109
        0.6140416780637493        0.3916677137837133
        0.6607982114272581        0.4819193472692745
        0.6030273461851829        0.5745191182010211
        0.6503477218652789        0.6521951331837356
        0.6676918546785440        0.7444377651710378
        0.7450284643927226       -0.6670326732200808
        0.8057374469038405       -0.5922728816024379
        0.7459158801102457       -0.5100800206705154
        0.7974001167365965       -0.4251194552854325
        0.7396160396340077       -0.3314498490037797
        0.7916129400842927       -0.2384479981276080
        0.7547989373715354       -0.1500487610585438
        0.8004722051988667       -0.0640827977390984
        0.7362981422708765        0.0300322722723782
        0.7943699325170549        0.1261645537189086
        0.7444643412423239        0.2110534318274590
        0.7740391295750316        0.3004943794479882
        0.7164642350313005        0.3920891244563940
        0.7667540909208829        0.4862244994563112
        0.7106434707283229        0.5687395272838353
        0.7472844251565235        0.6645043157000314
        0.8606651045844419       -0.5091714624259366
        0.9080273234097647       -0.4189109453587858
        0.8415527567007880       -0.3366662722024834
        0.8857670980016223       -0.2451305626863693
        0.8728052610974649       -0.1524631314676944
        0.9030634458282321       -0.0634179158585904
        0.8320698741419904        0.0316801010776276
        0.8964012141391964        0.1306526267537138
        0.8603438789305693        0.2181041993640169
        0.8664812753683359        0.3110699931893568
        0.8164676884863638        0.4001793853304791
        0.8713525616699405        0.4906574300847092
        0.8142879391718042        0.5804611526469823
        0.9465956310638796       -0.3224231886370507
        0.9763178974557793       -0.2163408469564937
        0.9925685771568146       -0.1216865627151500
        0.9998335841159077       -0.0182429634667461
        0.9198164180486840        0.0341357892422539
        0.9956491547115405        0.0931813369785714
        0.9805569907295272        0.1962345209621939
        0.9569569807294228        0.2902297991391027
        0.9186305731494888        0.3951175421714458
