           267           268           250
           221           220           242
           127           141           128
           128           113           127
           128           141           155
           109           123           124
           122           123           107
           138           124           137
           137           124           123
           137           122           136
           123           122           137
           282           268           267
           249           250           231
           249           229           248
           267           250           266
           266           249           248
           250           249           266
           176           177           163
           163           177           164
           209           210           194
           164           177           165
            65            30            47
           115           101           100
           129           115            99
            99           115           100
           199           220           221
            76            97            77
            77            56            76
            75            96            76
            76            56            75
            18             5            17
            18            17            34
            34            17            16
             7             6            19
            19             5            18
            19             6             5
           162           175           189
           302           303           291
           291           303           292
           292           277           291
           241           242           220
           276           277           260
            55            39            38
            75            56            55
            56            39            55
           111           127           112
           168           167           181
           154           167           168
           141           154           168
           168           155           141
           182           181           196
           138           137           151
           151           136           149
           151           137           136
           139           124           138
           138           153           139
            88            87            89
           109            89           108
            89            87           108
           108           123           109
           107           123           108
           108            87           107
            91           112            92
           111           112            91
            71            52            51
            92            72            71
            72            52            71
            50            71            51
            49            32            31
            89            90            68
            67            88            68
            68            88            89
           229           249           230
           230           210           209
           231           210           230
           230           249           231
           150           163           164
           150           151           149
           164           151           150
           209           194           193
           193           192           209
           180           167           179
           179           193           180
           180           193           194
           181           167           180
           166           165           179
           154           153           166
           179           167           166
           166           167           154
           152           153           138
           164           165           152
           152           166           153
           165           166           152
           138           151           152
           152           151           164
           192           190           207
           191           190           192
           191           177           176
           176           190           191
            15            28            29
            46            47            30
            30            29            46
            46            29            28
            46            28            45
            45            63            46
            46            63            47
            80            99           100
            98            99            80
           100            81            80
            60            79            80
            80            81            60
            78            97            98
            98            80            78
            78            80            79
            77            97            78
            62            63            45
            83            63            62
           106           105           121
           119           105           104
           104           103           119
            84           103           104
           104           106            86
           105           106           104
            65            47            64
            83            84            64
            64            63            83
            47            63            64
           161           175           162
           162           148           161
           101           115           116
           116           130           131
           116           115           129
           129           130           116
           157           130           142
           142           130           129
            73            52            72
            53            52            73
            72            94            73
            95            94           114
            74            94            95
            74            96            75
            74            95            96
            74            73            94
            35            34            51
            51            52            35
            35            52            53
            18            34            35
            16            32            33
            33            34            16
            32            49            33
            51            34            33
            33            50            51
            33            49            50
             8             9             2
             7             9             8
             7            19            20
           246           247           226
           260           241           259
           259           276           260
           298           300           299
           289           300           301
           289           299           300
           291           277           290
           277           276           290
           290           289           301
           301           302           290
           290           302           291
           253           252           270
           211           194           210
           211           212           196
           196           212           213
           214           213           234
           234           213           212
           231           250           251
           251           250           268
           268           252           251
           169           168           181
           181           182           169
           155           168           169
           109           124           125
           124           139           125
           141           127           126
           126           127           111
           111           125           126
           126           125           139
           140           153           154
           140           139           153
           140           126           139
           140           154           141
           141           126           140
           110            91            90
           110            89           109
           110            90            89
           109           125           110
           111            91           110
           110           125           111
            71            50            70
            90            91            70
            70            91            92
            92            71            70
            67            68            48
            48            49            31
            69            68            90
            90            70            69
            49            48            69
            69            48            68
            50            49            69
            69            70            50
           228           229           208
           229           230           208
           208           207           228
           192           207           208
           209           192           208
           208           230           209
           179           165           178
           178           193           179
           178           165           177
           177           191           178
           192           193           178
           178           191           192
            45            28            44
            77            78            58
            58            78            79
            61            62            45
            45            44            61
            60            81            61
            81            62            61
            61            43            60
            61            44            43
            83            62            82
            82            62            81
            82            81           100
           100           101            82
           117           116           131
           101           116           117
            65            64            66
            84           104            85
            85            64            84
            85            66            64
            85           104            86
            86            66            85
           133           132           145
           145           132           144
           145           146           134
           134           133           145
           147           161           148
           147           146           161
           147           134           146
           147           148           135
           185           170           184
           184           170           183
           172           185           186
           175           161           160
           161           146           160
            53            73            54
            73            74            54
            75            55            54
            54            74            75
            93           114            94
            93            94            72
           113           114            93
            93            72            92
            92           112            93
            93           127           113
            93           112           127
            21            20            38
            21             9             7
             7            20            21
             1             6             7
             7             8             1
            38            20            37
            53            54            37
            37            55            38
            37            54            55
            18            35            36
            36            19            18
            36            20            19
            36            37            20
            36            35            53
            53            37            36
           203           204           186
           203           223           224
           188           189           175
           206           189           188
           186           204           187
           187           172           186
           173           172           187
           204           188           187
           206           188           205
           205           188           204
           186           185           202
           202           203           186
           223           203           202
           185           184           202
           223           202           201
           201           202           184
           223           201           222
           221           242           222
           222           201           221
           293           292           303
           276           259           258
           239           238           257
           257           258           239
           239           258           259
           238           217           216
           220           199           219
           297           285           296
           285           295           296
           215           214           236
           236           216           215
           269           252           268
           269           270           252
           268           282           269
           269           282           283
           284           295           285
           270           269           284
           283           295           284
           284           269           283
           232           211           210
           212           211           232
           232           210           231
           231           251           232
           195           180           194
           194           211           195
           195           211           196
           196           181           195
           181           180           195
           197           182           196
           196           213           197
           214           234           235
           235           236           214
           255           236           235
           235           234           253
            27            28            15
            27            44            28
            57            58            41
            57            39            56
            57            56            77
            77            58            57
            41            58            59
            59            58            79
            59            79            60
            60            43            59
           131           132           118
           118           117           131
           103           117           118
           132           133           118
           119           103           118
           118           133           119
           102           117           103
           102            84            83
           102           103            84
            83            82           102
           102            82           101
           101           117           102
           145           144           159
           173           160           159
           159           146           145
           159           160           146
           143           132           131
           143           144           132
           131           130           143
           143           130           157
           157           144           143
           120           135           121
           121           105           120
           120           147           135
           134           147           120
           120           105           119
           119           133           120
           133           134           120
           183           170           156
           157           142           156
           156           170           157
           200           199           221
           221           201           200
           200           201           184
           200           183           199
           200           184           183
           171           170           185
           185           172           171
           157           170           171
            39            57            40
            40            57            41
           204           203           225
           225           205           204
           224           246           225
           225           203           224
           225           246           226
           174           160           173
           173           187           174
           174           187           188
           175           160           174
           174           188           175
           206           205           227
           227           225           226
           205           225           227
           260           277           278
           277           292           278
           292           293           279
           279           293           294
           279           278           292
           262           278           279
           243           222           242
           299           289           288
           218           217           238
           238           239           218
           218           219           217
           220           219           218
           287           285           297
           287           286           285
           287           297           298
           298           299           287
           299           288           287
           253           270           254
           254           235           253
           255           235           254
           237           236           255
           257           238           237
           238           216           237
           216           236           237
           285           286           271
           271           284           285
           270           284           271
           271           254           270
           233           234           212
           212           232           233
           253           234           233
           233           232           251
           233           252           253
           233           251           252
           198           213           214
           198           197           213
           198           214           215
            43            44            26
            44            27            26
           158           172           173
           158           171           172
           173           159           158
           158           159           144
           158           144           157
           157           171           158
            22            40            23
             9            21            22
            22            23             9
            22            21            38
            38            39            22
            39            40            22
           261           278           262
           262           243           261
           261           241           260
           260           278           261
           242           241           261
           261           243           242
           265           264           281
           262           279           280
           280           281           264
           280           279           294
           294           281           280
           224           223           244
           223           222           244
           222           243           244
           275           288           289
           275           290           276
           289           290           275
           276           258           275
           286           287           273
           273           287           288
           240           239           259
           240           218           239
           240           259           241
           240           241           220
           220           218           240
            14            27            15
           224           244           245
           245           246           224
           245           264           265
           265           247           245
           247           246           245
           262           280           263
           263           280           264
           263           243           262
           263           244           243
           264           245           263
           263           245           244
           274           275           258
           288           275           274
           274           273           288
           274           258           257
            13            26            27
            27            14            13
            13            14             4
             4            25            13
            13            25            26
            10             3             2
             2             9            10
             9            23            10
            12            25             4
            26            25            42
            41            59            42
            42            59            43
            43            26            42
           273           274           256
           256           274           257
           257           237           256
           256           237           255
            24            42            25
            23            40            24
            24            40            41
            41            42            24
            11            12             3
            25            12            11
             3            10            11
            11            24            25
            11            10            23
            23            24            11
           273           256           272
           286           273           272
           255           254           272
           272           256           255
           272           271           286
           254           271           272
