       -1.0000000000000000       -1.0000000000000000
       -1.0000000000000000        1.0000000000000000
        1.0000000000000000       -1.0000000000000000
        1.0000000000000000        1.0000000000000000
       -1.0000000005336895       -0.7168837032346193
       -1.0000000003850398       -0.5781044179902035
       -1.0000000005364014       -0.4355282999886101
       -1.0000000007404224        0.1997691528626410
       -1.0000000006721215       -0.2816651000825060
       -1.0000000007579954        0.3619188293509047
       -1.0000000008394798        0.5256792045584266
       -1.0000000008388943        0.6957245063502246
       -0.8276504551199516        1.0000000006490524
       -1.0000000007159220       -0.1214914814700753
       -1.0000000007053247        0.8571579077656557
       -0.8099192241116367       -1.0000000008091017
       -0.8540368239685753       -0.8537924161861523
       -1.0000000007957346       -0.8598524178446628
       -1.0000000007820540        0.0391672807502441
       -0.8464386208867865        0.4440545759618871
       -0.8607223709725750        0.6217936916156283
       -0.6300342460645633       -1.0000000006801684
       -0.8387388144526556       -0.3904415184511889
       -0.8418356248166342        0.1087790021079123
       -0.8435653225773221        0.2744060430914473
       -0.8242502936297166       -0.6942016451262132
       -0.8440573887762404       -0.2179488452462836
       -0.8421997771882784       -0.0473569369365614
       -0.8559506488889745        0.8120975146947086
       -0.6965835601033756       -0.8347272921660864
       -0.6636016698944124       -0.4835869731452869
       -0.6957536175284231       -0.1238552741636712
       -0.6913257264316208        0.1675577683508555
       -0.6942977152940770        0.3447792566573392
       -0.6295934544320863        1.0000000010268209
       -0.8206279431700809       -0.5473460382899890
       -0.6950703692548857       -0.3084944452242013
       -0.5916055277437005       -0.1951139122424455
       -0.6664312761232486        0.0231560435113428
       -0.7070944582410054        0.5257507707481518
       -0.7256742327579961        0.6909927239253547
       -0.5361394613206737       -0.8418070712975227
       -0.6429935347417041       -0.6666365493826958
       -0.4893391627936682        0.1686022597228427
       -0.5773112043181917        0.2331175628782608
       -0.4480107042128720       -1.0000000006635004
       -0.4450893906839116       -0.7132387683455572
       -0.4935433681809561       -0.4302073151112840
       -0.4169724930855504       -0.3523701251846054
       -0.4920543310121183       -0.2146165225248089
       -0.5711450793668471       -0.0652242938784437
       -0.5644217638910521        0.1078734253982585
       -0.5229135878457288        0.3335200926443374
       -0.7129956479475991        0.8746253568598531
       -0.3466450254990923       -0.8523411346186724
       -0.3675650326108196       -0.4655225462832114
       -0.5500915288649517       -0.3254046829012979
       -0.4406238072635153       -0.2726211757941123
       -0.4240497231643502       -0.1723412595795870
       -0.5008828797940458       -0.1236119774933041
       -0.4663934996219149       -0.0429482261988826
       -0.5304022883354806        0.0211919142652369
       -0.4227727632435485        0.1418451236433332
       -0.5602729994295691        0.4488095847449348
       -0.4967340820828249       -0.5673892248784886
       -0.3854051397790100       -0.2268116001905805
       -0.3765205919354169       -0.1350268258073843
       -0.4329161886561572       -0.1030706077887407
       -0.3980397044120632       -0.0395524170363267
       -0.4484651989538369        0.0213491410601500
       -0.3958023076243509        0.0577973471127212
       -0.4614744296209079        0.0856907423263229
       -0.4577384047392356        0.2492737496786988
       -0.4330235807028992        0.4538673436569831
       -0.5492249675732847        0.6055999757202375
       -0.5155034489078261        0.8797604410749447
       -0.4336693299085174        1.0000000010299412
       -0.2509860634378170       -0.4738088232688915
       -0.2576907573355235       -0.3863353949652896
       -0.2964297703259312       -0.3245497494890309
       -0.3336316558404078       -0.3808131255038951
       -0.3541294314785099       -0.2906018412645125
       -0.3268021078142081       -0.2306520804881091
       -0.3563224699636812       -0.1817533961593320
       -0.3908151618097917       -0.0852262226968970
       -0.3999527865012054        0.0061456221747630
       -0.3864349084177240        0.1032863089445575
       -0.3681954499404116        0.1563077439135470
       -0.4020072598074780        0.2043198437763471
       -0.4171359347951155        0.3360380843629053
       -0.3108909467380859        0.4591809041981604
       -0.3723652438034639        0.5690285745206228
       -0.5934266349629647        0.7582148476564395
       -0.4230537352004644        0.7235550555688559
       -0.3356268058581684        0.8537092938588133
       -0.2554550421183864        1.0000000008894581
       -0.2486323400685813       -0.7013174000903923
       -0.3245042570965340       -0.5747981128839685
       -0.0790646167582402       -0.5333526895513192
       -0.1924826051961325       -0.4088030656633541
       -0.2487696847570907       -0.3132309751404664
       -0.2933987080551649       -0.2718771749818271
       -0.3439566731968476        0.2041906143581675
       -0.3161693504650959        0.2450243697241322
       -0.3706977575328444        0.2672034326027000
       -0.3213303930424497        0.3141336965689483
       -0.3474348752367015        0.3804353264206228
       -0.2250446283263759        0.4533127752161444
       -0.1834711554273753       -0.5669946876336110
       -0.1507428101395507       -0.4651098998218748
       -0.2089974504349007       -0.3410572764668756
       -0.2844287799467026        0.2812477006787313
       -0.2497237283712114        0.3124708939729411
       -0.2699683676441349        0.3712063338710355
       -0.2436772797145915        0.5553012800279270
       -0.2493099220217144        0.6946927445308989
       -0.0739094330528173        0.7113057943985229
       -0.1677231222425708        0.8506179948368618
       -0.2619524715609183       -1.0000000007018319
       -0.1610748446442288       -0.8426343797166745
       -0.1653079600319071       -0.3642434328798793
       -0.2092622040251186        0.3408948956917696
       -0.2084581159663434        0.3912298168028361
       -0.1472552551472971        0.4234884046841301
       -0.1472850621377815        0.4964816594040894
        0.1002402522409913        0.7074627791916994
       -0.1306787232659589        0.5966548964653527
        0.1826080727504623        0.8697353441317075
        0.0087009855136706        0.8545540019475283
       -0.0793810178995102        1.0000000008408907
       -0.0797495651142806       -0.4461593774369700
       -0.1586873686118940        0.3671761416726673
       -0.0804744668734096        0.4450986462859197
       -0.0541298592699285        0.5190661432926190
       -0.0827322693909822       -1.0000000006526930
       -0.0785209908477845       -0.6648537053043548
       -0.1232103905665006       -0.3882234384412164
       -0.1068578638376582        0.3854625750273975
       -0.0563840551621381        0.3960061089342313
        0.0045397747342573        0.6048638047883143
        0.0101254138236645       -0.8363558074232053
       -0.0114388486768877       -0.4623682659357558
       -0.0255765508926133       -0.3991814626966883
       -0.0747021239356711       -0.3929625845315939
        0.0991411205180153        1.0000000010071868
        0.0252602344021026       -0.3992016040176031
       -0.0096821385171282        0.3998828029706895
       -0.0087859261338387        0.4508217059322887
        0.0427102491228638        0.5111800941409028
        0.0383080810996589        0.3981613882767605
        0.0652493703688272        0.4431883297217211
        0.1250175135292093        0.5761210921566275
        0.0727061752973230       -0.6646003840972780
        0.0595007779532799       -0.4605127054303188
        0.0766726599639143       -0.3925828616054616
        0.0922724314435428        0.3892117655949839
        0.1334117705866845        0.4195526965959998
        0.1341569803998920        0.4838285133894670
        0.2407393106855003        0.6146848089023199
        0.0167833244565968       -0.5530866467656548
        0.1313447012922683       -0.4437441089808044
        0.1250302274127309       -0.3799571584689560
        0.1494470150376382        0.3710331381077263
        0.1700209519083188       -0.3620675019947505
        0.1947767210594606        0.3493737665360545
        0.2485903208283850        0.3718472651361476
        0.1999732407281955        0.4182040998514813
        0.2877479240885498        1.0000000008828851
        0.1831411808821988       -0.8204668639650284
        0.2070417183525824       -0.6227303839013747
        0.1224147325607293       -0.5330520622170272
        0.1912199586732465       -0.4109144553794807
        0.2422682381818369        0.3182861930569212
        0.3146026722279589        0.3489780652909518
        0.2934921805140858        0.4357877387361996
        0.2235149737153881        0.5006415537381883
        0.2742561282757250        0.7565274559772200
        0.0924664170512239       -1.0000000004418141
        0.4211540814854198        0.6877920516994609
        0.2233082025042554       -0.4874051992318540
        0.2119258849525256       -0.3392453674899266
        0.3131206073959471        0.2489085882583218
        0.2781253359440884        0.2874826907792765
        0.2598220134531485       -1.0000000006590837
        0.3469519437447089       -0.7112408382132509
        0.2529691772738111       -0.3858367296918208
        0.2524495103563958       -0.3102728552196090
        0.2920043976151094       -0.2733741608764221
        0.3256023451638025       -0.2323426625709918
        0.3510789446264057       -0.1916861361776864
        0.3631687232495947        0.1676558336397418
        0.3402742497721354        0.2102699103335347
        0.3859384811482126        0.2366278383443485
        0.3435254709332734        0.2905816439536184
        0.3937448691275289        0.4151402748092441
        0.3482892491612204        0.5380675808843550
        0.3222403684289710       -0.4325491686541968
        0.3106074718588834       -0.3375926296437736
        0.3609199777817205       -0.2808493187800108
        0.3979709141817515       -0.2151049475885025
        0.3717136326402407       -0.1477463206612559
        0.3890651960648039       -0.0928884989405852
        0.3975754697793909       -0.0439743767558530
        0.3997407970376156        0.0143977460834550
        0.3818133691765942        0.1192415662010620
        0.4465769524212390        0.1080120633948343
        0.4238856132391888        0.1751399061370698
        0.4662685715149407        0.2521600458259480
        0.4115492481258910        0.3246364201738209
        0.5245759253540438        0.3664097976705597
        0.3843856792722310        0.8660535141753559
        0.5219671319266084       -0.8181573561978507
        0.3315433219057357       -0.5485503968203820
        0.4508766809663260       -0.4757623250211730
        0.4600756370117534       -0.0886745946623170
        0.4469762445905665       -0.0217226025919859
        0.3943297379398246        0.0671122782964302
        0.5146887139290147        0.1583008298198098
        0.4893914642324300        0.5093539093390557
        0.3543658384708272       -0.8643789822374863
        0.4995864430001296       -0.6331907530786498
        0.3971616310355661       -0.3622301976544613
        0.4519324952194441       -0.2758160621303791
        0.4191329693217805       -0.1441217814051961
        0.4772674030689832       -0.1796375340018608
        0.4597799994341544        0.0442213625555120
        0.6432660798224692       -0.5033782272501470
        0.5240863787411062       -0.3676629237066745
        0.5259390863041659       -0.0207852977500453
        0.5467297404447394        0.0724496961612143
        0.5753197022596797        0.6623719210204008
        0.4759796956737204        1.0000000008620833
        0.4475916819631927       -1.0000000006560950
        0.6626898395765393       -0.6767660906257434
        0.5627752528052504       -0.2347458335754590
        0.5562293219896310       -0.1126954187644684
        0.6595367624483455        0.1349642304050637
        0.5737746943109603        0.2441171309102642
        0.5478395979402982        0.8351827578198731
        0.6143147806650308       -1.0000000005164011
        0.6732230775059332       -0.3277387327629293
        0.6920788597352397       -0.8450712082119410
        0.6466982029222089       -0.0094949407982441
        0.6938187709741386        0.3102036678032022
        0.6615807559023147        0.4784656600302934
        0.7048525904896678        0.8225976720402692
        0.6484549095987570        1.0000000005056342
        0.8348217411202926       -0.7238545527856551
        0.8270603452596458       -0.4233897823229878
        0.8359753758980955       -0.2728478752990703
        0.6856688958779198       -0.1503722682742448
        0.8347162469236282        0.1721376867816662
        0.7152883528755293        0.6423367404851379
        0.8544956450877940        0.8478982122849880
        0.8240481322617769       -0.5693240367561165
        0.8147140227719757        0.0157446445690958
        0.8463819815022653        0.3389135786322990
        0.8327496875227355        0.4989936840633664
        0.8560884205775620       -0.1277109973240030
        1.0000000003811929        0.0567655307717152
        0.8536640667986301        0.6792153592842992
        0.7948126516448343       -1.0000000010079713
        0.8696737742866371       -0.8825003743685752
        1.0000000005753100       -0.2858784047372557
        1.0000000007090537        0.3892221523561721
        0.8184254625288697        1.0000000006784184
        1.0000000009392880       -0.8062961799267564
        1.0000000005420746       -0.6315886483343170
        1.0000000004786616       -0.4603547495469656
        1.0000000006510490        0.2230057350537840
        1.0000000005794698        0.5457719649412481
        1.0000000008193486        0.7015319389039297
        1.0000000008000338       -0.1092734617588460
        1.0000000008025918        0.8518308712040308
