            15            12            29
            24            25             8
           249           269           264
           213           214           197
           263             3           267
           240           242           212
           212           242           234
             2            15            13
            15            29            13
           245           257           258
             4           266           254
           254           274             4
           254           272           274
           129           145           130
           128           145           129
            17            18             1
            31            57            37
            18            17             5
            10             8            25
             9            27            14
            14            27            28
            32            27            37
            28            27            32
           262           263           242
           242           240           262
             3           263           262
           212           234           221
           214           213           221
           267           268           248
           248           263           267
           242           263           248
           248           234           242
            43            42            47
           219           179           196
           175           195           196
           196           195           219
            21            12            11
            21            29            12
           127           115           125
           125           115           108
            91           115            92
           108           115            91
            35            13            54
            54            13            29
           257           270           265
           271           258           265
           265           258           257
           272           254           261
           271           272           261
           261           258           271
           244           257           245
           166           165           173
           174           166           173
           174           195           175
           175           166           174
           219           195           210
           245           219           210
           210           244           245
           238           244           210
           118           129           130
           211           128           177
           177           179           211
           167           166           175
           163           165           167
           165           166           167
           129           118           117
            30            42            43
            23            31            37
            37            27            23
             9             7            23
            23            27             9
             6             5            26
            26             5            17
            26            30            43
            17            30            26
            50            57            58
           105           106            90
           197           214           222
           214           228           222
            50            58            59
            19            28            24
            19            14            28
            24             8            19
            38            32            37
            38            57            50
            37            57            38
           212           221           185
           185           221           213
            16            17             1
            16            30            17
           184           169           178
           227           221           234
           227           241           228
           227           228           214
           214           221           227
           249           241           227
           255           248           268
           255           269           249
           255           268           269
           249           227           255
           234           248           255
           255           227           234
            55            47            42
            57            31            48
            96            77            95
            96           118           130
            95           118            96
            95            77            76
            76            77            35
            35            54            76
            76            54            93
           211           232           168
           168           128           211
           168           145           128
            20            21            11
            11            10            20
            20            10            25
            75            93            41
            29            21            41
            41            54            29
            93            54            41
            92            75            74
            74            53            90
            74            91            92
            92           115           116
           116           118            95
           116           115           127
           127           117           116
           116           117           118
           108            91           114
           245           258           253
           258           261           253
           148           147           150
           139           147           148
           249           264           250
           250           241           249
           195           174           209
           209           210           195
           159           196           179
           179           177           159
           152           149           158
           129           117           126
           128           129           126
           126           177           128
           152           159           126
           126           159           177
           148           149           134
           127           125           134
            31            23            36
            43            31            36
            36            26            43
             6            26            36
            36             7             6
            36            23             7
            83            82           102
           103           105            89
            89            88           103
            63            88            89
           104           105           103
           106           105           104
           104           112           106
           228           241           235
            84            59            66
            66            59            58
            83            84            66
            66            82            83
            66            58            82
            87            88            63
            33            25            24
            45            33            52
            70            86            71
            61            70            62
            86            70            61
            32            38            51
            51            61            62
           233           240           212
           185           169           220
           169           184           220
           184           233           220
           212           185           220
           220           233           212
           120           119           135
            55           119           120
            49            58            57
            57            48            49
            82            58            49
            43            47            65
            65            31            43
            65            48            31
            64            74            75
            53            74            64
            21            20            40
            40            41            21
            75            41            40
            40            64            75
           107            74            90
            91            74           107
            90           106           107
           106           114           107
           107           114            91
            92           116            94
            94           116            95
            94            75            92
            94            93            75
            94            76            93
            95            76            94
           122           132           123
           123           114           122
           108           114           123
           106           112           113
           113           114           106
           122           114           113
           231           219           245
           245           253           231
           231           179           219
           239           232           211
           239           247           232
           211           179           239
           179           231           239
           124           123           132
           124           125           108
           108           123           124
           138           124           132
           237           244           238
           260           256           273
           193           209           194
           194           209           174
           238           210           208
           210           209           208
           208           209           193
           176           159           152
           152           158           176
           175           196           176
           196           159           176
           176           167           175
           176           158           167
           151           158           149
           151           149           148
           148           150           151
           151           150           156
           157           156           163
           163           167           157
           167           158           157
           157           151           156
           158           151           157
           140           126           117
           140           134           149
           140           149           152
           152           126           140
           140           117           127
           127           134           140
            73            53            45
            90            53            73
            73           105            90
            73            89           105
           172           162           161
           241           250           251
           251           235           241
            67            59            84
            68            59            67
            67            85            68
           121           111           100
           172           186           181
           187           181           186
           154           146           142
            63            89            44
            89            73            44
            45            52            44
            44            73            45
            72            52            62
            62            70            72
            72            44            52
            63            44            72
            72            70            71
            71            87            72
            72            87            63
            86            61            69
            68            85            69
            69            61            68
            39            52            33
            32            51            39
            62            52            39
            39            51            62
            28            32            39
            24            28            39
            39            33            24
            60            38            50
            60            51            38
            50            59            60
            60            59            68
            68            61            60
            61            51            60
            46            55            42
            46           119            55
           141           169           153
           178           169           141
           135           178           141
           141           120           135
           136           141           153
           120           141           136
            47            55            97
            55           120            97
           120           136            97
            80           102            82
           101           102            80
            56            49            48
            48            65            56
            64            40            34
            34            20            25
            34            40            20
            25            33            34
            34            33            45
            45            53            34
            53            64            34
           246           231           253
           246           239           231
           246           261           254
           246           253           261
           247           239           246
           246           254           266
           266           247           246
           133           139           148
           148           134           133
           133           138           139
           124           138           133
           133           134           125
           125           124           133
           216           204           203
           257           244           252
           244           237           252
           252           237           256
           252           270           257
           260           270           252
           252           256           260
           155           146           154
           154           161           155
           155           161           162
           172           161           180
           180           213           197
           197           186           180
           180           186           172
           171           161           154
           171           180           161
           223           222           228
           228           235           223
           235           225           223
           236           225           235
           235           251           236
           259           251           250
           256           251           259
           259           273           256
           259           250           264
           264           273           259
           256           237           243
           243           251           256
           229           236           243
           243           236           251
           164           162           172
           172           181           164
           198           187           186
           197           222           198
           198           186           197
           188           187           198
           183           174           173
           183           194           174
           193           192           191
            42            30            22
            22            46            42
            30            16            22
           160           136           153
           153           171           160
           154           142           160
           160           171           154
           109            97           136
            82            49            81
            81            80            82
            49            56            81
           170           171           153
           153           169           170
           170           169           185
           170           185           213
           213           180           170
           180           171           170
           200           223           225
           225           224           200
           190           189           200
           217           206           205
           230           243           237
           229           243           230
           131           144           137
           137           144           121
           137           121           100
           131           142           143
           143           144           131
           143           142           146
           194           183           182
           193           194           182
           182           192           193
           205           206           207
           207           191           205
           193           191           207
           207           208           193
           110           137           100
           131           137           110
           136           160            99
            99           109           136
            99           142           131
            99           160           142
           131           110            99
            99           110           109
            78            81            56
            78           110           100
           109           110            78
           224           202           201
           190           200           201
           201           200           224
           215           202           224
           216           203           215
           203           202           215
           215           229           216
           215           236           229
           225           236           215
           215           224           225
           199           200           189
           223           200           199
           222           223           199
           199           198           222
           199           189           188
           188           198           199
           218           237           238
           218           230           237
           206           230           218
           218           207           206
           238           208           218
           208           207           218
           226           230           206
           226           204           216
           216           229           226
           229           230           226
           226           217           204
           206           217           226
            79            78           100
            81            78            79
           100           111            79
            80            81            79
            79           111           101
           101            80            79
            97           109            98
           109            78            98
            98            78            56
            47            97            98
            98            65            47
            98            56            65
