        0.4330127018922194        0.2500000000000000
        0.0000000000000000        0.5000000000000000
       -0.4330127018922194        0.2500000000000000
       -0.4330127018922194       -0.2499999999999999
       -0.0000000000000001       -0.5000000000000000
        0.4330127018922192       -0.2500000000000002
        1.0000000000000000        0.0000000000000000
        0.5000000000000001        0.8660254037844386
       -0.4999999999999998        0.8660254037844387
       -1.0000000000000000        0.0000000000000001
       -0.5000000000000004       -0.8660254037844385
        0.5000000000000001       -0.8660254037844386
       -0.9534723848176557       -0.0805881933687496
       -0.8669106596552522       -0.2305174992275188
       -0.9098809333231732       -0.1560908020080461
       -0.8833245588786561       -0.0082026144479714
       -0.9500143105749271        0.0865777533778121
       -0.8987008002399359        0.1754553604384676
       -0.7735064214586890       -0.3922983853424024
       -0.8210618302100591       -0.3099300011377617
       -0.7694792276004981       -0.1994516507226419
       -0.8289572726682577       -0.1057723124553902
       -0.7738387750105129       -0.0106214755063387
       -0.8377660411964503        0.0835551403044928
       -0.7788006201535967        0.1696085733988466
       -0.8494111535431281        0.2608275331165345
       -0.7989127048381153        0.3482934117501359
       -0.6780367890567419       -0.5576566390873819
       -0.7253382367922924       -0.4757281287047025
       -0.6637692198690580       -0.3847693805645410
       -0.7179427651959430       -0.2906649211228915
       -0.6564468277164167       -0.1942199830197947
       -0.7202905937002194       -0.1050229240679812
       -0.6611276514161649       -0.0131026718263254
       -0.7248678641950133        0.0819658961850782
       -0.6521543569668674        0.1676843103889124
       -0.7368677607694284        0.2540612783211185
       -0.6890952626521822        0.3484896712548138
       -0.7470648659755121        0.4380965029359302
       -0.6973264954560575        0.5242458877852746
       -0.5895488732488611       -0.7109222057882379
       -0.6325318362919847       -0.6364735298855425
       -0.5563453532565730       -0.5673265666753681
       -0.6091700194682614       -0.4782227327960823
       -0.5549056555445354       -0.3883423944904231
       -0.6128072322551787       -0.2888514283597973
       -0.5428146830925098       -0.1966630223778718
       -0.6102867333596108       -0.0981832730877273
       -0.5396283303584156        0.0059594563021180
       -0.6180290769928833        0.0742339397050335
       -0.5329523536492752        0.1222874695757266
       -0.6321153942945832        0.2585692995121089
       -0.5744547870175833        0.3377658854177121
       -0.6306773485845264        0.4318609043646667
       -0.5820891201192462        0.5178324422965896
       -0.6474546949456134        0.6106263800746222
       -0.5984496915743494        0.6955055358729183
       -0.5462724713726240       -0.7858791319938582
       -0.4498376501530783       -0.7606373137906591
       -0.5064208377551336       -0.6649009136056140
       -0.4499058559082894       -0.5707849015819260
       -0.4941903823563019       -0.4720531245480556
       -0.4393845381781338       -0.3726001271493464
       -0.5128431689830719       -0.2977236848746614
       -0.4330127019967366       -0.1519601103056820
       -0.5177089684324051       -0.0953813220456124
       -0.4330127020065828       -0.0425092327780951
       -0.4330127019533705        0.0562108727025512
       -0.4330127019782475        0.1554276738306201
       -0.5360454077047282        0.2257281553194137
       -0.4720809894754708        0.3341192600536979
       -0.5139058391350845        0.4263546849024129
       -0.4655721958026000        0.5049272431288215
       -0.5295894834689042        0.6007493734868476
       -0.4837019331745254        0.6875367155608141
       -0.5486979412514926        0.7816780951444336
       -0.4066762078071255        0.8660254036892269
       -0.4010336683893834       -0.8660254036942545
       -0.3491597530687708       -0.7676267737246127
       -0.3982744784647643       -0.6643287145934748
       -0.3407138029076754       -0.5657919103710346
       -0.3872003173849209       -0.4795809771418006
       -0.3384230539634100       -0.4017851070990899
       -0.3472837539220918       -0.2994956312925465
       -0.3594928080564140        0.2924467305720707
       -0.3895566307060462        0.4046583528868538
       -0.3612919542046434        0.5061975427138661
       -0.4128229996278779        0.5962494736497019
       -0.3665821442774339        0.6763524837974370
       -0.4302988233549589        0.7697940919564870
       -0.3195936679487715        0.8660254036747868
       -0.2991201226944021       -0.8660254036934437
       -0.2461062336347073       -0.7622281052556604
       -0.2966109884135613       -0.6694844208593429
       -0.2441595696417721       -0.5720717375616764
       -0.2604876796964224       -0.4714023711776731
       -0.2518497072843663       -0.3545945037905269
       -0.2885623687818946        0.3333984387247643
       -0.2778280138194185        0.4542571142380366
       -0.2864140799119610        0.5788932767390431
       -0.2644552521968512        0.6757029821994375
       -0.3184805856132717        0.7722347817004649
       -0.2320651258007551        0.8660254037090166
       -0.1999876593096590       -0.8660254036920689
       -0.1501483018393106       -0.7641457483990830
       -0.1908451988313234       -0.6541713601537020
       -0.1566659292521418       -0.5296996610009927
       -0.1658013690673867       -0.4042745349295679
       -0.2155630696044104        0.3755446038041313
       -0.1464029349952312        0.4154742261227488
       -0.1922577921290574        0.5209842815741267
       -0.1704978571117800        0.6449112700740571
       -0.2074887387828267        0.7619770393072153
       -0.1411441012160662        0.8660254037091537
       -0.1002272860405921       -0.8660254036905091
       -0.0500591169671377       -0.7652186367052228
       -0.1016313392839141       -0.6647366561764656
       -0.0629069266668664       -0.5733105015379081
       -0.0826684512030048       -0.4522713474866158
       -0.0757584832605231        0.4562608193525993
       -0.1011224335671524        0.5631964739935267
       -0.0617896736728619        0.6725922324331922
       -0.1101384056950396        0.7598514517412461
       -0.0484634911855209        0.8660254037137264
       -0.0000000000581113       -0.8660254036880798
        0.0500591167865058       -0.7652186369056827
       -0.0000000000644080       -0.6645183658477689
        0.0629069271197681       -0.5733105016216641
        0.0757584833604139        0.4562608192659779
       -0.0000000000222908        0.5956838151302813
        0.0617896736324063        0.6725922324375886
       -0.0000000000148309        0.7653073280582636
        0.0484634911717657        0.8660254037137264
        0.1002272860153554       -0.8660254036905091
        0.1501483018409253       -0.7641457484470651
        0.1016313389905845       -0.6647366566388829
        0.1566659294196086       -0.5296996606986564
        0.0826684510957717       -0.4522713475752507
        0.1464029350019059        0.4154742260584724
        0.1011224335286560        0.5631964740165163
        0.1704978570740476        0.6449112700797669
        0.1101384056678025        0.7598514517431511
        0.1411441012045600        0.8660254037091537
        0.1999876593104525       -0.8660254036920690
        0.2461062335453632       -0.7622281051486874
        0.1908451985260058       -0.6541713599263925
        0.2441595697034001       -0.5720717375569894
        0.1658013691977220       -0.4042745349224233
        0.2518497073245744       -0.3545945038514065
        0.2155630696506084        0.3755446037292470
        0.2778280137881375        0.4542571142368099
        0.1922577920846122        0.5209842815726831
        0.2644552521588374        0.6757029821888801
        0.2074887387572999        0.7619770393069267
        0.2320651257916148        0.8660254037090166
        0.2991201226573380       -0.8660254036934437
        0.3491597529988581       -0.7676267737261319
        0.2966109882484759       -0.6694844208489847
        0.3407138029569980       -0.5657919103964194
        0.2604876798674484       -0.4714023711521511
        0.3384230540764596       -0.4017851070594654
        0.3594928079758770        0.2924467306078712
        0.2885623688013689        0.3333984387135208
        0.3612919541727130        0.5061975426982941
        0.2864140798797573        0.5788932767315467
        0.3665821442308644        0.6763524838094704
        0.3184805855813144        0.7722347817016353
        0.3195936679487775        0.8660254036747866
        0.4010336683672957       -0.8660254036942546
        0.4498376501259283       -0.7606373138205311
        0.3982744783863462       -0.6643287146288784
        0.4499058559258591       -0.5707849016271115
        0.3872003174683719       -0.4795809771568584
        0.4393845382464570       -0.3726001271524617
        0.3472837540277314       -0.2994956312489891
        0.4330127019967364       -0.1519601103124242
        0.4330127020065827       -0.0425092327920380
        0.4330127019782474        0.1554276738243664
        0.4720809894795986        0.3341192600483482
        0.3895566306926405        0.4046583528969994
        0.4655721957458437        0.5049272431494041
        0.4128229995669550        0.5962494736588895
        0.4837019331738103        0.6875367156261514
        0.4302988233528742        0.7697940919789272
        0.4066762078020044        0.8660254036892268
        0.5462724714407400       -0.7858791320459046
        0.5895488730034835       -0.7109222057112263
        0.5064208377316785       -0.6649009136298055
        0.5563453532235644       -0.5673265667414865
        0.4941903823995662       -0.4720531245742528
        0.5549056555554067       -0.3883423944692703
        0.5128431689975570       -0.2977236848414174
        0.5428146831118313       -0.1966630223523288
        0.5177089684447963       -0.0953813220502457
        0.5396283303838810        0.0059594562883883
        0.4330127019533704        0.0562108726814187
        0.5329523536361425        0.1222874695559986
        0.5360454077001388        0.2257281553229434
        0.5744547869980319        0.3377658854709658
        0.5139058390713355        0.4263546849291876
        0.5820891200302409        0.5178324423785796
        0.5295894833827812        0.6007493735665583
        0.5984496916344639        0.6955055360520913
        0.5486979411829237        0.7816780950843213
        0.6325318360482722       -0.6364735299239024
        0.6780367890992189       -0.5576566392576318
        0.6091700194190046       -0.4782227327604159
        0.6637692198546741       -0.3847693805150393
        0.6128072322527799       -0.2888514283104262
        0.6564468277683766       -0.1942199829759455
        0.6102867334000123       -0.0981832730636137
        0.6611276514875332       -0.0131026718075159
        0.6180290770067239        0.0742339397096442
        0.6521543569416143        0.1676843104411000
        0.6321153942661129        0.2585692996080442
        0.6890952625746449        0.3484896714182447
        0.6306773485159725        0.4318609044996379
        0.6973264951952971        0.5242458880246447
        0.6474546948442480        0.6106263801270334
        0.7253382366742571       -0.4757281288591441
        0.7735064214160109       -0.3922983854905996
        0.7179427651937264       -0.2906649211063294
        0.7694792276632957       -0.1994516508171057
        0.7202905937591186       -0.1050229240640428
        0.7738387751032206       -0.0106214754849973
        0.7248678642033155        0.0819658962390564
        0.7788006201019653        0.1696085735880799
        0.7368677607026556        0.2540612784689819
        0.7989127044270710        0.3482934126575030
        0.7470648657767368        0.4380965033659360
        0.8210618299411347       -0.3099300017510319
        0.8669106594225086       -0.2305174996950797
        0.8289572726513695       -0.1057723124932220
        0.8833245589497403       -0.0082026144095082
        0.8377660411279015        0.0835551404088454
        0.8987008000049795        0.1754553609948582
        0.8494111533232144        0.2608275334076379
        0.9098809330763060       -0.1560908024765132
        0.9534723848168443       -0.0805881936561296
        0.9500143104541598        0.0865777537927856
