     -0.996105        0.419560  
     -1.003866       -0.144828  
     -1.004096        0.052278  
     -1.002795        0.238241  
     -0.960917       -0.631584  
     -0.989963       -0.474878  
     -0.841142       -0.221265  
     -0.840261        0.133149  
     -0.909917        0.757826  
     -0.840429       -0.368504  
     -1.000569       -0.315290  
     -0.971364        0.592937  
     -0.899471       -0.773239  
     -0.697137        0.123361  
     -0.860526        0.309102  
     -0.811322        0.606253  
     -0.721244       -0.431437  
     -0.845802       -0.053399  
     -0.715971       -0.005353  
     -0.844775        0.465580  
     -0.784433        0.893163  
     -0.706387       -0.770376  
     -0.781673       -0.653727  
     -0.828545       -0.520112  
     -0.709188       -0.283455  
     -0.710810       -0.152330  
     -0.730626        0.390934  
     -0.657517        0.642260  
     -0.755522        0.737038  
     -0.798832       -0.883514  
     -0.676709       -0.557916  
     -0.633871       -0.367407  
     -0.594963       -0.184432  
     -0.598241       -0.078170  
     -0.591952        0.041709  
     -0.638085        0.227035  
     -0.745019        0.254631  
     -0.701389        0.517510  
     -0.632395        0.801778  
     -0.625662        0.962886  
     -0.573122       -0.817824  
     -0.616607       -0.667859  
     -0.596446       -0.476590  
     -0.580984       -0.274770  
     -0.573788        0.151321  
     -0.633708        0.337529  
     -0.571053        0.556203  
     -0.541742        0.694647  
     -0.666552       -0.950215  
     -0.538963       -0.372637  
     -0.495214       -0.205079  
     -0.552756        0.267502  
     -0.604909        0.448357  
     -0.472569        0.598864  
     -0.424388        0.731237  
     -0.499592        0.842619  
     -0.497772       -0.463529  
     -0.484374       -0.287622  
     -0.498293       -0.117527  
     -0.497967       -0.015679  
     -0.497415        0.093650  
     -0.494804        0.196344  
     -0.534499        0.375888  
     -0.490142        0.476668  
     -0.458913        0.992224  
     -0.531535       -0.577224  
     -0.456363       -0.368340  
     -0.481603        0.295452  
     -0.395370        0.440215  
     -0.372171        0.634456  
     -0.353013        0.862797  
     -0.493110       -0.706889  
     -0.429007       -0.525024  
     -0.449770        0.380553  
     -0.398960        0.529247  
     -0.407864       -0.430463  
     -0.318190        0.476101  
     -0.299188        0.747989  
     -0.289207        1.001017  
     -0.438528       -0.845427  
     -0.416092       -0.625848  
     -0.300371        0.551706  
     -0.272890        0.637875  
     -0.194841        0.844819  
     -0.524941       -0.983556  
     -0.341852       -0.468789  
     -0.197061        0.575183  
     -0.364546       -0.738399  
     -0.337408       -0.555963  
     -0.230172        0.492622  
     -0.294691       -0.858597  
     -0.298538       -0.652255  
     -0.265706       -0.488192  
     -0.107315        0.599741  
     -0.188516        0.696411  
     -0.122977        1.003286  
     -0.379954       -0.997897  
     -0.175731       -0.656894  
     -0.244228       -0.572424  
     -0.142578        0.498002  
     -0.229743       -1.002335  
     -0.226336       -0.747503  
     -0.098982       -0.497840  
     -0.087867        0.724170  
     -0.141146       -0.848643  
     -0.152332       -0.567062  
     -0.186778       -0.495417  
     -0.056556        0.498560  
     -0.076509       -0.719923  
      0.050726        0.712595  
      0.023922       -0.848970  
     -0.067089       -0.597824  
     -0.013653       -0.498875  
     -0.007428        0.594788  
      0.158689        0.685123  
     -0.029679        0.856313  
     -0.073426       -1.004067  
      0.072914       -0.498242  
      0.101397        0.587684  
      0.083116        1.003683  
      0.082445       -0.731642  
      0.035635       -0.616504  
      0.114235       -1.004004  
      0.185466       -0.861347  
      0.159767       -0.651409  
      0.053255        0.498230  
      0.215393       -0.753362  
      0.117654       -0.567507  
      0.201827        0.579708  
      0.144812        0.497833  
      0.142651        0.842859  
      0.268174       -0.641657  
      0.216678       -0.564190  
      0.164595       -0.496232  
      0.274753       -1.001872  
      0.342884       -0.857383  
      0.230397        0.492945  
      0.249330        1.001924  
      0.322739       -0.735317  
      0.251365       -0.489784  
      0.314153        0.477721  
      0.280078        0.651514  
      0.241434        0.758255  
      0.421779        0.995603  
      0.425376       -0.994800  
      0.314923       -0.552905  
      0.334695       -0.470828  
      0.388358        0.444883  
      0.303490        0.559355  
      0.431840       -0.739325  
      0.409122       -0.429348  
      0.401452        0.534355  
      0.365421        0.744159  
      0.308575        0.869672  
      0.376337       -0.628416  
      0.408980       -0.524426  
      0.462468       -0.354370  
      0.480165        0.479124  
      0.394387        0.629522  
      0.503174       -0.846014  
      0.475974       -0.617870  
      0.499573       -0.430891  
      0.487131       -0.270923  
      0.496070       -0.181145  
      0.497758        0.019722  
      0.494619        0.213353  
      0.479395        0.305445  
      0.446015        0.386152  
      0.508679        0.588902  
      0.461300        0.851320  
      0.500111       -0.511726  
      0.574787       -0.245610  
      0.585876       -0.138984  
      0.498060       -0.084495  
      0.497697        0.125626  
      0.531715        0.390924  
      0.581703        0.499876  
      0.593303        0.686131  
      0.591210        0.971802  
      0.550340       -0.348925  
      0.679738       -0.202873  
      0.584901        0.084328  
      0.557119        0.288517  
      0.482939        0.716379  
      0.572776       -0.975294  
      0.605650       -0.450433  
      0.599340        0.183277  
      0.624606        0.396089  
      0.656775        0.597046  
      0.549081       -0.709176  
      0.582879       -0.571564  
      0.643029       -0.332030  
      0.602296       -0.027896  
      0.646629        0.288184  
      0.711277        0.489704  
      0.603981        0.821766  
      0.663488       -0.664825  
      0.702050       -0.541196  
      0.704668        0.078402  
      0.726636        0.216321  
      0.740768        0.363066  
      0.730189        0.741902  
      0.758534        0.908466  
      0.706068       -0.936110  
      0.658672       -0.800925  
      0.752440       -0.289438  
      0.714146       -0.084088  
      0.802564        0.619758  
      0.727222       -0.420587  
      0.846122        0.477793  
      0.892070        0.784238  
      0.829221       -0.856455  
      0.835450       -0.520680  
      0.839410       -0.010005  
      0.855297        0.319045  
      0.919517       -0.740903  
      0.788465       -0.675243  
      0.859077       -0.361593  
      0.840616       -0.185864  
      0.846392        0.161465  
      0.993520        0.447726  
      1.004327        0.091549  
      0.968767       -0.602611  
      1.001800       -0.276959  
      1.002490        0.273740  
      0.963896        0.621671  
      0.993776       -0.446680  
      1.003798       -0.102226  
