         117           105           101  
          97           101            91  
          91           101           105  
           8             4             3  
         136           135           145  
           7             2            11  
         124           135           136  
         111           105           117  
         111           124           121  
          97            91            80  
          72            41            80  
          44            50            58  
          57            50            43  
          43            66            57  
          57            66            73  
           6             5            24  
          25            17            32  
          32            44            25  
          50            44            32  
          43            50            32  
          32            17            43  
         208           226           211  
         118           113           122  
           7            25            26  
         110           115           131  
         216           217           212  
         223           217           216  
         213           217           223  
         223           227           213  
          97            80            85  
          41            49            85  
          85            80            41  
           7            11            10  
          10            25             7  
          10            17            25  
          10            24            17  
          10            11             6  
           6            24            10  
          79            65            71  
          71            84            79  
          79            84            96  
         135           124           123  
         123           111           117  
         124           111           123  
         102            91           105  
          58            50            67  
          50            57            67  
          42            41            72  
          72            66            42  
         189           208           202  
         202           203           196  
         202           208           211  
         211           203           202  
          96            84           116  
         110           131           116  
         158           152           148  
         169           152           158  
         178           169           189  
         189           202           178  
         178           202           196  
          95            94           104  
         110           116           104  
         104            84            95  
         104           116            84  
         110           104           114  
         114           104            94  
         114           108           126  
          94           108           114  
          87            94            95  
         119           114           126  
         119           115           110  
         110           114           119  
          60            34            59  
         121           122           109  
         105           111           109  
         109           111           121  
         109           102           105  
          98           102           109  
          19            26            34  
          25            44            33  
          33            26            25  
          34            26            33  
          33            59            34  
          78            84            71  
          95            84            78  
          54            70            55  
          55            78            71  
          70            78            55  
          75            70            54  
          54            55            48  
           9            12            16  
          16            20            38  
          16            12            20  
          21             9            29  
          29            39            21  
           9            16            29  
          21            39            40  
         185           204           205  
         197           190           205  
         205           204           212  
         205           217           197  
         212           217           205  
         150           190           161  
         156           171           151  
         161           171           156  
         186           171           191  
         191           171           161  
         191           190           197  
         161           190           191  
         127           124           136  
         121           124           127  
         118           122           128  
         128           134           118  
         207           219           214  
         214           199           207  
         164           173           174  
         172           173           164  
         164           163           172  
         186           192           180  
         180           172           163  
         192           172           180  
          96           116           120  
         120           116           131  
         196           203           179  
         179           144           170  
         170           196           179  
         222           214           228  
         214           219           228  
         219           224           228  
          20            12             1  
          23            24             5  
           5            13            23  
          88            80            91  
          91           102            88  
          72            80            88  
          98           106            99  
          93            89            99  
          76            57            73  
          76            67            57  
         167           166           183  
         130           119           126  
         183           166           187  
         226           208           210  
         222           225           220  
         220           214           222  
         220           199           214  
         159           152           169  
         159           153           142  
         142           149           159  
         159           149           152  
         170           144           154  
         154           153           170  
          83            87            95  
          95            78            83  
          83            78            70  
         100           108            94  
          94            87           100  
         100            87            90  
         129           149           142  
         137           149           129  
         142           115           129  
         115           119           129  
         129           130           137  
         119           130           129  
         107           106           103  
          93            99           107  
         107            99           106  
         112           109           122  
         112           122           113  
          98           109           112  
         112           106            98  
         113           103           112  
         103           106           112  
           7            26            18  
          26            19            18  
          18             2             7  
           3             2            18  
          18             8             3  
          18            19             8  
          59            33            51  
          51            44            58  
          51            33            44  
          65            40            56  
          56            40            39  
          71            65            56  
          56            55            71  
          39            48            56  
          56            48            55  
          54            48            47  
          38            53            47  
          28            48            39  
          39            29            28  
          28            47            48  
          38            47            28  
          28            16            38  
          28            29            16  
         155           150           161  
         161           156           155  
         190           150           160  
         185           205           160  
         160           205           190  
         160           145           185  
         136           145           160  
         160           150           136  
         125           127           132  
         121           127           125  
         125           122           121  
         125           128           122  
         206           219           181  
         219           207           181  
         181           207           173  
         173           172           181  
         181           192           206  
         181           172           192  
         193           207           199  
         173           207           193  
         165           174           193  
         193           174           173  
         218           213           227  
         227           224           218  
         218           219           206  
         218           224           219  
         209           192           186  
         213           218           209  
         206           192           209  
         209           218           206  
         157           180           163  
          17            24            31  
          24            23            31  
          43            17            31  
          31            23            42  
          31            66            43  
          31            42            66  
          22            13            30  
          22            23            13  
          42            23            22  
          41            42            22  
          30            49            22  
          22            49            41  
          72            88            81  
          81            89            73  
          81            66            72  
          73            66            81  
          92            99            89  
          89            81            92  
          92            81            88  
          92            88           102  
          92           102            98  
          98            99            92  
          73            89            86  
          86            76            73  
          86            89            93  
         165           193           182  
         199           187           182  
         182           193           199  
         226           210           221  
         215           210           201  
         215           220           225  
         225           221           215  
         215           221           210  
         200           215           201  
         220           215           200  
         200           187           199  
         199           220           200  
         141           149           137  
         148           152           141  
         152           149           141  
         195           188           201  
         201           210           195  
         195           208           189  
         195           210           208  
         189           169           177  
         169           158           177  
         177           195           189  
         188           195           177  
         176           177           158  
         188           177           176  
         176           167           183  
         183           188           176  
         153           159           184  
         170           153           184  
         169           178           184  
         184           159           169  
         184           196           170  
         184           178           196  
         138           154           144  
         138           120           131  
         131           154           138  
         142           153           143  
         153           154           143  
         143           115           142  
         143           131           115  
         143           154           131  
          90            87            82  
          87            83            82  
          70            75            82  
          82            83            70  
          35            19            34  
          35            34            60  
          60            61            35  
          64            47            53  
          74            69            64  
          64            69            75  
          64            75            54  
          54            47            64  
          27            53            38  
          27            46            53  
          38            20            27  
          52            62            68  
          68            74            63  
          63            52            68  
          46            52            63  
          53            46            63  
          63            64            53  
          74            64            63  
         139           155           132  
         150           155           139  
         132           127           139  
         136           150           139  
         139           127           136  
         147           156           151  
         134           128           133  
         128           125           133  
         133           125           132  
         133           140           134  
         186           191           198  
         198           209           186  
         198           191           197  
         213           209           198  
         197           217           198  
         217           213           198  
         180           157           162  
         162           171           186  
         186           180           162  
         151           171           162  
         162           157           151  
         165           182           175  
         175           187           166  
         175           182           187  
         194           200           201  
         194           188           183  
         201           188           194  
         183           187           194  
         187           200           194  
         168           158           148  
         168           176           158  
         167           176           168  
          77            82            75  
          75            69            77  
          90            82            77  
           4             8            15  
          15            27            20  
          15             1             4  
          20             1            15  
          62            52            45  
          61            62            45  
          45            35            61  
         146           155           156  
         156           147           146  
         132           155           146  
         146           147           140  
         146           133           132  
         140           133           146  
          36            52            46  
          36            45            52  
          45            36            14  
          19            35            14  
          35            45            14  
           8            19            14  
          46            27            37  
          37            36            46  
          27            15            37  
          37            15             8  
           8            14            37  
          37            14            36  
