           132           136           133
           132           126           120
            32            31            37
            64            55            63
            64            73            74
            64            63            73
            38            37            43
            38            39            32
            38            32            37
            82            74            73
            24            23            31
            14            22            15
            14            15             8
             3             6             1
             7             1             6
             7            14             8
             7             6            14
           127           132           133
           127           126           132
           131             2           136
           131           136           132
            36            43            37
            44            38            43
            44            43            49
            65            55            64
            56            57            50
            56            50            44
            56            44            49
            56            49            55
            56            55            65
            56            65            57
           109           102           108
           110           108           115
           110           109           108
            40            34            39
            40            41            34
            58            57            67
            58            50            57
            70            81            72
            70            72            71
           135             2           131
           125           132           120
           125           131           132
            91            74            82
            30            36            37
            30            31            23
            30            37            31
            42            49            43
            42            43            36
            25            31            32
            25            24            31
            25            16            24
            47            53            54
            47            41            40
            60            54            53
            60            62            54
            45            40            39
            45            39            38
            45            44            50
            45            38            44
            13            14             6
            11            19            20
            11             4            10
            79            70            69
            79            69            68
            79            68            78
            90            91            82
            77            68            67
            77            78            68
            83            91            92
            83            74            91
            75            65            64
            75            64            74
            75            74            83
            75            83            76
           106           113           107
           106           107           100
           114           120           126
           101           100           107
            48            63            55
            48            55            49
            48            49            42
           104           110           111
           104           109           110
            97            98            92
            97            92            91
            97            90            96
            97            91            90
            46            53            47
            46            47            40
            46            40            45
            59            58            67
            59            67            68
            59            68            69
            59            69            60
            61            62            60
            61            60            69
            61            69            70
            61            71            62
            61            70            71
            12            13             6
            12             6             3
            12             3             5
            12             5             4
            12             4            11
            12            20            13
            12            11            20
            21            22            14
            21            14            13
            21            29            22
            21            13            20
            17             9            16
            17            16            25
            26            17            25
            27            41            35
            27            34            41
            27            19            26
            87            79            78
            80            81            70
            80            70            79
            80            79            87
           122           121           128
           123           118           122
           123           128           129
           123           122           128
           119           120           114
           119           114           113
           130           131           125
           130           135           131
           130           134           135
           130           129           134
           130           123           129
            66            76            77
            66            57            65
            66            67            57
            66            77            67
            66            65            75
            66            75            76
            84            83            92
            84            76            83
            99            92            98
            99            84            92
            99            93            84
            86            87            78
            85            77            76
            85            76            84
            85            84            93
            85            93            86
            85            78            77
            85            86            78
            94           100           101
            94            99           100
            94            93            99
            94            86            93
           103            98            97
           103           109           104
           103           104            98
           103           102           109
           103            96           102
           103            97            96
            52            53            46
            52            58            59
            52            60            53
            52            59            60
            51            45            50
            51            46            45
            51            50            58
            51            58            52
            51            52            46
            18            19            11
            18            26            19
            18            17            26
            18            11            10
            18            10             9
            18             9            17
            33            39            34
            33            32            39
            33            34            27
            33            27            26
            33            25            32
            33            26            25
            28            21            20
            28            20            19
            28            19            27
            28            29            21
            28            35            29
            28            27            35
            89            87            88
            89            80            87
            89            81            80
           116           121           122
           116           115           121
           116           110           115
           124           118           123
           124           119           118
           124           130           125
           124           123           130
           124           125           120
           124           120           119
           112           118           119
           112           106           111
           112           113           106
           112           119           113
           105           104           111
           105           100            99
           105            98           104
           105            99            98
           105           111           106
           105           106           100
            95            94           101
            95            86            94
            95           101            88
            95            88            87
            95            87            86
           117           111           110
           117           110           116
           117           112           111
           117           118           112
           117           122           118
           117           116           122
