#  p07_nodes.txt
#  created by TABLE_IO.M
#  at 28-Jan-2005 11:14:04
#
#  Spatial dimension M = 2
#  Number of points N = 136
#  EPSILON (unit roundoff) = 0.000000
#
     -7.853982        0.000000  
      7.853982        0.000000  
     -7.581691       -0.691491  
     -6.949747       -1.965014  
     -7.287654       -1.339983  
     -6.961149       -0.160241  
     -7.294530        0.552401  
     -6.682644        0.944724  
     -6.115887       -3.188877  
     -6.564305       -2.585262  
     -6.197681       -1.705143  
     -6.668273       -1.027999  
     -6.215856       -0.466365  
     -6.211037        0.274581  
     -5.918767        0.964619  
     -5.565197       -3.757333  
     -5.327933       -2.974498  
     -5.763560       -2.341415  
     -5.266477       -1.657168  
     -5.727070       -1.048250  
     -5.467285       -0.213165  
     -5.280960        0.559736  
     -4.329710       -4.561873  
     -4.999252       -4.191688  
     -4.680892       -3.288475  
     -4.855678       -2.314173  
     -4.428484       -1.475174  
     -4.905620       -0.841030  
     -4.676816       -0.011104  
     -3.641168       -4.785729  
     -4.150827       -3.880567  
     -3.784355       -3.213124  
     -4.181592       -2.491835  
     -3.792831       -1.748713  
     -4.097827       -0.568156  
     -2.900947       -4.921699  
     -3.366871       -4.059787  
     -2.977833       -3.348589  
     -3.342410       -2.516256  
     -3.045343       -1.746218  
     -3.471715       -0.942350  
     -2.105231       -4.990267  
     -2.572808       -4.191221  
     -2.186400       -3.486023  
     -2.563433       -2.626600  
     -2.379447       -1.724395  
     -2.695944       -0.889151  
     -1.266620       -5.014232  
     -1.746380       -4.273837  
     -1.673117       -2.943339  
     -1.892653       -2.241984  
     -1.461808       -1.555599  
     -1.959667       -1.069448  
     -1.952551       -0.345532  
     -0.854810       -4.342196  
     -1.290405       -3.648481  
     -0.807787       -2.991233  
     -1.105636       -2.267682  
     -0.741908       -1.438042  
     -1.195184       -0.699816  
     -0.702274       -0.034242  
     -1.390296        0.207114  
     -0.383018       -5.019871  
      0.046864       -4.362689  
     -0.399901       -3.683268  
      0.027188       -2.972308  
     -0.367849       -2.229133  
      0.009744       -1.480871  
     -0.355739       -0.695754  
      0.003496        0.186204  
     -0.730136        0.769555  
      0.003670        1.022897  
      0.519225       -5.020100  
      0.949671       -4.352475  
      0.469203       -3.689766  
      0.858431       -2.999782  
      0.405136       -2.230417  
      0.761948       -1.442805  
      0.363898       -0.699934  
      0.707505       -0.039681  
      0.736449        0.765443  
      1.422217       -5.012955  
      1.355214       -3.660703  
      1.718644       -2.952333  
      1.138651       -2.279428  
      1.476253       -1.567549  
      1.201559       -0.704969  
      1.955167       -0.347868  
      1.394352        0.203125  
      2.299113       -4.980488  
      1.841171       -4.284438  
      2.241715       -3.494434  
      1.923059       -2.247713  
      2.393632       -1.721144  
      1.960172       -1.072949  
      3.152814       -4.886475  
      2.664015       -4.195062  
      3.018167       -3.338793  
      2.595673       -2.626398  
      3.055889       -1.747178  
      2.695114       -0.888694  
      3.973117       -4.692733  
      3.439855       -4.041670  
      3.807161       -3.191354  
      3.370445       -2.495869  
      3.803719       -1.700059  
      3.465208       -0.942020  
      4.771812       -4.340380  
      4.216887       -3.878031  
      4.659424       -3.255393  
      4.191565       -2.438911  
      4.462104       -1.482983  
      4.095248       -0.572131  
      4.676310       -0.012218  
      5.402590       -3.894471  
      5.322569       -3.036707  
      4.884295       -2.326516  
      5.287758       -1.664000  
      4.915091       -0.837753  
      5.478356       -0.212716  
      6.017660       -3.306893  
      5.757051       -2.389935  
      6.194179       -1.744103  
      5.737903       -1.051853  
      6.232137       -0.470347  
      5.279776        0.558073  
      5.914029        0.962451  
      6.499894       -2.680532  
      6.905163       -2.043090  
      6.664846       -1.057779  
      6.971525       -0.175773  
      6.220570        0.273115  
      6.678069        0.947028  
      7.254746       -1.406841  
      7.567218       -0.726112  
      7.291225        0.554187  
