        0.9954356057317857        0.0954356057317857
        0.9659258262890683        0.2588190451025207
        0.9954356057317857       -0.0954356057317857
        0.9659258262890683       -0.2588190451025207
        0.0000000000000000        0.0000000000000000
        0.9000000000000000        0.0000000000000000
        0.0045601855435146        0.0012218980336347
        0.0077319320679369       -0.0020717649516901
        0.0118579546815112        0.0031773293791715
        0.0143525612901775       -0.0038457572060798
        0.0217902384026505       -0.0053379054131844
        0.0197858878764624        0.0053016126781782
        0.0308500632049262       -0.0082662495277427
        0.0383733684360092        0.0003053833138365
        0.0297709860929717        0.0079771116756502
        0.0439256562342193        0.0117698441245036
        0.0537974421588298        0.0002275849680313
        0.0717287419741201        0.0002610914096908
        0.0438129767825366       -0.0117396517363231
        0.0592346682838474       -0.0158718815374906
        0.0606603687789997        0.0162538968301542
        0.0775897589439078       -0.0207901132514425
        0.0995015012970593       -0.0266613469215771
        0.0810061068162288        0.0217055209062212
        0.1282158739786659       -0.0343553399745471
        0.1066508962881822        0.0285770215608569
        0.0927921929784688        0.0007571441033992
        0.1169730976655113       -0.0043531682678087
        0.1485230100778241        0.0397966205508182
        0.1361286181944585        0.0167866404093980
        0.1700425131661422        0.0144426431757892
        0.1494219923839297       -0.0109332106294120
        0.1580720050322457       -0.0423552660180049
        0.2003591270760874        0.0008293268867003
        0.1787843939231455       -0.0188960239400999
        0.2306907402936313        0.0323795434086276
        0.1879707597464428       -0.0503666133238681
        0.2003959295796536        0.0276014248519304
        0.1778972254616895        0.0476674179459656
        0.2303809232622847       -0.0020876749255718
        0.2095342926438042        0.0561445444059468
        0.2100867084186853       -0.0280239938718219
        0.2400766918626517       -0.0337619511356212
        0.2544336541914455        0.0155837596791430
        0.2398252049646933        0.0642609701869497
        0.2691467965647290       -0.0439953533165387
        0.2473295626899943       -0.0662717564856120
        0.2181836929044988       -0.0584621443634863
        0.2630313114168045        0.0432673137121215
        0.2629603879674485       -0.0113742293195599
        0.2841076553920742        0.0173534405323063
        0.2774115337278318       -0.0743321963899198
        0.2898060363833779       -0.0221863853449898
        0.2940407764005966        0.0492097669133789
        0.3072121086302396       -0.0823172363778749
        0.2711059211594933        0.0726426125936749
        0.3011208385853726        0.0806850856753664
        0.3354741505664708       -0.0898900278540020
        0.3304371345449049        0.0885403633263863
        0.3207609332792850       -0.0286466418135905
        0.3166271383366618        0.0277644965333128
        0.3003848238941901       -0.0521913346472416
        0.3070108474503966       -0.0003347495437843
        0.3362778054302276        0.0006629495109506
        0.3480574484450416        0.0306277997853668
        0.3620987116335513       -0.0970240573242071
        0.3320158199181220       -0.0586289506175295
        0.3563624571846737        0.0609670968018867
        0.3256958949754161        0.0573879987153001
        0.3655780030168561        0.0010760234609828
        0.3825961380035131       -0.0772930568557191
        0.3628861897040661       -0.0575669186978647
        0.3500380606857781       -0.0289293900538669
        0.3812257909836817        0.0746035280824808
        0.3923285138465722       -0.1051241083961475
        0.3982583565377842       -0.0535676866276310
        0.3580507155374597        0.0959394000508655
        0.3877228303732256        0.1038900192436844
        0.3800745497284489       -0.0282509681583089
        0.3795662305882082        0.0298985148226666
        0.3987367516696522        0.0518471437556276
        0.4157306095072823        0.1113946810595620
        0.4317251872933170       -0.0576050314414522
        0.4118530543643040       -0.0279226643365541
        0.3961414549759517        0.0004231159209101
        0.4408032873552197       -0.0309822676622520
        0.4145228836395067        0.0255590346099693
        0.4132000123442912       -0.0818651730337871
        0.4303783691199227        0.0521819364946998
        0.4285408692829645       -0.0013413061152435
        0.4209967878770805       -0.1128057495212482
        0.4426450323406767       -0.0881585791613649
        0.4592347686035808       -0.0068095007593429
        0.4489648221278172       -0.1202997614906690
        0.4122170005552527        0.0805115517522615
        0.4604624754730828        0.0523381232978247
        0.4422541876247034        0.0820694750231492
        0.4419825748198951        0.1184288741604596
        0.4650527582931047       -0.0644596493194777
        0.4492070775805005        0.0232482618360127
        0.4681075891750155       -0.0364255601994261
        0.4798931024121922        0.0297955451011752
        0.4643605703916860        0.0995582349498381
        0.4713883930798324       -0.0951342385313432
        0.4841803216621462       -0.0190852475972269
        0.4767351729865619        0.0748717447936567
        0.4981292610476099        0.1334733329430556
        0.5035882832226806        0.0730882831665556
        0.4717808103572592        0.1264132870906886
        0.4796357162408800        0.0066383828760096
        0.5001924683035096       -0.0062013499124681
        0.5010401147584297        0.0143854506179886
        0.5041301779036519       -0.0284425265687308
        0.5055902947605031        0.0329667652140442
        0.4904868699221275       -0.0477342005851452
        0.4958116304072093       -0.0726923056458556
        0.5124585714830678       -0.0483373389622905
        0.4906911948835019        0.0513150528138069
        0.4948831182686399        0.1007966284560083
        0.4763735689052851       -0.1276439128551942
        0.5234027967179876       -0.0642873897027764
        0.5218532646458663        0.0889981457220183
        0.5141048796310922        0.0512057455428716
        0.5258490689404469        0.0670942583173155
        0.5450867185676808        0.1150691895637793
        0.5182130768385798       -0.0861772956475972
        0.4984599032242419       -0.1031417431664906
        0.5209963318640288        0.1117202090766946
        0.5411139818077769        0.0808234921807394
        0.5036968424039222       -0.1349651617911758
        0.5564759852268053        0.0900314397843154
        0.5254213676454736        0.1407862306931599
        0.5320842369249209       -0.1425715412582685
        0.5387867748713779       -0.0790755407735605
        0.5410695199573694       -0.0987798472919704
        0.5652557959280234        0.1058462851355328
        0.5509040961205025        0.1476143072095267
        0.5595260046403335       -0.1499245413162906
        0.5247043505395504       -0.1134489278546537
        0.5582841736765164       -0.0908833862050896
        0.5809763552755272        0.0981738300799637
        0.5871544449085611       -0.1573275587602236
        0.5695298548108301        0.1282629260542192
        0.5714460157039023       -0.1042230070670679
        0.6017007678775235        0.0999855357330663
        0.5886898197564138        0.1158871298247730
        0.5793434006285013        0.1552345958473751
        0.5528817013231035       -0.1201538730968955
        0.6132100889091344        0.1177568500858282
        0.5785131188582578       -0.1276640112813955
        0.5889182916125111       -0.0993840818547860
        0.5986934586430172        0.1361262351463524
        0.6059370428408318       -0.1365186398894783
        0.5989365656863449       -0.1155552742102621
        0.6102990158514179       -0.0994682374467891
        0.6336981400788481       -0.1435928739411458
        0.6285125412422176       -0.0958490219326875
        0.6348983790413625        0.1135057604494753
        0.6276682140232843        0.1392527086181554
        0.6244083875016975       -0.1183677571936988
        0.6449630945893096       -0.1086777242418342
        0.6564732178198195        0.1016024932607703
        0.6348676557602571        0.1701122750536958
        0.6467287078966446       -0.0884105644654450
        0.6211745941850076        0.0977324746865340
        0.6159045559611932       -0.1650311278674722
        0.6394889865465141        0.0918728467666679
        0.6081819743128297        0.1629618681900266
        0.6640218221308010       -0.0768193096445302
        0.6445257905811812       -0.1727001643532723
        0.6640203943938823       -0.0954934209588735
        0.6533932099807338       -0.1282488585299131
        0.6786743738154347        0.1075607995665310
        0.6542077352950506        0.1243741508298231
        0.6572734615755174        0.0819740851919975
        0.6553064541630563        0.1495619092002022
        0.7052180680304667       -0.1889626110301947
        0.6748569142052808       -0.1808273655686918
        0.6762293674211924       -0.0647231303545416
        0.6765667555386461        0.0867974256800652
        0.6626987260934017        0.1775695876449983
        0.6731232686717759       -0.1129848576309870
        0.6724603997576131        0.0689165477832776
        0.6866734745278184       -0.0498769379871051
        0.6947246803781921       -0.0320505074337540
        0.6641727317191709       -0.1545016980810132
        0.6850850947641176       -0.1380683116458228
        0.6993464820950379       -0.1137136550655135
        0.6849339035058137       -0.0880552679744662
        0.6975499858011276       -0.0696926604161808
        0.6974181035215148        0.0225768290582071
        0.6916658811648190        0.0399670658402289
        0.6958301077514445       -0.1631058520894273
        0.7122025769656641        0.0355333427383140
        0.7337302421071790       -0.1966024252843387
        0.7146457662191306       -0.1413842557761554
        0.7056475803608593       -0.0496181681715235
        0.6992169665341844       -0.0124897447733856
        0.6997784831637436        0.0066524005540617
        0.6833810416524031        0.0552050908204467
        0.6814314193253271        0.1294258630604681
        0.7448389690060460       -0.1461956266886971
        0.6909544629087015        0.1851406894939315
        0.7279313783055456       -0.1189062395196497
        0.7221955376240646        0.0191864911131243
        0.6941595135904158        0.0739295786360741
        0.7265873713860247       -0.0453964084225703
        0.7171260354447588       -0.0025483894873887
        0.6819330622485076        0.1578818835144680
        0.7128707078473321       -0.0262073861398990
        0.7114786789516341        0.1680462799562962
        0.7203661394875036        0.1930215247209012
        0.7115750928403825       -0.0913570482470337
        0.7245573814351168       -0.0688807536281358
        0.7557492104505822       -0.1194265497982983
        0.7059289420722393        0.0553406089055691
        0.7257689890133442       -0.1678605358598983
        0.7713906086132551       -0.1614103349227176
        0.7499625684658064       -0.0443981865032048
        0.7342249997617458       -0.0201444881940567
        0.7190756856088402        0.0738750983411150
        0.7010529301144129        0.0966370167085404
        0.7047916743284059        0.1427616440711967
        0.7529293123640032       -0.1773484479981112
        0.7756000349538459       -0.0443119123730298
        0.7500134748182705        0.0273764465084488
        0.7316530947371954        0.0476958960200300
        0.7315378585202720        0.0979803081038180
        0.7124611512703733        0.1194680820285849
        0.7404684026263364        0.1728064629900010
        0.7632319165558346       -0.2045073751292717
        0.7757493198106747       -0.1382839377126538
        0.7695098871063951       -0.0933938796923237
        0.7933666770259387        0.1847024524165295
        0.7405002348307937       -0.0942092209106898
        0.7416918912461367        0.0030836053520883
        0.7711530496432092        0.0058220151417977
        0.7595097923294670        0.1011526789030594
        0.7533629341549969       -0.0692289453266287
        0.8119517190187611       -0.0167499100658827
        0.7813801293804118        0.0304593158982195
        0.7470852694642004        0.0732335481518334
        0.7314498647475753        0.1465615378586362
        0.7590301837494686        0.1504571567880860
        0.7937003871845923       -0.2126713772506707
        0.7672677711493059        0.1790227457204981
        0.7842097811180250       -0.1874949219519682
        0.7989027477240129       -0.1650364666744961
        0.8030443582060763       -0.1404537277274746
        0.7907197669720051       -0.0195449818357799
        0.8053549780298729        0.0231423663180127
        0.7901835253598360        0.1047609362433829
        0.7706687248286290        0.1264775531287430
        0.7420770560886422        0.1238459105832578
        0.7968284981180815        0.1322590963231823
        0.7479994703905909        0.2004258534865062
        0.7860176316037242       -0.1136628640639327
        0.7825119534120065       -0.0691488289747322
        0.7627396227661156       -0.0186463670701527
        0.7623520376641117        0.0514433226643057
        0.7892106173068919        0.0593233370223506
        0.8052375103586119        0.0819618405157979
        0.7746699746422034        0.0804027379294775
        0.7849895337041438        0.1559831578645499
        0.8340468676840650       -0.0679087786662406
        0.8175467720862291        0.0012809713556414
        0.8150403397141315       -0.1913262076452600
        0.8130080966839238       -0.1147095924424824
        0.8299468370590430       -0.0886776750657779
        0.8393774577209614       -0.1126127612012173
        0.8117786906777810       -0.0642559725605555
        0.8008535083025463       -0.0434694818788870
        0.8179545326367955       -0.0351720112126071
        0.8248880947412603        0.0369444193768305
        0.8307339824839215        0.0834805661209821
        0.8187541588410763        0.1096103332378273
        0.8111270519374845        0.1616766521959113
        0.8525813940486288       -0.2284484954787730
        0.8014590179308108       -0.0891158487506893
        0.7960649989336438        0.0038627862969463
        0.8243772634227610        0.0169793381503298
        0.8392170891725670        0.0261910460447136
        0.8059043683814551        0.0452325460662978
        0.8208718171249202        0.0611971375516139
        0.8495335323121160        0.1269129697740702
        0.8385463580940280        0.0077139924328111
        0.8389071072866934        0.0477130512487927
        0.8178327354852191        0.1933558360942957
        0.8012155512583166        0.2146850593888157
        0.8282034952719616        0.2219164568852194
        0.7749757543218297        0.2076541268106453
        0.8291978110544561       -0.0477687211208481
        0.8318707775077051       -0.0235311971473497
        0.8486890076992012       -0.0026111390989179
        0.8440918071782081        0.0659545010968522
        0.8219995928912527        0.1351152107158717
        0.8354023216360575        0.1751509574427782
        0.8562163312159327        0.2294224736363310
        0.8217128863150267       -0.2201773034276909
        0.8258320523287289       -0.1660016805576410
        0.8304117555956859       -0.1397247141173514
        0.8591627073260891       -0.1299273332294303
        0.8571549043197556        0.0511394416843303
        0.8565004777193860        0.0834597860904866
        0.8731323738139158        0.2083219827403388
        0.8589958058152352       -0.0983037821424111
        0.8480991678819740       -0.0545185275645629
        0.8325725374045648       -0.0072552293974555
        0.8501438072038910        0.0164453163260655
        0.8616290523539706        0.1805697172773695
        0.8454974303506805        0.2024960189190648
        0.8466362169808956       -0.0173034030927171
        0.8413927048390184        0.1522326943998610
        0.8484823268996855       -0.1820471698986337
        0.8545511621638688       -0.1558409454055790
        0.8653333718662815        0.0136310344560453
        0.8601645872053763        0.0241470019671622
        0.8504557722816032        0.0348706051669005
        0.8425865731685215       -0.0354232990599104
        0.8587009578113916       -0.0104438160549054
        0.8567680548896773        0.0061845533914744
        0.8645751064944283        0.0384807206176602
        0.8650389569697037        0.0658146123640638
        0.8828361428883935       -0.1480034165980687
        0.8575101023821213       -0.0407310892919868
        0.8459611412724366        0.1029774122986516
        0.8652682621972063        0.1561706246658958
        0.8633999980430705       -0.0586870870888054
        0.8564370375532532       -0.0258453183839936
        0.8667416496141994       -0.0175648068973203
        0.8769797780277577       -0.0011506482682330
        0.8646572047929716       -0.0011793449828956
        0.8772508143045173        0.0393794866578497
        0.8992713354674475        0.2140058157689803
        0.8834980584969879        0.2367325905087024
        0.8811022559592961       -0.1175696844576999
        0.8530026013581318       -0.0773536575551777
        0.8708167744248477       -0.0430630626159327
        0.8712429972240979        0.0056886479736678
        0.8741074627860669        0.0179148622588881
        0.8715560147237634        0.0271726315087663
        0.8766082695976813        0.0842447458982925
        0.8718745653854636        0.1057246422065959
        0.8787305905161535       -0.0558712902931652
        0.8687491809349327       -0.0299014586195576
        0.8718153486021749       -0.0084200245728502
        0.8830097559990207        0.0191461719650935
        0.8823075287473289        0.0286183572631070
        0.8965328443240410        0.1133142752099090
        0.8771237861722421        0.1330731161258444
        0.8799884860035481       -0.2357922036923357
        0.8712952321046019       -0.2049207339919363
        0.8416804995562004       -0.2040889639268318
        0.8795652299603935       -0.0920375287203794
        0.8722026051070710       -0.0747952967429463
        0.8884093933054678       -0.0686845632207049
        0.8799469226864236       -0.0313404563372039
        0.8797659679614085       -0.0117071357002638
        0.8841685500732012       -0.0049914463488375
        0.8835739206334465        0.0033551700705731
        0.8787185854316439        0.0097469777111019
        0.8911424151992163        0.0178708582498417
        0.8747256183766321        0.0517370927546643
        0.8950101795219312       -0.0401196681822568
        0.8763624966728829       -0.0201610570905678
        0.8880701016151598        0.0402250857593957
        0.8903607583856680        0.1609215015574950
        0.8875142724003863        0.1847423844629834
        0.8983922489791010       -0.1889973724949712
        0.8763701949062298       -0.1754484471622504
        0.9002778649126917       -0.1045765518690184
        0.8942279956273451       -0.0543000414606643
        0.8841540653321968       -0.0425572261793013
        0.8852027437677331       -0.0211613042368942
        0.8877423967815579       -0.0124606820637795
        0.8896764644802375       -0.0009143941374485
        0.8909334227088530        0.0046342867905840
        0.8867603698229189        0.0108970616551933
        0.9069691940630766       -0.1345879450865663
        0.9071121001661013       -0.0659483820687769
        0.8902392078110225       -0.0301030742343064
        0.8979335916055207       -0.0259941264653116
        0.8928895994530858       -0.0190391199593818
        0.8958071138520907       -0.0121529696830322
        0.8954244481511890       -0.0015966877554140
        0.8824697770620312        0.0671788241894095
        0.9249048198219744        0.1233994127528003
        0.8971526748522958       -0.0822156223700836
        0.8919120730666770       -0.0067808508171236
        0.8986231334370199       -0.0064487058577956
        0.8964075014651830        0.0036780921962917
        0.9000274776649612        0.0078441815138356
        0.8940202455979147        0.0102506721215019
        0.8986820566065620        0.0150626137007151
        0.9044067148440399        0.0594330057950036
        0.8968515830052003        0.0719984446137437
        0.9065007551199540        0.1397799997825099
        0.9235021512554399        0.2236393519280077
        0.8980305727361767       -0.2156336149682705
        0.9056126793574575       -0.0487945454227809
        0.9029635555621107       -0.0345317224745825
        0.9076429668425983       -0.0261792713511451
        0.9011783834052000       -0.0181723267534253
        0.9029493533517126       -0.0116719468280441
        0.9039676742264783       -0.0039676743399899
        0.9016943184768818       -0.0016943185848936
        0.9024051629018482        0.0024051630306609
        0.8913043347863107        0.0269597551141261
        0.8991120154105360        0.0220270674870961
        0.8970940306041523        0.0341168436864855
        0.8896317109649959        0.0534728513179358
        0.9007042939653944        0.0455180534588682
        0.8943614137516637        0.0910172240502357
        0.9388812210789382        0.1483013496165767
        0.9101530043511711        0.2438747615963587
        0.9071616126480579       -0.1634015796678154
        0.9126275511857936       -0.0388270636566375
        0.9089027993004205       -0.0187296624912538
        0.9103185120544260       -0.0103185122477307
        0.9066461582565816       -0.0066461584246361
        0.9055793008306974        0.0055793010045442
        0.9044506586233299        0.0131778522083438
        0.9079688182381327        0.0191312173177585
        0.9044310778824981        0.0279379618127039
        0.9092038679869419        0.0370134738633297
        0.9403630175442614        0.1775984314747096
        0.9119851266943796        0.1908280341998202
        0.9348053846105199        0.2034515039369641
        0.9379420348515978        0.2513208112336227
        0.9092764952351121       -0.2436399029748125
        0.9335929500757829       -0.1430212696574644
        0.9161256533402461       -0.0286469719549172
        0.9094440111585504        0.0094440113916317
        0.9205097329905406        0.0355276578274287
        0.9145814348895782        0.0484965627850861
        0.9202708994494638        0.0627562603835525
        0.9167934175410715        0.1651384889256451
        0.9326055138749915       -0.1700193046989704
        0.9156090051995678       -0.0862049023895825
        0.9249453891901880       -0.0697487411306824
        0.9180917999862243       -0.0536864899533956
        0.9139829205233254        0.0262330258179041
        0.9312526142644677        0.0792897432390581
        0.9598940005223395        0.2017001527763059
        0.9248913738024747       -0.2207279326357082
        0.9239082023168904       -0.1945234279484198
        0.9240735605735947       -0.0402239464179071
        0.9202584443460586       -0.0202584446194439
        0.9150189729862780       -0.0150189732587543
        0.9140086129191494        0.0140086131283421
        0.9280117153848280        0.0465746454246153
        0.9127107105757620        0.0788807561774884
        0.9509676960312373        0.2306928223075297
        0.9331495202381345       -0.0532045791341719
        0.9277092962248674       -0.0277092965948829
        0.9194600825415175        0.0194600828668744
        0.9365154502628991        0.0590400590894468
        0.9741801700556565        0.2257719896822452
        0.9580911591906482       -0.1667939427688830
        0.9377839404747987       -0.2512784498124281
        0.9518442708098309       -0.1956540862201193
        0.9621703112640165       -0.1388986766797609
        0.9434687250431204       -0.0687402209548185
        0.9480150428284501       -0.0480150433022392
        0.9369069074182246       -0.0369069078884099
        0.9480082660588093       -0.2239311978235505
        0.9213656900156006       -0.1116118965189463
        0.9357920781281827       -0.0902968816402734
        0.9568321769012739       -0.0870892815288427
        0.9162471285738663        0.0993743580970646
        0.9265088110255841        0.0265088114225244
        0.9442505488632458       -0.1158875599688182
        0.9352353774589700        0.0352353779230119
        0.9459304484571921        0.0459304490705778
        0.9486554357252123        0.0729080229111072
        0.9596148339582053        0.0902696972788008
        0.9390334472731647        0.0987539092775163
        0.9517968176058518        0.1212686708920628
        0.9708877074805435       -0.2395350853949011
        0.9749465206176317        0.1094063429522338
        0.9626915105898916        0.1698926837424157
        0.9802952908291879       -0.1975377096251978
        0.9612078932075813       -0.0612078937364245
        0.9755808892203721        0.0755808901940233
        0.9670433966801124        0.1416653181920197
        0.9814261021244411        0.1918405725887833
        0.9759923079427444       -0.2178049602736463
        0.9686258258072103       -0.1090607751359936
        0.9589627802484952        0.0589627809052440
        0.9839788737041617       -0.1782850837098502
        0.9870549852118755        0.1603821954896373
        0.9875448334126589       -0.1573378604312954
        0.9906267304676651       -0.1365967892896348
        0.9931329483002233       -0.1169912307924733
        0.9770713246188947       -0.0770713253934670
        0.9916436223772837        0.1290074971098052
