           184           199           200
            47            60            61
           164           150           149
           122            16            15
           128           116           115
           109            16           110
           110            16           122
            45            44            59
            29            45             2
            29            44            45
            76            65            64
            36            37            21
           184           200           185
           139           155           140
           140           125           139
           126           125           140
           156           155           170
           156           172           157
            72            61            60
            31            17             1
            31            32            17
            19            18            33
            17            32            33
            33            18            17
           178           193           194
           192           193           178
            77            65            76
            11            16           109
           148           164           149
           165           166           150
           150           164           165
           149           150           135
           109           110            94
           111           110           122
           124           125           113
           113           125           126
           100           116           101
           100           115           116
            47            61            62
            51            36            50
            50            64            51
            51            64            65
            50            36            35
            35            36            21
            44            29            43
             4           202           201
           170           185           171
           171           156           170
           172           156           171
           126           140           127
           127           115           126
           127           142           128
           128           115           127
           141           140           155
           155           156           141
           141           127           140
           141           156           157
           157           142           141
           142           127           141
            46            60            47
            47            32            46
            32            31            46
            91            77            76
            92            77            91
            61            72            73
            73            72            87
           103           102           117
           189           190           174
           174           190           175
           191           192           176
           176           190           191
           175           190           176
           105           104           119
           119           104           103
           184           185           169
           169           185           170
           184           169           183
           183           169           168
           179           165           164
           178           194           179
            14           135            15
           149           135            14
            14           148           149
           134           148            14
           150           166           151
           151           135           150
            95            94           110
            98             8            97
           126           115           114
           114           113           126
            98           113           114
           115           100           114
            25            40            41
            21            37            22
            37            38            22
            38            23            22
            39            23            38
            76            64            63
            47            62            48
            48            32            47
            48            33            32
            52            38            37
            37            36            52
            36            51            52
            50            35            34
            33            48            34
            19            33            34
            34            35            19
            20            35            21
            19            35            20
             6            69             7
            28            43            29
           172           171           187
           186           171           185
           186           201           202
           202           187           186
           186           187           171
           186           185           200
           200           201           186
            92            91           106
            89           104            90
            90           106            91
            90           104           105
           105           106            90
            88           102           103
           103           104            88
            88           104            89
            87           102            88
            88            73            87
            89            73            88
           107            11            92
            92           106           107
           107           106            12
           131           119           118
           103           117           118
           118           119           103
           175           176           161
           170           155           154
           154           169           170
           154           155           139
           168           169           154
           198           199           184
           184           183           198
           182           196           197
           197           198           182
           182           198           183
           105           119           120
           120           119           131
           124           111           123
           123           111           122
            15           135           136
           135           151           136
           122            15           136
           136           123           122
           152           151           166
           110           111            96
            96            95           110
            81            95            96
            96            97            81
            94            95            79
            79            93            94
            65            77            78
            77            93            78
            78            79            67
            93            79            78
           109            94           108
            94            93           108
           108            11           109
            92            11           108
           108            77            92
           108            93            77
            42            41             5
            83             8            98
            99           114           100
           100            84            99
            84            83            99
            98           114            99
            99            83            98
            56            41            40
             6             5            56
            56             5            41
            40            39            54
            54            39            38
            23            39            24
            24            40            25
            24            39            40
            74            73            89
            61            73            74
            74            62            61
            74            63            62
            49            48            62
            62            63            49
            50            34            49
            49            34            48
            49            64            50
            49            63            64
            82             7            81
            81            97            82
            82            97             8
            30            29             2
            30            28            29
            25            41            26
            26            41            42
            42            43            27
            43            28            27
            27            26            42
           175           161           160
           145           144           160
           145           131           130
           130           144           145
           131           118           130
           164           148           163
           178           179           163
           163           179           164
           167           183           168
           167           182           183
           167           152           166
           168           152           167
           196           182           181
           166           165           181
           181           167           166
           182           167           181
           145           160           146
           146           160           161
           120           133           121
           105           120           121
           121            13            12
           121           133            13
           121           106           105
            12           106           121
           168           154           153
           153           152           168
           153           154           139
           137           136           151
           151           152           137
           123           136           137
           152           153           137
           112           111           124
           112            96           111
            97            96           112
           124           113           112
           112           113            98
            98            97           112
            80            95            81
            80            79            95
            81             7            80
            80             7            69
            67            79            80
            66            78            67
            66            52            51
            66            51            65
            65            78            66
            57             5            10
            44            43            57
            57            10            44
            57            43            42
            42             5            57
            70            86            71
            40            54            55
             6            56            55
            55            56            40
            55            69             6
            75            74            89
            75            91            76
            76            63            75
            63            74            75
            89            90            75
            75            90            91
             8            83             9
             9            83            84
             9            70            10
            84            70             9
           174           173           188
             3           189           188
           189           174           188
           159           173           174
           159           174           175
           175           160           159
           159           160           144
           144           158           159
           159           158           173
           129           118           117
           129           130           118
           178           163           177
           177           161           176
           177           192           178
           177           176           192
           195           196           180
           196           181           180
           180           181           165
           165           179           180
           180           194           195
           180           179           194
            13           133           147
           147           148           134
           134            13           147
           162           163           148
           148           147           162
           162           147           146
           162           146           161
           161           177           162
           162           177           163
           145           146           132
           132           131           145
           132           147           133
           146           147           132
           132           120           131
           132           133           120
           124           123           138
           123           137           138
           139           125           138
           138           125           124
           138           153           139
           138           137           153
            52            66            53
            38            52            53
            53            54            38
            53            66            67
            44            10            58
            10            70            58
            58            70            71
            58            59            44
            58            71            59
            85            70            84
            86            70            85
           101            86            85
            85           100           101
            85            84           100
            68            55            54
            68            53            67
            54            53            68
            69            55            68
            67            80            68
            68            80            69
           130           129           143
           144           130           143
           143           158           144
