           113           112             3
            22            10             9
            28            40            29
            29            17            28
            60            72            61
            92            80            79
             2            14            15
            79            80            67
            45            58            46
            55            56            43
            76            88            77
            77            65            76
            76            65            64
            11            10            22
            21            34            22
            22             9            21
            53            52            64
            64            65            53
            16            28            17
            16             5             1
            17             5            16
            18             5            17
            18             6             5
            18            19             7
             7             6            18
             8             7            20
             7            19            20
            20            19            32
            32            21            20
            20             9             8
            20            21             9
            61            72            73
            72            84            73
            61            73            74
            74            73            86
            74            86            75
            75            63            74
            61            74            62
            63            51            62
            62            74            63
            72            60            59
            59            58            70
           115           125           116
           124           114           113
           124           115           114
            69            82            70
            80            92            81
            94            82            81
            81            93            94
            92            93            81
            81            69            80
            82            69            81
           122           121           128
           109           121           122
           123           128             4
           123           122           128
            39            27            38
            66            67            55
            66            53            65
            78            65            77
            79            67            78
            78            66            65
            67            66            78
            70            58            57
            57            69            70
            57            45            56
            58            45            57
            33            21            32
            34            21            33
            46            34            33
            33            45            46
            32            19            31
            56            45            44
            44            43            56
            44            33            32
            45            33            44
            32            31            44
            44            31            43
            79            78            90
            90            78            77
            91            92            79
            79            90            91
            91            90           102
           101           100           112
           114           102           101
           112           113           101
           113           114           101
            22            34            23
            23            11            22
            55            43            54
            54            66            55
            53            66            54
            96            84            83
            83            82            94
            83            95            96
            94            95            83
            70            82            71
            71            84            72
            82            83            71
            71            83            84
            71            59            70
            72            59            71
            68            67            80
            80            69            68
            55            67            68
            69            57            68
            68            56            55
            68            57            56
            96            95           108
           108            95           107
            94            93           106
           106            95            94
           107            95           106
           116           125           117
            27            15            26
            26            38            27
            26            15            14
            25            38            26
            14            13            26
            26            13            25
            46            58            47
            60            48            47
            47            59            60
            58            59            47
            37            38            25
            30            17            29
            30            18            17
            19            18            30
            30            31            19
           102            90            89
           100           101            89
            89           101           102
            89            90            77
            88           100            89
            77            88            89
           104            93            92
            92            91           104
           103           115           116
           114           115           103
           116           104           103
           103           104            91
           103           102           114
           103            91           102
            36            37            25
            48            37            36
            12            11            24
            11            23            24
            23            36            24
            24            36            25
            24            13            12
            25            13            24
            42            54            43
            42            30            29
            43            31            42
            31            30            42
            52            53            41
            53            54            41
            40            52            41
            54            42            41
            29            40            41
            41            42            29
            96           108            97
            97           108           109
           120           108           107
           120           119           127
           107           119           120
           109           108           120
           127           121           120
           120           121           109
           107           106           118
           118           119           107
           126           119           118
           118           117           126
            75            86            87
            86            98            87
            98            99            87
           110            99            98
            98            97           110
           109           122           110
           110            97           109
            49            37            48
            61            62            49
            49            60            61
            49            48            60
            35            47            48
            48            36            35
            35            34            46
            46            47            35
            35            23            34
            35            36            23
            96            97            85
            85            97            98
            85            84            96
            85            73            84
            86            73            85
            85            98            86
           116           117           105
           117           118           105
           105           104           116
            93           104           105
           105           106            93
           105           118           106
            99           110           111
           122           123           111
           111           110           122
            38            37            50
            37            49            50
            50            49            62
            39            38            50
            50            51            39
            50            62            51
