        0.0000000000000000        0.0000000000000000
        0.0000000000000000        1.0000000000000000
        1.0000000000000000        0.0000000000000000
        1.0000000000000000        1.0000000000000000
        0.0000000000001407        0.0881583999104214
       -0.0000000000020207        0.1786612768536950
        0.0000000000001824        0.2694016238437571
       -0.0000000000020259        0.3602544351260222
        0.0000000000001815        0.4513723464176405
       -0.0000000000020333        0.5428575295889092
        0.0000000000001775        0.6343586819034520
       -0.0000000000020428        0.7268337618155871
        0.0000000000001147        0.8185336435256894
       -0.0000000000016428        0.9096297678681503
        0.0849039045110619        1.0000000003641574
        0.0896129145578558       -0.0000000000014798
        0.1167569726739160        0.0893186661972463
        0.0827948134263708        0.1788245051507160
        0.1151223246707458        0.2695905930246474
        0.0826837047344608        0.3602708989974295
        0.1149814134735239        0.4510875392529221
        0.0825260830641137        0.5423639453920803
        0.1152031363041439        0.6331729354653992
        0.0822945042815623        0.7249941908412034
        0.1181353676042622        0.8139753093333312
        0.0920990324936754        0.9031208788067592
        0.1704911745455365        1.0000000003334395
        0.1884171379450941       -0.0000000000015732
        0.2290511020601278        0.0904518001722655
        0.1817423683579522        0.1799025010227692
        0.2270662595777885        0.2702052851205757
        0.1810404749614577        0.3602881427869189
        0.2267329979196433        0.4506732792414058
        0.1809313986290612        0.5415166718674890
        0.2272741688412260        0.6314708703490746
        0.1819702554881229        0.7224868174378951
        0.2305412226378708        0.8123494609704215
        0.1918481329503311        0.9035603503006525
        0.2610657412834742        1.0000000003471869
        0.2909807377900669       -0.0000000000016198
        0.3383052054567190        0.0908109965270191
        0.2864577823454827        0.1806461584721364
        0.3368495205767790        0.2706407778281332
        0.2855615890001030        0.3604144696099670
        0.3365479036981406        0.4503263803308372
        0.2855684574726208        0.5406043366928526
        0.3370283432087853        0.6304573201428477
        0.2868776856700536        0.7212050406467884
        0.3394412876479624        0.8117172804287468
        0.2941627606074237        0.9037197845045705
        0.3552449371724701        1.0000000003575462
        0.3951722868155106       -0.0000000000016433
        0.4462208151749280        0.0908933699576383
        0.3929618638662551        0.1809471471823323
        0.4457005297368723        0.2707869518977252
        0.3924033114322133        0.3604585282034658
        0.4455824735288915        0.4501656452472118
        0.3924241054993027        0.5400990783457996
        0.4457718274313221        0.6300174136103484
        0.3932634317390336        0.7205681687595179
        0.4466404417355270        0.8115714805729577
        0.3970377557910784        0.9040307643730892
        0.4515247738736752        1.0000000003638359
        0.5000000000616154       -0.0000000000016503
        0.5537791849808612        0.0908933699605645
        0.5000000000935991        0.1810146098239283
        0.5542994704553122        0.2707869518991460
        0.5000000001047531        0.3604637756720212
        0.5544175266764836        0.4501656452453543
        0.5000000001077360        0.5399395186911682
        0.5542281727750465        0.6300174136059786
        0.5000000001061430        0.7204046874316239
        0.5533595584621416        0.8115714805697805
        0.5000000001031433        0.9041533789974828
        0.5484752263065922        1.0000000003638359
        0.6048277133033008       -0.0000000000016433
        0.6616947946977354        0.0908109965360805
        0.6070381363259687        0.1809471471873158
        0.6631504796174583        0.2706407778317342
        0.6075966887834739        0.3604585282032007
        0.6634520965101613        0.4503263803260466
        0.6075758947219545        0.5400990783395185
        0.6629716569984907        0.6304573201315199
        0.6067365684766465        0.7205681687511842
        0.6605587125437808        0.8117172804207751
        0.6029622444170036        0.9040307643707950
        0.6447550630016967        1.0000000003575462
        0.7090192623141739       -0.0000000000016198
        0.7709488980905076        0.0904518001878225
        0.7135422178645168        0.1806461584808016
        0.7729337406166853        0.2702052851226344
        0.7144384112355099        0.3604144696088030
        0.7732670022889717        0.4506732792352284
        0.7144315427675797        0.5406043366836472
        0.7727258313643475        0.6314708703384011
        0.7131223145580101        0.7212050406338406
        0.7694587775382676        0.8123494609632615
        0.7058372396082598        0.9037197845032301
        0.7389342588769751        1.0000000003471869
        0.8115828621304185       -0.0000000000015732
        0.8832430274692890        0.0893186662109843
        0.8182576318942463        0.1799025010297945
        0.8848776755159544        0.2695905930148529
        0.8189595253141577        0.3602881427816176
        0.8850185867224737        0.4510875392462650
        0.8190686016490729        0.5415166718619674
        0.8847968638891546        0.6331729354700366
        0.8180297447717311        0.7224868174322052
        0.8818646325421479        0.8139753093460687
        0.8081518672870611        0.9035603503083769
        0.8295088255887790        1.0000000003334395
        0.9103870854717113       -0.0000000000014798
        1.0000000001440599        0.0881583998264233
        0.9172051869225478        0.1788245051388081
        1.0000000001867524        0.2694016238057022
        0.9173162956228281        0.3602708989834819
        1.0000000001858171        0.4513723464182218
        0.9174739172913550        0.5423639453958503
        1.0000000001818077        0.6343586819400727
        0.9177054960581023        0.7249941908626406
        1.0000000001174791        0.8185336435999327
        0.9079009678023331        0.9031208788561949
        0.9150960955791819        1.0000000003641574
        1.0000000005173006        0.1786612767761211
        1.0000000005186391        0.3602544351067041
        1.0000000005205143        0.5428575296129718
        1.0000000005229506        0.7268337618798690
        1.0000000004205525        0.9096297679659491
