        0.0000000000000000        0.0000000000000000
        1.0000000000000000        0.0000000000000000
        1.0000000000000000        0.5000000000000000
        0.5000000000000000        0.5000000000000000
        0.5000000000000000        1.0000000000000000
        0.0000000000000000        1.0000000000000000
        0.0000000000001198        0.0878341395207280
       -0.0000000000020039        0.1788027980298622
        0.0000000000001721        0.2686625353396873
       -0.0000000000020169        0.3608807268796674
        0.0000000000002077        0.4507436526248719
       -0.0000000000020333        0.5430035158982852
        0.0000000000002085        0.6338904842719257
       -0.0000000000019538        0.7259873907572552
        0.0000000000001549        0.8167343715037427
       -0.0000000000017639        0.9080618276454486
        0.0822585619600055        1.0000000003749783
        0.0914199611852136       -0.0000000000015267
        0.1213907054374861        0.0886839511879050
        0.0845307359720652        0.1765854079024362
        0.1188411370257496        0.2657827810298071
        0.0841010820758861        0.3562410073893428
        0.1137984248989753        0.4474429860227148
        0.0838785530623527        0.5402976151956594
        0.1136860900216733        0.6320998749407916
        0.0855822534842912        0.7231829177191488
        0.1165382807275426        0.8114173048825369
        0.0922187767889044        0.9013324859468074
        0.1645487762248801        1.0000000003320573
        0.1931083335342227       -0.0000000000016177
        0.2373721582908603        0.0904129738733218
        0.1878244813393707        0.1784353532617832
        0.2351749205121012        0.2680679519231724
        0.1841923184397951        0.3552904376717840
        0.2234864490795545        0.4462896979226177
        0.1819946119205713        0.5394140369399307
        0.2228717075537180        0.6318314847711443
        0.1887513944918838        0.7210955225552914
        0.2272116430354317        0.8092426978875373
        0.1922142280610654        0.9006789053433158
        0.2503052482837990        1.0000000003770093
        0.2980705313866443       -0.0000000000015787
        0.3495039721429942        0.0934211573053429
        0.2967981963686699        0.1807298476803964
        0.3482650948221694        0.2711363291466404
        0.2919260129879525        0.3595479611922150
        0.3319225019624495        0.4535239357273739
        0.2860409780804067        0.5364917435774601
        0.3234054598633552        0.6239431547606195
        0.3012667007603853        0.7196016395027456
        0.3270214268721677        0.8160200904335103
        0.2955893436995850        0.9057844239531093
        0.3397277547205372        1.0000000002635743
        0.4026254369210475       -0.0000000000015177
        0.4565693431637314        0.0962304652960654
        0.4076957036969978        0.1884693605697911
        0.4641738362870605        0.2855829726989942
        0.4008458370968495        0.3596030834808108
        0.4255231363260663        0.4500345709243844
        0.4000766748202524        0.5524252133297708
        0.4082447915296796        0.6660861747943915
        0.4083943103155437        0.7709296971828652
        0.4999999999188212        0.8122733068532942
        0.4031895091616082        0.8903197438178877
        0.4196018879832671        1.0000000002383103
        0.5055454206788521       -0.0000000000014152
        0.5599794305066573        0.0989026404373275
        0.5136728113958005        0.1946688422327369
        0.5695036166192982        0.2971417043474162
        0.5147821370063413        0.3901057643764665
        0.5892870337114701        0.4999999999355221
        0.4999999999185170        0.6031715065819180
        0.4999999998869830        0.7085620495533390
        0.4999999999047360        0.9068800528282480
        0.6064770068481268       -0.0000000000012906
        0.6601567470032256        0.1017234449066628
        0.6155767902665358        0.2007274777164297
        0.6754898175906037        0.3003782212036681
        0.6186948969484287        0.3991296965665387
        0.6849055926848369        0.4999999999321966
        0.7052693559404489       -0.0000000000013187
        0.7586646044799392        0.0988987399943274
        0.7167314044896240        0.2028027696912858
        0.7863038774386246        0.2957714828103976
        0.7211776610966495        0.3965175882266056
        0.7827063375203006        0.4999999999147121
        0.8044221581028849       -0.0000000000017677
        0.8616762511972220        0.0846031795121368
        0.8150558129857525        0.1887990104739734
        0.8964601689437627        0.2453773211043505
        0.8164095741858794        0.4016982989742956
        0.8845820628109288        0.4999999998594741
        0.9097549464573151       -0.0000000000012300
        1.0000000002835854        0.0914946958216345
        0.9184574276195878        0.1471482803114497
        1.0000000003140381        0.2958750176690602
        0.8945957335380050        0.3323340376941950
        0.9183338814523769        0.4239379980965617
        1.0000000004656664        0.1991703921932546
        1.0000000005107086        0.3922977053838942
