        0.0000000000000000        0.0000000000000000
        0.5000000000000000        0.0000000000000000
        0.5000000000000000        0.2500000000000000
        0.6250000000000000        0.2500000000000000
        0.6250000000000000        0.0000000000000000
        1.0000000000000000        0.0000000000000000
        1.0000000000000000        1.0000000000000000
        0.6250000000000000        1.0000000000000000
        0.6250000000000000        0.3750000000000000
        0.5000000000000000        0.3750000000000000
        0.5000000000000000        1.0000000000000000
        0.0000000000000000        1.0000000000000000
        0.0000000000000636        0.0422382520824104
       -0.0000000000009723        0.0857440143024210
        0.0000000000000869        0.1291839159939672
       -0.0000000000009728        0.1727253279466531
        0.0000000000000881        0.2162030163133924
       -0.0000000000009736        0.2597532261333195
        0.0000000000000889        0.3033008726732727
       -0.0000000000009744        0.3467884859373859
        0.0000000000000879        0.3904497790772156
       -0.0000000000009712        0.4338245192578534
        0.0000000000000850        0.4775442532419026
       -0.0000000000009694        0.5209102997497449
        0.0000000000000832        0.5645879804770764
       -0.0000000000009684        0.6080282655114722
        0.0000000000000819        0.6516436031461762
       -0.0000000000009683        0.6952263340976357
        0.0000000000000807        0.7388014319081276
       -0.0000000000009689        0.7825562490734569
        0.0000000000000790        0.8261380374929582
       -0.0000000000009722        0.8701955231918730
        0.0000000000000462        0.9137828221373754
       -0.0000000000007775        0.9569983002148258
        0.0424687209240546        1.0000000001927405
        0.0443699724835005       -0.0000000000007618
        0.0581264347545265        0.0427685887508856
        0.0408726963589766        0.0856052448929023
        0.0571350541104514        0.1291113600778638
        0.0408613826231392        0.1725795594990136
        0.0569582654106276        0.2161172816405797
        0.0408462479462965        0.2597137743265058
        0.0567897844543193        0.3033859909466344
        0.0408268089711825        0.3470789709210889
        0.0568547440706821        0.3908792538847501
        0.0408905419678512        0.4344389298056741
        0.0572381151384927        0.4780957901559635
        0.0409314485249359        0.5214501806995699
        0.0574505823250622        0.5649651956051660
        0.0409558750873915        0.6082954831906831
        0.0575541151416189        0.6517117159811430
        0.0409585180503969        0.6951379140958627
        0.0575680025702828        0.7385105120582111
        0.0409437332157873        0.7821558142505781
        0.0577204130627586        0.8254459564707203
        0.0408596070264075        0.8692369457763793
        0.0593862217157006        0.9113374403077026
        0.0458172599951048        0.9536403861650329
        0.0851166696985095        1.0000000001749179
        0.0935332526956024       -0.0000000000008079
        0.1139213290991866        0.0433272269441475
        0.0900630293411038        0.0861569472776404
        0.1126286522559460        0.1294314338220916
        0.0895901243041516        0.1726358233774788
        0.1121653644571989        0.2160894185624309
        0.0894194566771667        0.2596892607238672
        0.1117297823551177        0.3033672875631309
        0.0892831190633743        0.3471847209468873
        0.1118192491117372        0.3910869230860163
        0.0896161723390003        0.4346941424819785
        0.1126283936819960        0.4783975955768902
        0.0899455141047123        0.5217039117984541
        0.1130706052890218        0.5651733218842895
        0.0901185434518178        0.6084051027945031
        0.1132937809254976        0.6517056083379039
        0.0901733640616288        0.6950103584545633
        0.1133767919386924        0.7381480255572679
        0.0901929420145398        0.7816220412428521
        0.1137801272694312        0.8243853912407307
        0.0908764909460928        0.8677859373949978
        0.1156540154505054        0.9103705396376350
        0.0958510624250922        0.9537752955049322
        0.1303716335547141        1.0000000001809115
        0.1446244577452082       -0.0000000000008332
        0.1681864693761634        0.0434510076934095
        0.1421188312011166        0.0864996138419897
        0.1670036041591082        0.1295814298990398
        0.1413302158801236        0.1727261842139595
        0.1662730863709316        0.2159657900829420
        0.1408317217789141        0.2595710433833296
        0.1653491348890947        0.3032296297246107
        0.1404303786152394        0.3472386198011146
        0.1653921617422074        0.3913304369101419
        0.1411472831710812        0.4350072526009121
        0.1668499833291321        0.4787732258548848
        0.1418683919139913        0.5219820906934851
        0.1675747208230531        0.5654022761218075
        0.1422549451611085        0.6085168909225382
        0.1679712474172036        0.6516870008742010
        0.1424321994282139        0.6948328347850926
        0.1682014182395024        0.7377352923244622
        0.1426236973060808        0.7809502017300155
        0.1686451217660220        0.8236478162745764
        0.1435017760300987        0.8669483694191411
        0.1700332106475118        0.9099957986681493
        0.1471333343481915        0.9538841670415505
        0.1775361179452837        1.0000000001861928
        0.1965830545890285       -0.0000000000008482
        0.2218495523614764        0.0433930286095240
        0.1950433420032725        0.0865266518115602
        0.2209286890099259        0.1294058305609050
        0.1941598946081640        0.1725980732311867
        0.2199650582450075        0.2155645959459098
        0.1932298668703271        0.2592662907810160
        0.2182123044894779        0.3029061001636453
        0.1922918888126067        0.3472412502461115
        0.2180835821486502        0.3916427881012673
        0.1936027440666657        0.4354481538232050
        0.2206604421876154        0.4792585297452232
        0.1948492384389366        0.5223253503519686
        0.2217222563729373        0.5656331124777544
        0.1954953622759076        0.6086304772449197
        0.2223196364644324        0.6516565936253753
        0.1958590051569341        0.6946488779961095
        0.2226782327417527        0.7374662123163925
        0.1961415227735160        0.7804741384495363
        0.2229783432516699        0.8232715087891430
        0.1967513945046916        0.8664971590713635
        0.2235122893095796        0.9098793586602901
        0.1986254227962883        0.9540547074011290
        0.2257917704249107        1.0000000001893308
        0.2489538162678394       -0.0000000000008560
        0.2754634522261164        0.0432517789119975
        0.2482989867963173        0.0863135141860395
        0.2748371147746336        0.1289153962402107
        0.2474025141742863        0.1721290280056135
        0.2736159212065290        0.2147622128696944
        0.2459232597901791        0.2586296760203117
        0.2704593932320050        0.3022894660706787
        0.2440437480330384        0.3471483074015223
        0.2699385287161989        0.3920247107922108
        0.2463375029717464        0.4360572515435835
        0.2745371593945999        0.4798326288722081
        0.2483002694028064        0.5226894923368257
        0.2759263682281313        0.5657673951721151
        0.2491968530487822        0.6086937810324771
        0.2766410023349516        0.6516071219997247
        0.2497214772362991        0.6945406314264295
        0.2770834939701362        0.7374067309795236
        0.2499991193148938        0.7802721118149540
        0.2771608276885829        0.8232232775589094
        0.2501105556380165        0.8663423219724370
        0.2767377622809966        0.9098458513226499
        0.2501163890853417        0.9541090357499930
        0.2743866656115282        1.0000000001890936
        0.3014655396852460       -0.0000000000008563
        0.3294436735945914        0.0430714591865308
        0.3017495546755443        0.0859166096006989
        0.3291024754799548        0.1281462688970421
        0.3008208113353585        0.1712783231979160
        0.3275449412768689        0.2134655080527570
        0.2986034178537094        0.2575274568414336
        0.3219789090542725        0.3012900787428857
        0.2951914824756199        0.3468814591217126
        0.3206358786040609        0.3924243997693740
        0.2991139964727181        0.4368570849265023
        0.3289607243773853        0.4804005082562030
        0.3020447220910125        0.5229540987592748
        0.3304775482178553        0.5656523347788184
        0.3030302594775668        0.6086205068980233
        0.3310534934949627        0.6515248134881578
        0.3036123321349211        0.6945326771003337
        0.3315712320621529        0.7375829535513441
        0.3038668525341801        0.7803718122980189
        0.3315126366051904        0.8234727158772929
        0.3034757118695308        0.8664049383460454
        0.3302110327370227        0.9098893443541743
        0.3015992744039573        0.9540214190505329
        0.3226281273129065        1.0000000001855414
        0.3538145853134256       -0.0000000000008444
        0.3842935164486104        0.0428740284472524
        0.3552766998077769        0.0854145933554019
        0.3842508548038279        0.1272576836787356
        0.3542613094717890        0.1700678563615151
        0.3822817618339971        0.2116277317792664
        0.3510251325288689        0.2557938480248598
        0.3724815221663618        0.2997166240452220
        0.3453599346478807        0.3463399044020857
        0.3695291162703690        0.3926588979861559
        0.3517670671247279        0.4377710298692412
        0.3846758072168580        0.4806545862437032
        0.3559588122075390        0.5229258803576580
        0.3857189884381477        0.5652742718326857
        0.3565922350823621        0.6083726927900375
        0.3857113042639862        0.6516206540589944
        0.3571018187425021        0.6946833988642489
        0.3864689950714462        0.7378248568331263
        0.3574455026748445        0.7806994173443268
        0.3864075183146052        0.8239962096992739
        0.3567310532458761        0.8667303341103810
        0.3845567319113521        0.9101899088314745
        0.3530619864645956        0.9538225433486862
        0.3697679668060765        1.0000000001799187
        0.4054186982265462       -0.0000000000008213
        0.4408192539074168        0.0421892794354233
        0.4083462502659347        0.0849401258056921
        0.4411552098718844        0.1268155033070106
        0.4073479066935209        0.1687769160068431
        0.4390001431514520        0.2096810197502007
        0.4027814214759974        0.2532001141050327
        0.4217185687365081        0.2969019989403995
        0.3942588458602429        0.3449374303899905
        0.4155184132722795        0.3915575244495157
        0.4038318852121167        0.4384505926596208
        0.4428727134372424        0.4796292814960919
        0.4093915089043323        0.5223873361687829
        0.4419583712446996        0.5665039037775356
        0.4089793068527610        0.6085571025908787
        0.4415125693429352        0.6515982777620920
        0.4096084555784840        0.6947788177481119
        0.4424693763851531        0.7375614067042625
        0.4100026761778014        0.7810452832875145
        0.4424249627401531        0.8248109683426872
        0.4093166790979558        0.8674273254848194
        0.4407456417369273        0.9110656975056467
        0.4042897862700052        0.9536894537735545
        0.4149948321930957        1.0000000001734786
        0.4551434161260416       -0.0000000000007867
        0.5000000000549386        0.0411236729955569
        0.4585018226807609        0.0841295586939771
        0.5000000000761858        0.1256007167910887
        0.4584806164953905        0.1687238605116458
        0.5000000000417879        0.2097216885503129
        0.4530798607075214        0.2492108901821457
        0.4698631563634054        0.2929755923320080
        0.4418236616625683        0.3414768093582083
        0.4585350231200301        0.3859312595319754
        0.4533435925562788        0.4349213567738047
        0.5000000000904528        0.4663161987442895
        0.4586201985632815        0.5239547493513032
        0.5000000001142466        0.5573964650870258
        0.4591324443792417        0.6093585208881168
        0.5000000000898878        0.6479993472435009
        0.4595075664922323        0.6938310910001265
        0.5000000000845196        0.7368751437551018
        0.4592468443068861        0.7811778970690988
        0.5000000000814012        0.8251324178641146
        0.4592477302980711        0.8687252479909280
        0.5000000000476562        0.9133709680900454
        0.4542457245863731        0.9535119006457891
        0.4576087347706364        1.0000000001906135
        0.5000000002412475        0.0831167175603133
        0.5000000002407931        0.1673219748510143
        0.5222557190186635        0.2952181491525919
        0.5405909150674550        0.3395490465276521
        0.4889100209321302        0.3339210543737275
        0.5000000002165721        0.4212110082644485
        0.5000000001988596        0.5089180093702580
        0.5000000002335988        0.6007612108545030
        0.5000000002526701        0.6920047410598639
        0.5000000002503185        0.7809674765985477
        0.5000000002502307        0.8694445224979903
        0.5000000001991668        0.9568164013124220
        0.5438187847541688        0.2500000000485704
        0.5729794020828581        0.2965627755628325
        0.5654181781958932        0.3749999999250831
        0.6249999998236759        0.0448053996450297
        0.6249999997435476        0.1432295127009047
        0.6249999997863871        0.1993544003495065
        0.5862358350766450        0.2500000000382394
        0.6260318155627410        0.2983699957653438
        0.5967753753371786        0.3377752346531042
        0.6249999997975739        0.4195971109506208
        0.6249999997762337        0.4693334722767926
        0.6249999998101046        0.5622880662493995
        0.6249999997610138        0.6485393900060228
        0.6249999997568483        0.7355458592670572
        0.6249999997551160        0.8238866062926333
        0.6249999997941510        0.9118623659851156
        0.6249999997460732        0.9565065933243611
        0.6676086442530899        0.0000000000000930
        0.6708490117829575        0.0536668292704419
        0.6249999998891085        0.0924630880201742
        0.6716850333082154        0.1169257360617874
        0.6623389942360930        0.1675755922617385
        0.6752692664429895        0.2163652655200726
        0.6657872841105297        0.2632471258129574
        0.6830601713598652        0.3050930725686448
        0.6539922464930593        0.3414169071345071
        0.6751900506858749        0.3924193183598734
        0.6658012014587734        0.4428175344721979
        0.6733708708071823        0.4914613053866891
        0.6249999998597129        0.5155712645585094
        0.6685496273250880        0.5500485538774862
        0.6249999999205442        0.6046471750037106
        0.6666541402871193        0.6467730891268789
        0.6249999999436796        0.6917013478247160
        0.6663571872758645        0.7357048540546257
        0.6249999999399557        0.7795084738655983
        0.6661842703243628        0.8226668008819538
        0.6249999999722395        0.8676628407122288
        0.6712075732661709        0.9062035807803523
        0.6653627765110817        0.9543296538591908
        0.6754099432335132        1.0000000002145442
        0.7107066365235173       -0.0000000000007122
        0.7262289999359345        0.0427531939803415
        0.7044099168085658        0.0853826179883239
        0.7272987473902420        0.1282211735533907
        0.7047665303995404        0.1683815369372549
        0.7286400443079998        0.2138141787600002
        0.7118286702371136        0.2587427681478301
        0.7333041411044765        0.3055215113741723
        0.7053208093076256        0.3507314287154176
        0.7292865918141040        0.3941876698200631
        0.7072628165652547        0.4388429368010053
        0.7282596985304520        0.4804368310831927
        0.7067783119515976        0.5235556834274498
        0.7211688660420263        0.5687836807184534
        0.6816811270349530        0.6006389465891000
        0.7151457824788093        0.6478070417177031
        0.6832939078124501        0.6917473378281276
        0.7166339491959731        0.7355675356189574
        0.6841997611830490        0.7791431243793966
        0.7177860081010571        0.8212854768176006
        0.6860504947105380        0.8642229072745455
        0.7225845700437317        0.9060927826410234
        0.7078516117106999        0.9522905219922704
        0.7248774326881359        1.0000000001874723
        0.7593704714756774       -0.0000000000008253
        0.7810173104443120        0.0436586295093209
        0.7557650363158696        0.0858145558941728
        0.7812949495011796        0.1294036846460571
        0.7564425054689645        0.1720440889366958
        0.7822520578886274        0.2162523721855897
        0.7596848044946060        0.2598195683119587
        0.7845413607592308        0.3052868594429248
        0.7571376005046115        0.3500149115067817
        0.7829253854597353        0.3933267959168519
        0.7580826447024133        0.4371794830031881
        0.7813669874426413        0.4817787511282140
        0.7553957289296138        0.5257886094238159
        0.7758248077535994        0.5697898490698653
        0.7421417703934846        0.6098710781666590
        0.7707688133568150        0.6524090809312267
        0.7399359384777985        0.6923897550245027
        0.7704877732616136        0.7358580785888280
        0.7414967424553440        0.7785286519553081
        0.7721869010214003        0.8209777282371353
        0.7437088924340128        0.8634413081922385
        0.7751796725504407        0.9070544602564140
        0.7540931382161495        0.9527522448939333
        0.7738709552313817        1.0000000001816325
        0.8091498382283565       -0.0000000000008264
        0.8346358910208124        0.0439178634288222
        0.8080186062640436        0.0868541758499154
        0.8349544051531134        0.1302430105067155
        0.8083905286998121        0.1731848084539862
        0.8355344976439696        0.2170660673262398
        0.8101490209612414        0.2608354875568696
        0.8368110393957626        0.3053538458926002
        0.8092033617519523        0.3494552134552084
        0.8358301519876303        0.3936165579127761
        0.8090819158603743        0.4377555282828455
        0.8343655286925368        0.4821088319600921
        0.8064228198136353        0.5262004177055546
        0.8304098528256099        0.5697352441815763
        0.7992400333113183        0.6118800664807319
        0.8271229780450089        0.6538425765175330
        0.7970563378629485        0.6947355306737643
        0.8264489152118648        0.7372094147516433
        0.7976584141458105        0.7786940263541748
        0.8273628258226779        0.8216528135406336
        0.7992263152745345        0.8639985896711033
        0.8285860026201456        0.9079152640880407
        0.8028711933826914        0.9529515183149989
        0.8221924900243732        1.0000000001755063
        0.8591472503688309       -0.0000000000008188
        0.8883168030280780        0.0438349455315460
        0.8600513135016998        0.0871682680905256
        0.8888479130852829        0.1303893014127580
        0.8603466172671700        0.1737293682169252
        0.8891654802186525        0.2174033505543449
        0.8612145098733277        0.2611771473094494
        0.8897633914698665        0.3054580923625999
        0.8608055597335613        0.3495970524931126
        0.8891442023164461        0.3937366763042244
        0.8603474916311895        0.4379106336205284
        0.8879801845065732        0.4819602055984860
        0.8583383755857344        0.5260165206955080
        0.8854774443217415        0.5691575144508039
        0.8545834735030177        0.6119978040035139
        0.8835474051726792        0.6541033635265504
        0.8531818444074660        0.6958931798053125
        0.8830542828541530        0.7383196270531821
        0.8532949673741679        0.7798700250057441
        0.8833844755307887        0.8230174387796751
        0.8538261417329563        0.8649919738373882
        0.8831292367548906        0.9088573581931173
        0.8530698439341599        0.9530531431583388
        0.8694247061354592        1.0000000001699114
        0.9086231974594605       -0.0000000000007991
        0.9432179245334434        0.0432751897657702
        0.9111813317795517        0.0869642191837975
        0.9437221615288284        0.1301707626237403
        0.9113406420424932        0.1738139622469771
        0.9438038611103340        0.2174856927245259
        0.9116441224378022        0.2613637129568569
        0.9440214956206724        0.3053890744018109
        0.9114231892485783        0.3495784595880339
        0.9436713375092978        0.3935009076356778
        0.9110764979341078        0.4377808020465045
        0.9430156645851906        0.4814229505629098
        0.9099697185806834        0.5254870873535343
        0.9417466916698379        0.5683830490170442
        0.9082811661493583        0.6115978955224151
        0.9408079193541040        0.6539085589021959
        0.9076106749192825        0.6963562692746984
        0.9405515804216776        0.7390136658373752
        0.9076429889095825        0.7811321476391054
        0.9407084084679387        0.8246429770832545
        0.9076058529113736        0.8664050334703284
        0.9398056344478539        0.9102797820340930
        0.9038719701232093        0.9531213475673969
        0.9148079529773618        1.0000000001642360
        0.9564270569788695       -0.0000000000007618
        1.0000000000825038        0.0426013925392785
        0.9594528013687292        0.0864628879788296
        1.0000000001004261        0.1299394676520120
        0.9594108421992962        0.1737503163688375
        1.0000000000997176        0.2173076183820071
        0.9594357653806623        0.2612968903700285
        1.0000000000990266        0.3047874007649181
        0.9593229951108746        0.3492992389899761
        1.0000000000943057        0.3922384608923689
        0.9592711126217849        0.4372335473177489
        1.0000000000876710        0.4795683355788736
        0.9590545137531025        0.5247195651255823
        1.0000000000768057        0.5665312276279780
        0.9586852884431195        0.6110031521737521
        1.0000000000681608        0.6530186136858364
        0.9585423905511904        0.6964507798799082
        1.0000000000633840        0.7394051647735636
        0.9585267009071857        0.7820418846358235
        1.0000000000616773        0.8260996934830546
        0.9586913283130393        0.8683270119711969
        1.0000000000310054        0.9134982583106215
        0.9539289328166888        0.9530931745311912
        0.9575231056739612        1.0000000001855738
        1.0000000002527683        0.0861874367740995
        1.0000000002522786        0.1735518436665403
        1.0000000002525540        0.2609205663990060
        1.0000000002509648        0.3481883927344207
        1.0000000002498581        0.4353843884719535
        1.0000000002468765        0.5224239354439987
        1.0000000002430354        0.6093122205880120
        1.0000000002419243        0.6960802762322684
        1.0000000002416018        0.7829405957300971
        1.0000000002429374        0.8702560898170085
        1.0000000001950149        0.9569385723526169
