           401           425           402
            19            44            20
           426           425             6
           426           402           425
           449           427           426
           427           402           426
           229           228             2
            72            47            71
            48            47            72
           230           229           252
           157           180           181
           428           427           449
           308           284           307
           370           369           393
           433           434           410
           433           408           432
           361           337           336
            20            44            21
            44            45            21
            44            19            43
             5           281           267
           267           281           282
           307           284           282
           401           402           378
           133           132           156
           156           157           133
           180           157           156
           181           180           204
            60            84            61
            37            61            62
            37            36            60
            60            61            37
            46            21            45
            22            21            46
            23            48            24
            47            48            23
            22            46            23
            23            46            47
            24            48            25
            34            35            12
           214           238           215
           215           191           214
           217           240           241
           216           191           215
           215           240           216
           193           192           216
           216           192           191
           216           217           193
           240           217           216
           335           359           336
           228           229           205
           229           230           205
           181           204           205
           205           204           228
           181           205           206
           206           205           230
           155           131           154
           222           246           223
           372           395           396
           346           369           370
           327           328           304
           351           328           327
           458           445           444
           446           445           458
           317           292           316
           340           339           363
           316           339           340
           362           361           385
           368           393           369
           369           344           368
           392           415           416
           391           415           392
           392           368           391
           393           368           392
           408           433           409
           409           433           410
           452           433           432
           434           433           452
           431           451           432
           432           408           431
           431           430           451
           336           359           360
           360           361           336
           385           361           360
           337           361           338
           363           339           338
           338           362           363
           361           362           338
           338           314           337
           339           314           338
            15            40            16
            16            40            17
            68            45            44
            44            43            68
           109           108           132
           109           132           133
             1            36            13
            36            37            13
           162           163           139
           139           163           164
           133           157           158
            70            71            47
            47            46            70
            94            71            70
            70            46            45
            95            71            94
           222           223           199
           237           257           238
           215           238           239
           238           257           239
           191           192           167
           192           168           167
           231           230           252
           359           335           334
           211           235           236
           211           236           212
           178           155           154
           179           155           178
           201           177           200
            11           251           263
           370           393           394
           394           395           370
           397           372           396
           397           398           374
           370           395           371
           395           372           371
           371           372           348
           371           346           370
           352           328           351
           352           375           376
           351           375           352
           374           375           350
           350           375           351
           421           397           396
           398           397           421
           374           398           399
           399           375           374
           399           400           376
           376           375           399
             7           448           459
           445           446           422
           422           421           445
           398           421           422
           315           339           316
           316           292           315
           292           291           315
           315           314           339
           315           291           290
           290           314           315
           343           344           320
           369           346           345
           345           344           369
           320           344           345
           345           321           320
           292           317           294
           294           295           275
           341           317           316
           316           340           341
           390           415           391
           391           366           390
           390           366           389
           390           389           413
           364           340           363
           413           412           437
           437           436           454
           437           412           436
           435           412           411
           435           411           410
           435           453           436
           436           412           435
           410           434           435
           434           453           435
           416           415           439
           439           440           416
           439           455           440
           367           368           344
           367           343           342
           344           343           367
           342           366           367
           391           368           367
           367           366           391
           410           411           386
           386           409           410
           386           362           385
           385           409           386
           356           381           357
           356           355           379
           357           332           356
           332           355           356
           358           381           382
           357           381           358
           358           334           357
           359           334           358
           380           356           379
           381           356           380
           384           409           385
           385           360           384
           408           409           384
            40            15            39
            62            63            39
            41            17            40
            62            61            86
            86            63            62
            67            43            66
            67            68            43
            66            90            67
           305           282           281
           164           163           188
           188           165           164
           137           161           162
           160           161           137
           114           113           138
           113           137           138
           162           139           138
           138           137           162
           182           158           157
           182           157           181
           181           206           182
           186           163           162
           162           161           186
           210           186           185
           185           186           161
            45            68            69
            69            70            45
            94            70            69
           140           139           164
           119            95           118
           118           142           119
           117           142           118
           118            95            94
           154           131           130
           120           119           144
           120            95           119
           169           192           193
           169           168           192
            98            73            97
           151           150           174
            59            82            83
            31            56            32
            81            82            57
            57            80            81
            56            80            57
           238           214           213
           213           237           238
           212           236           213
           236           237           213
           290           291           273
           241           240           258
           258           240           215
           215           239           258
           143           168           144
           143           142           166
           166           167           143
           143           167           168
           144           119           143
           119           142           143
           144           168           145
           145           169           170
           168           169           145
           190           214           191
           191           167           190
           190           167           166
           166           165           190
           242           217           241
           241           259           242
           230           231           207
           207           206           230
           308           332           333
           333           332           357
           357           334           333
           284           268           283
           267           282           283
           283           282           284
           234             3           235
           234           211           210
           235           211           234
           179           178           202
           202           178           177
           177           201           202
           153           178           154
           177           178           153
           200           199           224
           224           201           200
           224           199           223
           416           440           441
           440           456           441
           456           442           441
           393           392           417
           417           394           393
           417           392           416
           416           441           417
           457           444           443
           443           442           457
           396           395           419
           395           394           419
           374           350           373
           373           397           374
           372           397           373
           348           372           373
           373           349           348
           373           350           349
           325           349           326
           326           302           325
           327           302           326
           349           350           326
           351           327           326
           326           350           351
           303           302           327
           303           327           304
           303           280           279
           279           302           303
           304             8           303
             8           280           303
           325           302           301
           301           302           279
           298           323           299
           300           278           299
           299           323           300
           325           301           300
           300           301           278
           347           371           348
           346           371           347
           398           422           423
           423           399           398
           400           399           423
           423           424           400
           319           343           320
           295           294           319
           317           341           318
           343           319           318
           342           343           318
           318           341           342
           318           294           317
           318           319           294
           389           366           365
           365           364           389
           340           364           365
           365           341           340
           342           341           365
           365           366           342
           388           412           413
           411           412           388
           413           389           388
           389           364           388
           354           378           379
           379           355           354
           331           355           332
           331           308           307
           331           332           308
           455           439           438
           438           437           454
           383           358           382
           383           384           360
           383           360           359
           359           358           383
           403           402           427
           403           378           402
           379           378           403
           403           380           379
           427           428           404
           404           403           427
           380           403           404
            38            15            14
            38            39            15
            14            13            38
            38            13            37
            38            37            62
            62            39            38
            64            41            40
            40            39            64
            64            39            63
            18            17            42
            17            41            42
            42            41            66
            66            43            42
            42            19            18
            42            43            19
            85            61            84
            85            86            61
            84           108            85
           108           109            85
            63            86            87
           114           138           115
           115           138           139
           139           140           115
           136           113           112
           136           137           113
           160           137           136
           136           135           160
           183           182           206
           183           207           208
           206           207           183
           158           182           159
           160           135           159
           159           135           158
           182           183           159
           210           211           187
           187           186           210
           187           211           212
           163           186           187
           212           188           187
           187           188           163
           220           195           219
           219           244           220
            94            69            93
            93           118            94
           117           118            93
           141           142           117
           117           140           141
           141           165           166
           166           142           141
           164           165           141
           141           140           164
           107           130           131
            83            82           106
           106           107            83
           130           107           106
           106            82            81
           105           106            81
           130           106           105
            54            53            78
            78            53            77
            77           102            78
           170           169           194
           194           169           193
            96            73            72
            96            97            73
            72            71            96
            71            95            96
            95           120            96
           120            97            96
           222           199           198
           198           197           222
           220           244           221
           221           197           220
           221           246           222
           222           197           221
           174           150           149
           149           150           125
           175           151           174
           174           198           175
           175           199           200
           175           198           199
            35            34            58
            58            57            82
            58            59            35
            82            59            58
            33            32            56
            56            57            33
            33            58            34
            57            58            33
           313           314           290
           290           289           313
           337           314           313
             9           289           290
           290           273             9
           272           289             9
           274           291           292
           274           273           291
           257           237            10
           235             3           254
           254             3           264
           144           145           121
           121           120           144
           121            97           120
           189           190           165
           165           188           189
           189           213           214
           214           190           189
           189           188           212
           212           213           189
           193           217           218
           217           242           218
           218           194           193
           195           194           218
           218           219           195
           242           219           218
             3           234           233
           179           202           203
           177           153           176
           151           175           176
           152           151           176
           176           153           152
           200           177           176
           176           175           200
           201           224           225
           420           421           396
           396           419           420
           420           419           443
           445           421           420
           420           444           445
           420           443           444
           443           419           418
           418           441           442
           442           443           418
           418           417           441
           394           417           418
           418           419           394
           295           319           296
           320           321           296
           296           319           320
           348           349           324
           324           347           348
           324           349           325
           325           300           324
           324           300           323
           323           347           324
           321           345           322
           322           298           321
           322           345           346
           346           347           322
           323           298           322
           322           347           323
           447           423           422
           447           459           448
           448           424           447
           424           423           447
           446           459           447
           447           422           446
           411           388           387
           387           388           364
           387           386           411
           362           386           387
           363           362           387
           387           364           363
           330           354           355
           355           331           330
           401           378           377
           378           354           377
           437           438           414
           414           438           439
           413           437           414
           414           390           413
           415           390           414
           414           439           415
           407           383           382
           384           383           407
           407           431           408
           408           384           407
           429           428           450
           429           404           428
           450           430           429
            88            87           112
            88            64            63
            63            87            88
            66            41            65
            41            64            65
            65            90            66
            64            88            65
           134           109           133
           133           158           134
           158           135           134
            86            85           110
           110            87            86
           110            85           109
           109           134           110
           117            93           116
           116           140           117
           116           115           140
           184           159           183
           208           185           184
           184           183           208
           184           185           161
           184           161           160
           160           159           184
           243           242           259
           243           219           242
           244           219           243
           243           260           244
            92            69            68
            92            93            69
            68            67            92
            92           116            93
           130           105           129
           154           130           129
           129           153           154
           152           153           129
            30            54            31
            55            80            56
            55            56            31
            31            54            55
            55            54            78
           100            77            76
            76            77            53
           170           194           171
           171           147           170
           172           147           171
           171           194           195
           100           124           101
           101            77           100
           102            77           101
           101           124           125
            99           124           100
           123           124            99
           197           198           173
           173           198           174
           174           149           173
           173           149           172
           146           147           123
           146           121           145
           146           145           170
           170           147           146
           148           147           172
           172           149           148
           148           149           125
           123           147           148
           125           124           148
           148           124           123
           310           334           335
           310           333           334
           337           313           312
           336           337           312
           312           335           336
           266           255           272
           272             9           266
           266            10           255
           293           274           292
           293           294           275
           292           294           293
           256           237           236
           256            10           237
           236           235           256
           235           254           256
           255            10           256
           256           254           255
           209           233           234
           209           185           208
           210           185           209
           209           234           210
           226           202           201
           226           203           202
           201           225           226
           249           225           248
           248           224           223
           248           225           224
           247           248           223
           247           223           246
           246           261           247
           244           260           245
           245           221           244
           246           221           245
           245           261           246
           321           298           297
           297           296           321
           353           330           329
           354           330           353
           353           377           354
           306           330           331
           306           331           307
           306           305           329
           329           330           306
           307           282           306
           282           305           306
           380           404           405
           404           429           405
           382           381           405
           381           380           405
           430           431           406
           406           429           430
           406           407           382
           431           407           406
           382           405           406
           406           405           429
           114            90            89
            89            88           112
            90            65            89
            89            65            88
           112           113            89
            89           113           114
           135           136           111
           111           134           135
           111           110           134
           111           136           112
           112            87           111
            87           110           111
           116            92            91
            91            90           114
            91            67            90
            91            92            67
           114           115            91
           115           116            91
           152           129           128
           128           129           105
           102           103            79
            78           102            79
            79            55            78
            80            55            79
           104           105            81
           104            79           103
           104           128           105
           103           128           104
            81            80           104
            80            79           104
            49            25            48
            49            48            72
            72            73            49
            53            54            29
            54            30            29
           123            99           122
           122           146           123
           121           146           122
            97           121           122
            98            97           122
           122            99            98
           196           171           195
           196           195           220
           172           171           196
           196           173           172
           220           197           196
           197           173           196
           311           310           335
           335           312           311
           285           268           284
           271             4           287
           271           289           272
           271           270             4
           289           271           288
           288           271           287
           288           313           289
           288           312           313
           287           311           288
           288           311           312
           253           233           232
           233           209           232
           232           231           253
           232           207           231
           208           207           232
           232           209           208
           203           226           227
           250           226           225
           250           263           251
           251           227           250
           250           227           226
           250           249           263
           250           225           249
           249           248           262
           248           247           262
           277           298           299
           277           297           298
           295           296           276
           296           297           276
           152           128           127
           127           151           152
           150           151           127
           127           128           103
            50            26            25
            25            49            50
            26            50            27
            27            50            51
            52            51            76
            52            76            53
            28            27            52
            52            27            51
            53            29            52
            52            29            28
            76            51            75
           100            76            75
            98            99            75
            75            99           100
           287             4           286
           286           311           287
           310           311           286
           308           333           309
           333           310           309
           284           308           309
           309           285           284
           310           286           309
           309           286           285
           265           271           272
           270           271           265
           272           255           265
           255           254           265
           265           254           264
           264           270           265
           126           127           103
           126           103           102
           102           101           126
           126           101           125
           125           150           126
           150           127           126
            51            50            74
            74            75            51
            74            49            73
            74            50            49
            74            73            98
            98            75            74
           269           286             4
           285           286           269
           268           285           269
