           212           184           211
           212           213           184
           186           213           214
             3           297           285
           277           288           289
           318           317             4
           310           319           320
             1            11             9
           186           158           185
           185           213           186
           184           213           185
           211           210           229
           229           212           211
           213           212           230
             6           214           230
           230           214           213
           130             7           129
           211           184           183
           298           297           308
           309           318           319
           319           310           309
           317           318           309
           310           298           309
           309           308           317
           309           298           308
           130           129           157
           157           158           130
           157           185           158
           129           128           157
           182           210           211
           211           183           182
           192           165           164
           192           220           194
             5           220           192
           235           234           240
           133           134           106
           234           235           218
           259           274           267
           267           275           276
           253           254           247
           260           254           253
           244           234           239
           240           234           244
           266           274           259
           264           257           251
           164           165           136
            89            90            84
           277           289           290
           290           278           277
           265           273           274
           274           266           265
           265           266           257
           265           257           264
           246           253           247
           252           253           246
            73            72            78
            65            70            71
           311           310           320
            21            20            22
            22            14            21
            30            29             2
            10            14            15
            13            21            10
            10            21            14
            27            18            26
            35            26            25
            25            26            18
            43            34            42
            24            34            35
            35            25            24
           184           185           156
           185           157           156
           156           183           184
           156           157           128
           154           126           125
           179           207           180
           180           152           179
           180           207           209
           117           145           118
             5           218           219
           219           218           235
           105           133           106
           190           218             5
           217           218           190
           159           160           132
           217           190           189
           189           190           162
           198           199           197
           197           222           198
           296           275           284
           274           273           284
           284           267           274
           275           267           284
           208           209           207
           172           199           200
           240           244           245
           268           260           259
           259           267           268
           268           267           276
           248           254           249
           247           254           248
           248           242           247
           243           242           248
           258           253           252
           252           251           258
           258           251           257
           257           266           258
           260           253           258
           259           260           258
           258           266           259
           112           111           139
           139           111           137
           165           137           108
           108           136           165
           109             8           108
           134           162           163
           164           136           163
            88            92            93
            87            92            88
            82            77            81
            81            87            82
            87            88            82
            96            92            91
           289           302           303
           303           290           289
           269           278           279
           278           290           279
           273           282           283
           295           296           283
           296           284           283
           283           284           273
           272           265           264
           272           282           273
           273           265           272
           217           189           188
           188           189           160
           241           242           236
           241           246           247
           247           242           241
           238           242           243
           238           244           239
           243           244           238
           239           232           238
            45            51            52
            73            78            74
            74            78            83
            73            74            75
            75            74            80
            76            80            81
            81            77            76
            70            75            76
            76            75            80
            77            71            76
            76            71            70
            81            80            85
            85            87            81
            67            72            73
            73            75            69
            69            75            70
            57            50            49
            58            50            57
           286           287           288
           299           285           297
           297           298           299
           299           286           285
           287           286           299
           321           311           320
            19            29            20
            20            21            12
            11            19            12
            12            19            20
            12             9            11
            13             9            12
            12            21            13
            31            30            41
            22            20            31
            20            29            31
            29            30            31
            27            26            37
            36            26            35
            36            45            46
            46            37            36
            36            37            26
            17            25            18
            23            14            22
            15            14            16
            16            24            25
            14            23            16
            16            23            24
            16            17            15
            25            17            16
           155           128           127
           155           156           128
           127           126           155
           126           154           155
           183           156           155
           155           154           183
           153           154           125
           153           125           124
           181           152           180
           181           153           152
           154           153           181
           181           182           183
           183           154           181
           180           209           181
           181           209           182
           149           122           121
           121           120           149
           151           179           152
           124           123           151
           151           153           124
           152           153           151
           207           179           178
           171           199           172
           191           190             5
           162           190           191
           191           192           164
             5           192           191
           164           163           191
           191           163           162
           161           132           160
           160           189           161
           161           189           162
           161           162           134
           134           133           161
           133           132           161
           133           105           104
           104           132           133
           170           197           199
           199           171           170
           227           208           207
           207           178           227
           227           178           206
           209           208           228
           210           182           228
           182           209           228
           261           268           276
           172           200           224
           249           262           256
           250           244           243
           250           245           244
           250           256           245
           249           256           250
           250           248           249
           243           248           250
           255           262           249
           249           254           255
           255           261           262
           268           261           255
           255           254           260
           260           268           255
           137           111           110
           109           108           110
           110           108           137
           195           221           196
           136           108           135
           135           108             8
           134           163           135
           135           163           136
           106           134           135
           135             8           106
            86            92            87
            86            91            92
            87            85            86
            90            91            86
            86            85            90
           314           303           302
           282           272           271
           263           272           264
           270           271           263
           263           271           272
           233           232           239
           233           218           217
           239           234           233
           234           218           233
           217           188           216
           216           233           217
           232           233           216
           231           232           216
           187           160           159
           187           188           160
           237           238           232
           237           231           236
           237           232           231
           236           242           237
           242           238           237
            35            34            44
            44            36            35
            45            36            44
            51            45            44
            44            34            43
            43            51            44
            53            45            52
            46            45            53
            79            74            83
            79            83            84
            84            90            79
            90            85            79
            80            74            79
            79            85            80
            62            67            68
            68            67            73
            73            69            68
            72            67            66
            66            67            62
            57            49            56
           311           321           313
           302           312           313
           313           312           311
           313           314           302
           313           321           322
           322           314           313
           300           312           287
           300           298           310
           310           311           300
           311           312           300
           300           299           298
           287           299           300
           301           302           289
           301           312           302
           287           312           301
           301           289           288
           288           287           301
            41            42            32
            32            23            22
            22            31            32
            32            31            41
            34            24            33
            24            23            33
            23            32            33
            33            42            34
            33            32            42
           120           119           147
           147           119           118
           179           151           150
           122           149           150
           123           122           150
           150           151           123
           177           150           149
           177           178           179
           179           150           177
           172           224           201
           202           174           201
           201           224           202
           173           171           172
           172           201           173
           173           201           174
           107           102           101
           106             8           101
           101             8           107
           101           105           106
           101           100           105
           105           100            99
            99           104           105
           159           132           131
           132           104           131
           142           170           171
           203           225           204
           203           174           202
           202           225           203
           223           199           198
           223           200           199
           196           222           168
           168           195           196
           222           197           168
           168           167           195
           194           221           193
           221           195           193
           193           192           194
           165           192           193
           279           292           280
           269           279           280
           280           270           269
           280           271           270
           303           314           304
           215           216           188
           188           187           215
           231           216           215
            59            53            52
            64            58            57
            65            58            64
            64            70            65
            64            69            70
            62            68            63
            63            56            62
            57            56            63
            63            64            57
            63            68            69
            69            64            63
            55            56            49
            40            49            50
            27            37            28
            38            37            46
            38            28            37
            39            28            38
           148           149           120
           120           147           148
           148           177           149
           118           145           146
           146           147           118
           145           173           146
           146           173           174
           178           177           205
           206           178           205
           205           226           206
           204           226           205
           144           173           145
           171           173           144
           145           117           144
           117           116           144
            97           101           102
            97           102            93
            96           100            97
           100           101            97
            93            92            97
            97            92            96
            95           100            96
            95            99           100
            96            91            95
            98            99            95
           103            99            98
           104            99           103
           103           131           104
           114           113           141
           139           167           140
           140           141           113
           140           113           112
           112           139           140
           195           167           166
           166           193           195
           165           193           166
           292           293           281
           281           280           292
           282           271           281
           271           280           281
           303           304           291
           291           292           279
           290           303           291
           291           279           290
           305           293           292
           292           291           305
           305           291           304
           315           314           322
           315           304           314
            54            59            60
            53            59            54
            62            56            61
            56            55            61
            55            54            61
            61            54            60
            61            66            62
            60            66            61
            48            55            49
            39            38            48
            49            40            48
            48            40            39
           174           203           175
           175           146           174
           175           148           147
           147           146           175
           143           142           171
           171           144           143
           114           141           143
           143           141           142
           143           144           116
            94            95            91
            90            89            94
            94            91            90
            89            98            94
            98            95            94
           167           168           169
           169           140           167
           197           170           169
           169           168           197
           170           142           169
           142           141           169
           141           140           169
           138           167           139
           138           166           167
           138           139           137
           138           137           165
           165           166           138
           294           281           293
           294           293           307
           294           283           282
           282           281           294
           294           307           295
           295           283           294
           307           293           306
           293           305           306
            55            48            47
            47            48            38
            47            38            46
            46            53            47
            53            54            47
            47            54            55
           148           175           176
           177           148           176
           176           205           177
           176           175           203
           176           203           204
           204           205           176
           114           143           115
           115           143           116
           316           306           305
           316           305           304
           304           315           316
