           480           479           486
           603           608           609
           601           611           607
           607           608           601
           592           598           593
           557           556           562
           546           545           552
           539           545           546
           373           361           372
           417           416             2
           473           479           480
           478           484           479
           479           473           478
           490           496           491
           479           484           485
           485           491           492
           485           490           491
           484           490           485
           492           486           485
           485           486           479
           248           260           249
            16            11            10
            16            15            22
           608           607           612
             5           609           612
           612           609           608
           602           608           603
           601           608           602
           602           595           601
           601           595           600
           587           586           592
           592           593           587
           598           604           599
           599           593           598
           599           600           593
           576           575           582
           569           576           570
           575           576           569
           566           560           559
           559           565           566
           566           565           572
           572           567           566
           561           560           566
           566           567           561
           559           560           553
           523           524           517
           511           516           517
           511           517           518
           518           517           524
           537           542           543
           536           542           537
           536           537           531
           530           524           523
           523           529           530
           530           529           536
           536           531           530
           525           524           530
           530           531           525
           534           529           528
           528           529           523
           570           565           564
           564           565           559
           552           545           551
           556           557           551
           550           556           551
           551           545           550
           539           546           540
           540           546           541
           539           538           544
           550           545           544
           544           545           539
           395           407           408
           406           407           395
           396           395           408
           383           395           396
           416           417           405
           420           407           429
           408           407           420
           420           409           408
           520           521           515
           515           514           520
           503           502           508
           472           478           473
           261           260           272
           261           249           260
           443           442           448
           454           460           455
           314           313           326
           354           355           343
             9            15            16
            16            10             9
            14            20            15
            14             9             1
            15             9            14
           158           164           159
            15            20            21
            21            22            15
            21            20            26
            17            11            16
            16            22            17
           110           116           111
           582           575           581
           586           587           581
           580           586           581
           581           575           580
           583           582           588
           588           589           583
           582           581           588
           588           581           587
           593           600           594
           594           587           593
           594           588           587
           589           588           594
           595           589           594
           594           600           595
           600           599           606
           606           611           601
           601           600           606
           583           584           577
           577           582           583
           577           576           582
           563           569           570
           570           564           563
           563           564           557
           563           557           562
           580           575           574
           575           569           574
           573           567           572
           552           553           547
           547           546           552
           541           546           547
           555           560           561
           536           529           535
           535           542           536
           541           542           535
           535           540           541
           535           529           534
           534           540           535
           521           528           522
           516           515           522
           522           515           521
           522           528           523
           523           517           522
           522           517           516
           558           564           559
           558           553           552
           559           553           558
           557           564           558
           552           551           558
           558           551           557
           526           521           520
           534           528           527
           527           528           521
           521           526           527
           527           526           532
           385           373           384
           384           396           385
           384           373           372
           383           396           384
           386           373           385
           285           284           296
           308           320           309
           429           407           419
           418           419           407
           428           419           418
           418           407           406
           406           405           418
           417           428           418
           418           405           417
           421           420           429
           409           420           421
           421           430           409
             3           436           431
           409           430             3
           511           505           510
           510           516           511
           509           503           508
           508           514           509
           514           515           509
           509           515           516
           516           510           509
           509           510           503
           496           502           497
           502           503           497
           491           496           497
           220           221           209
           302           291           290
           290           289           302
           301           313           314
           314           302           301
           301           302           289
           301           312           313
           241           229           240
           232           221           220
           249           261           262
           262           261           274
           434           435           427
           487           486           492
           481           487           488
           480           486           481
           486           487           481
           483           477           482
           482           488           483
           482           481           488
           442           443           437
           431           436           437
           436           442           437
           454           455           449
           448           454           449
           449           443           448
           450           443           449
           461           460           466
           461           455           460
           282           269           281
           281           294           282
           293           294           281
           292           293           281
           283           294           295
           282           294           283
           270           269           282
           319           318           330
           166           159           165
           165           164           170
           165           159           164
            13            19             8
             8            12            13
            18            13            12
            18            12            11
            11            17            18
           160           159           166
           105           104           110
           110           111           105
            27            21            26
            26            32            27
           596           589           595
           595           602           596
           579           584           585
           605           606           599
           611           606           605
           578           577           584
           578           584           579
           579           573           578
           578           573           572
           569           563           568
           568           574           569
           568           563           562
           548           549           543
           543           542           548
           548           542           541
           541           547           548
           499           505           506
           519           524           525
           519           518           524
           534           527           533
           533           540           534
           539           540           533
           533           538           539
           533           532           538
           533           527           532
           406           395           394
           394           395           383
           393           405           406
           406           394           393
           393           394           381
           382           394           383
           381           394           382
           356           345           344
           361           373           374
           373           386           374
           366           355           354
           354           353           366
           274           261           273
           273           261           272
           272           284           273
           284           285           273
           308           309           297
           297           296           308
           297           285           296
           298           285           297
           412           411           424
           424           413           412
           431           432           423
           423             3           431
           423           424           411
           432           424           423
           397           396           408
           385           396           397
           408           409           397
           409           410           397
           399           410           411
           399           411           412
           504           505           499
           504           510           505
           503           510           504
           504           497           503
           220           207           219
           219           232           220
           231           232           219
           220           209           208
           208           207           220
           287           298           299
           300           301           289
           289           288           300
           312           301           300
           288           287           300
           299           312           300
           300           287           299
           264           251           263
           263           262           274
           251           262           263
           252           241           240
           252           251           264
           253           266           254
           254           241           253
           253           252           264
           241           252           253
           242           243           231
           254           243           242
           242           241           254
           229           241           242
           254           266           255
           255           243           254
           221           232           233
           231           243           244
           244           232           231
           245           233           244
           244           233           232
           277           288           289
           277           289           290
           290           278           277
           440           435           434
           440           441           435
           434           433           440
           414           413           426
           434           427           426
           400           399           412
           387           399           400
           402           414           403
           403           414           415
           414           426           415
           415           426           427
           493           487           492
           450           449           456
           456           449           455
           467           461           466
           466           472           467
           467           472           473
           210           198           197
           197           209           210
           282           283           271
           271           270           282
           259           270           271
           269           270           257
           314           326           315
           295           294           306
           306           294           293
           330           318           317
           331           319           330
           318           319           307
           295           306           307
           307           306           318
            36            37            31
            85            79            84
            63            62            68
            87            86            92
            55            49            54
           134           140           135
           135           140           141
           146           141           140
           147           141           146
           158           159           153
           153           154           147
           159           160           153
           160           154           153
           132           133           127
           122           128           123
           148           154           149
           148           141           147
           147           154           148
            99            98           104
           104           105            99
           597           602           603
           597           596           602
           591           596           597
           583           589           590
           589           596           590
           590           584           583
           590           596           591
           590           585           584
           591           585           590
           610           605           599
           610           604             4
           610           599           604
           577           578           571
           571           565           570
           572           565           571
           571           578           572
           570           576           571
           576           577           571
           554           555           549
           549           548           554
           560           555           554
           554           548           547
           554           553           560
           554           547           553
           483           488           489
           512           506           505
           512           505           511
           511           518           512
           248           249           237
           237           236           248
           200           212           201
           339           338           350
           350           337           349
           338           337           350
           416           405           404
           405           393           404
           372           359           371
           371           384           372
           383           384           371
           371           382           383
           380           381           369
           381           382           369
           325           337           338
           325           326           313
           325           338           326
           362           349           361
           361           374           362
           362           350           349
           375           386           387
           375           374           386
           320           332           321
           321           309           320
           313           312           324
           324           325           313
           309           321           322
           322           321           334
           409             3           422
             3           423           422
           422           410           409
           411           410           422
           422           423           411
           438           433           432
           438           432           431
           431           437           438
           413           424           425
           425           433           434
           425           424           432
           432           433           425
           434           426           425
           425           426           413
           410           399           398
           385           397           398
           398           397           410
           398           386           385
           387           386           398
           398           399           387
           498           504           499
           498           493           492
           499           493           498
           492           491           498
           491           497           498
           497           504           498
           218           219           207
           196           209           197
           196           208           209
           175           169           174
           174           180           175
           175           180           181
           187           181           186
           186           181           180
           298           287           286
           274           273           286
           286           285           298
           286           273           285
           264           263           276
           288           277           276
           275           287           288
           288           276           275
           275           276           263
           275           263           274
           274           286           275
           275           286           287
           230           242           231
           230           218           217
           217           229           230
           229           242           230
           231           219           230
           219           218           230
           266           278           267
           267           255           266
           243           255           256
           256           244           243
           245           244           256
           256           257           245
           265           253           264
           264           276           265
           265           276           277
           265           277           278
           265           278           266
           266           253           265
           450           456           451
           446           447           441
           441           440           446
           389           400           401
           401           413           414
           412           413           401
           401           400           412
           414           402           401
           401           402           389
           499           506           500
           500           493           499
           501           495           500
           500           506           501
           457           451           456
           474           473           480
           474           467           473
           464           465           459
           234           235           223
           221           233           234
           352           340           339
           341           353           354
           341           352           353
           340           352           341
           327           315           326
           327           338           339
           326           338           327
           339           340           327
           327           340           328
           328           315           327
           303           302           314
           314           315           303
           291           302           303
           318           306           305
           305           317           318
           305           306           293
           188           183           182
           201           202           189
           189           183           188
           202           190           189
           189           190           183
           189           200           201
           188           200           189
           173           174           167
           180           174           173
           172           167           166
           166           165           172
           172           173           167
           178           173           172
           170           176           171
           171           165           170
           171           172           165
           178           172           171
           166           167           161
           161           160           166
            31            25            30
            30            36            31
            43            37            42
            37            36            42
            42            36            35
            78            79            73
            78            84            79
            75            74            80
            51            56            57
            62            63            57
            57            56            62
           147           146           152
           152           153           147
           158           153           152
           138           139           133
           133           132           138
           138           132           131
           129           123           128
           129           134           135
           128           134           129
           156           150           149
           162           157           156
            97           102           103
           112           105           111
            93            87            92
            92            98            93
            98            99            93
           518           519           513
           513           512           518
           249           262           250
           250           237           249
           250           262           251
           214           202           201
           203           202           214
           392           393           381
           392           404           393
           392           381           380
           345           356           357
           363           362           374
           374           375           363
           387           400           388
           388           375           387
           388           400           389
           389           377           388
           355           366           367
           366           378           367
           391           402           403
           333           332           344
           333           321           332
           344           345           333
           345           346           333
           334           321           333
           333           346           334
           299           298           310
           298           297           310
           310           297           309
           309           322           310
           323           322           334
           208           196           195
           194           207           195
           207           208           195
           168           174           169
           167           174           168
           168           161           167
           162           161           168
           192           186           185
           187           186           192
           187           192             7
             7           192           193
           205           216           217
           217           218           205
           279           267           278
           290           291           279
           279           278           290
           279           291           292
           255           267           268
           268           256           255
           269           257           268
           257           256           268
           458           459           453
           464           459           458
           458           457           464
           451           457           458
           453           447           452
           447           446           452
           452           458           453
           451           458           452
           450           451           445
           451           452           445
           445           452           446
           439           440           433
           439           446           440
           439           445           446
           433           438           439
           487           493           494
           493           500           494
           488           487           494
           494           500           495
           494           489           488
           495           489           494
           470           465           464
           470           471           465
           246           247           235
           235           234           246
           246           233           245
           246           234           233
           210           211           199
             6           198           199
           198           210           199
           222           234           223
           223           211           222
           221           234           222
           222           211           210
           222           209           221
           222           210           209
           342           341           354
           354           343           342
           343           331           342
           342           331           330
           316           315           328
           316           303           315
           328           317           316
           317           305           316
           183           190           184
           184           190           185
           179           186           180
           180           173           179
           185           186           179
           179           173           178
           179           184           185
           178           184           179
           177           171           176
           176           182           177
           177           182           183
           183           184           177
           178           171           177
           177           184           178
           155           154           160
           160           161           155
           149           154           155
           155           156           149
           155           161           162
           162           156           155
           163           157           162
           163           168           169
           162           168           163
           145           150           151
           150           156           151
           151           156           157
            27            34            28
            22            21            28
            21            27            28
            24            25            19
            24            30            25
            19            13            24
            13            18            24
            24            18            17
            35            36            29
            36            30            29
            29            34            35
            29            28            34
            82            75            81
            81            75            80
            80            86            81
            86            87            81
            35            34            40
            53            54            47
            47            52            53
            46            52            47
           137           138           131
            84            83            90
            90            91            85
            85            84            90
            84            78            77
            77            83            84
            78            71            77
            82            83            77
           113           114           107
           107           112           113
           108           102           101
           101           107           108
           108           107           114
           108           103           102
           109           103           108
           108           114           109
           120           114           113
           106            99           105
           105           112           106
           106           107           101
           112           107           106
           123           124           117
           117           111           116
           117           116           122
           122           123           117
           113           112           118
           118           112           111
           111           117           118
           118           117           124
           123           129           130
           130           124           123
           501           506           507
           506           512           507
           512           513           507
           239           250           251
           239           252           240
           251           252           239
           240           229           228
           228           229           217
           217           216           228
           215           216           203
           203           214           215
           215           228           216
           236           237           225
           345           357           358
           359           347           358
           358           346           345
           358           347           346
           368           357           356
           380           369           368
           369           357           368
           370           371           359
           359           358           370
           370           358           357
           370           357           369
           382           371           370
           370           369           382
           339           350           351
           351           352           339
           350           362           351
           362           363           351
           376           388           377
           376           363           375
           375           388           376
           402           391           390
           390           378           377
           390           377           389
           389           402           390
           379           367           378
           378           390           379
           379           390           391
           360           359           372
           360           347           359
           372           361           360
           361           349           360
           299           310           311
           311           310           322
           322           323           311
           311           323           324
           311           312           299
           311           324           312
           346           347           335
           334           346           335
           335           323           334
           193           192           204
           203           216           204
           216           205           204
           204           205           193
           206           205           218
           206           218           207
           206             7           193
           193           205           206
           206           207           194
           194             7           206
           280           268           267
           280           279           292
           267           279           280
           269           268           280
           292           281           280
           280           281           269
           450           445           444
           444           443           450
           444           439           438
           445           439           444
           444           437           443
           444           438           437
           477           471           476
           471           470           476
           476           482           477
           470           469           476
           481           482           475
           475           469           474
           482           476           475
           475           476           469
           480           481           475
           475           474           480
           463           469           470
           464           457           463
           463           470           464
           247           246           258
           258           270           259
           259           247           258
           258           257           270
           245           257           258
           258           246           245
           341           342           329
           329           317           328
           330           317           329
           329           342           330
           328           340           329
           340           341           329
           304           305           293
           304           316           305
           304           293           292
           292           291           304
           291           303           304
           303           316           304
            28            29            23
            23            17            22
            22            28            23
            23            24            17
            30            24            23
            23            29            30
            69            70            63
            69            63            68
            68            74            69
            74            75            69
            53            52            58
            51            57            58
            58            52            51
            64            57            63
            63            70            64
            64            58            57
            48            47            54
            43            42            48
            48            49            43
            48            54            49
            41            40            46
            46            47            41
            35            40            41
            41            42            35
            41            48            42
            47            48            41
            51            52            45
            45            52            46
            50            56            51
            51            45            50
            50            45            44
           138           137           144
           144           150           145
           145           139           144
           139           138           144
           135           141           142
           141           148           142
           101           102            95
            76            71            70
            70            69            76
            82            77            76
            76            77            71
            76            75            82
            76            69            75
            72            71            78
            73            67            72
            72            78            73
           109           114           115
           114           120           115
           131           132           125
           125           130           131
           124           130           125
           236           225           224
           201           212           213
           213           214           201
           212           224           213
           213           224           225
           227           239           240
           240           228           227
           228           215           227
           237           250           238
           238           225           237
           250           239           238
           239           227           238
           365           376           377
           377           378           365
           365           366           353
           365           378           366
           364           351           363
           363           376           364
           352           351           364
           376           365           364
           353           352           364
           364           365           353
           337           325           336
           325           324           336
           324           323           336
           323           335           336
           347           360           348
           348           335           347
           348           336           335
           348           360           349
           349           337           348
           337           336           348
           191           192           185
           191           204           192
           185           190           191
           191           190           202
           191           202           203
           203           204           191
           474           469           468
           469           463           468
           461           467           468
           467           474           468
            44            45            39
            46            40            39
            39            45            46
           143           144           137
           137           142           143
           149           150           143
           150           144           143
           143           148           149
           143           142           148
           136           130           129
           136           129           135
           135           142           136
           136           142           137
           136           137           131
           131           130           136
            96            95           102
            91            90            96
            97            91            96
            96           102            97
            89            90            83
            89            96            90
            95            96            89
            71            72            65
            70            71            65
            65            64            70
           121           115           120
           126           125           132
           126           132           127
           127           121           126
           126           121           120
           119           118           124
           124           125           119
           113           118           119
           125           126           119
           119           120           113
           119           126           120
           226           213           225
           225           238           226
           214           213           226
           226           215           214
           226           227           215
           226           238           227
           462           468           463
           462           457           456
           462           463           457
           462           456           455
           455           461           462
           461           468           462
            44            39            38
            33            27            32
            32            38            33
            33            38            39
            33            34            27
            33            40            34
            33            39            40
            88            83            82
            88            89            83
            82            81            88
            88            81            87
            64            65            59
            53            58            59
            58            64            59
            95            89            94
            89            88            94
            87            93            94
            94            88            87
            60            54            53
            53            59            60
            60            61            55
            55            54            60
            95            94           100
           100           106           101
           101            95           100
           100            94            93
           100            93            99
            99           106           100
            66            59            65
            66            60            59
            66            65            72
            61            60            66
            66            67            61
            66            72            67
