       -8.0000000000000000       -1.0000000000000000
        2.0000000000000000       -1.0000000000000000
        2.0000000000000000        0.0000000000000000
        8.0000000000000000        0.0000000000000000
        8.0000000000000000        1.0000000000000000
       -2.0000000000000000        1.0000000000000000
       -2.0000000000000000        0.0000000000000000
       -8.0000000000000000        0.0000000000000000
       -7.9999999991767066       -0.8065704356409569
       -7.9999999958656627       -0.6115853174277940
       -7.9999999990406199       -0.4170504012103730
       -7.9999999961695885       -0.2063088711218345
       -7.8278020068662606       -0.0523937805011489
       -7.8183640589311443       -0.9999999998475516
       -7.7628260894386125       -0.8072709902061449
       -7.8329269518159981       -0.6170323249614387
       -7.7505695408319424       -0.4316320028474281
       -7.8227695109490876       -0.2668503857937478
       -7.6711531121608063        0.0000000000032507
       -7.6222252942275128       -0.9999999998493778
       -7.5383294666035132       -0.8050266786207173
       -7.6279499533497237       -0.6149644095648454
       -7.5372750670294026       -0.4056154109672870
       -7.6308331850481501       -0.2079030867769462
       -7.4908568467889989       -0.0000000000004536
       -7.4190177960284860       -0.9999999998449690
       -7.3260176783632476       -0.8002542036496553
       -7.4251228621931888       -0.6024663800893281
       -7.3251166164900612       -0.4021761449445185
       -7.4222231265025247       -0.2042689409493853
       -7.2990328528981259        0.0000000000021089
       -7.2156974954611188       -0.9999999998486195
       -7.1179761968902984       -0.8002690449810645
       -7.2192232180004368       -0.6009520710121534
       -7.1168071469663925       -0.4014734998638825
       -7.2151035444226492       -0.2023148414021862
       -7.1017231181219307        0.0000000000022649
       -7.0119461814628190       -0.9999999998451858
       -6.9122045327981452       -0.8003340750180233
       -7.0138609572412856       -0.6009147858590765
       -6.9111189023831185       -0.4012790830968711
       -7.0100203864155848       -0.2015503707888477
       -6.9021826770226813        0.0000000000023470
       -6.8085245060585793       -0.9999999998428166
       -6.7080370313275877       -0.8003291352004650
       -6.8094829714635416       -0.6008270176191924
       -6.7071771777322606       -0.4010149203289904
       -6.8065291099334546       -0.2011038981487046
       -6.7018343996835643        0.0000000000023998
       -6.6057513303830468       -0.9999999998412349
       -6.5051014706069488       -0.8002867411077162
       -6.6061892645818787       -0.6006743498458664
       -6.5044791860112445       -0.4007654122519284
       -6.6041311713591986       -0.2007707648661024
       -6.5012889386488757        0.0000000000024371
       -6.4036835424436838       -0.9999999998401524
       -6.3031074270035932       -0.8002415687069288
       -6.4038574117249594       -0.6005305170274018
       -6.3026843343136649       -0.4005733734017050
       -6.4025126915574759       -0.2005395848425676
       -6.3008009361894013        0.0000000000024630
       -6.2022424449331117       -0.9999999998393982
       -6.1018100540222555       -0.8002042308543297
       -6.2022932339975485       -0.6004192437358701
       -6.1015371594653258       -0.4004370686880488
       -6.2014586499584743       -0.2003843122067301
       -6.1004467364109534        0.0000000000024807
       -6.0012977073096279       -0.9999999998388847
       -5.9010056119254930       -0.8001767115782066
       -6.0012983021205297       -0.6003400490310292
       -5.9008377625029151       -0.4003459073934292
       -6.0008034184974237       -0.2002827682019840
       -5.9002225732232860        0.0000000000024922
       -5.8007136947055411       -0.9999999998385496
       -5.7005319908477254       -0.8001581464058704
       -5.8006988070630365       -0.6002874349360107
       -5.7004333854536817       -0.4002882863331962
       -5.8004177173230849       -0.2002186381282999
       -5.7000970326598299        0.0000000000024994
       -5.6003731752943491       -0.9999999998383418
       -5.5002683942776782       -0.8001465122944487
       -5.6003575153816172       -0.6002545887025958
       -5.5002133368614885       -0.4002538259696066
       -5.6002046710171651       -0.2001797764427418
       -5.5000364148845904        0.0000000000025036
       -5.4001865427624454       -0.9999999998382189
       -5.3001312644084022       -0.8001397935196486
       -5.4001752504506868       -0.6002353243998650
       -5.3001028176368923       -0.4002345052031835
       -5.4000963656921837       -0.2001573549618777
       -5.3000150616973611        0.0000000000025060
       -5.2000919404170318       -0.9999999998381476
       -5.1000675014051300       -0.8001364563292599
       -5.2000863260041745       -0.6002249601438960
       -5.1000556294124042       -0.4002248036514776
       -5.2000493059163677       -0.2001453147761150
       -5.1000180343194277        0.0000000000025074
       -5.0000509485061269       -0.9999999998381024
       -4.9000471536855743       -0.8001355764902697
       -5.0000515681066178       -0.6002204236003515
       -4.9000471199277476       -0.4002213900032831
       -5.0000393374010841       -0.2001398172135916
       -4.9000406818723397        0.0000000000025081
       -4.8000432216772433       -0.9999999998380635
       -4.7000573591633863       -0.8001368319413418
       -4.8000515968029713       -0.6002200775384186
       -4.7000686966926075       -0.4002226802206911
       -4.8000572272390940       -0.2001387346076801
       -4.7000877379192696        0.0000000000025087
       -4.6000621597350131       -0.9999999998380138
       -4.5000985897280055       -0.8001404406097088
       -4.6000819834515703       -0.6002234569461498
       -4.5001246831655779       -0.4002283519948241
       -4.6001058080358836       -0.2001411834174056
       -4.5001731843875419        0.0000000000025093
       -4.4001126506842416       -0.9999999998379352
       -4.3001836499926949       -0.8001470511384206
       -4.4001510489430471       -0.6002309507881408
       -4.3002317669081540       -0.4002387440657178
       -4.4001990322247124       -0.2001470432774123
       -4.3003211448493213        0.0000000000025101
       -4.2002112444209292       -0.9999999998378052
       -4.1003395701703305       -0.8001575472830799
       -4.2002805734071407       -0.6002433371079924
       -4.1004209801253078       -0.4002539474320880
       -4.2003627859165453       -0.2001563346390157
       -4.1005674395166523        0.0000000000025116
       -4.0003887192533254       -0.9999999998375944
       -3.9006124305479943       -0.8001726653138136
       -4.0005095170907543       -0.6002610048435151
       -3.9007420249360276       -0.4002722536742850
       -4.0006369607629830       -0.2001682755006950
       -3.9009611156658215        0.0000000000025141
       -3.8006946861099378       -0.9999999998372657
       -3.7010752111322351       -0.8001918959711511
       -3.8009008389788681       -0.6002823384935987
       -3.7012695536331854       -0.4002872118230841
       -3.8010780294640720       -0.2001797160737594
       -3.7015652726304280        0.0000000000025184
       -3.6012035359629597       -0.9999999998367729
       -3.5018386558062660       -0.8002134008053460
       -3.6015513623813407       -0.6003007315738044
       -3.5021105654746636       -0.4002845474467788
       -3.6017610268754536       -0.2001827553128119
       -3.5024571694855302        0.0000000000025258
       -3.4020191645996243       -0.9999999998360540
       -3.3030611568349593       -0.8002376377251764
       -3.4026041811832952       -0.6003071359111977
       -3.3034129832811270       -0.4002524258477231
       -3.4027805119828560       -0.2001649419478508
       -3.3037312469802425        0.0000000000025372
       -3.2032728791017977       -0.9999999998350477
       -3.1049528252590375       -0.8002596402883932
       -3.2042567404217359       -0.6002955812882198
       -3.1053675808332053       -0.4001673509517175
       -3.2042567147399086       -0.2001247940078630
       -3.1055190736014473        0.0000000000025570
       -3.0051141149426206       -0.9999999998338830
       -2.9078022129809167       -0.8001832242593898
       -3.0067649593339341       -0.6001956962928051
       -2.9082209971613118       -0.3997084439239204
       -3.0063368354856079       -0.1999633249445227
       -2.9079864755879941        0.0000000000025930
       -2.8077227530251037       -0.9999999998343024
       -2.7122008692944455       -0.7992365233780823
       -2.8105220841135647       -0.5994112666361876
       -2.7120505655414644       -0.3986784936016934
       -2.8090620663044854       -0.1995203205432063
       -2.7114153282409506        0.0000000000026382
       -2.6115432720599578       -0.9999999998275679
       -2.5185963269309410       -0.8018083451980018
       -2.6156573686420246       -0.5983431370811303
       -2.5169324204387649       -0.3988196660290345
       -2.6123892267404560       -0.1991344049679198
       -2.5166834977318162        0.0000000000026285
       -2.4148372000669180       -0.9999999998114314
       -2.3230299972404098       -0.8071949274263743
       -2.4235918174124493       -0.6066813110933357
       -2.3270588224570163       -0.4153921661066166
       -2.4169922273588633       -0.2006977635776481
       -2.3264118024842433        0.0000000000024689
       -2.2161448869162022       -0.9999999997911275
       -2.1238471293541052       -0.8130136604674133
       -2.2280726782462277       -0.6187042947337444
       -2.1323716493303286       -0.4326337080771283
       -2.2317619444193877       -0.2255876634112436
       -2.1559782107498453       -0.0282181155179856
       -2.0152437738607074       -0.9999999997745626
       -1.9215288764941445       -0.8169253500997025
       -2.0288558915059802       -0.6298231083838096
       -1.9358134630026096       -0.4479574573813653
       -2.0411933276469281       -0.2442870371209273
       -1.8923163777957221       -0.1329092560350320
       -2.0000000005548815        0.1700479539214642
       -2.0000000006223977        0.3273659364466942
       -2.0000000007428027        0.5054392539428477
       -2.0000000003777663        0.6645316783242317
       -2.0000000008193699        0.8313270552799756
       -1.8255609349409010        0.9999999997948208
       -1.8131317138957945       -0.9999999997630418
       -1.7182604065567133       -0.8191440565928020
       -1.8263507658251990       -0.6361912210944746
       -1.7180323254231804       -0.4715086672296727
       -1.8168196469150313       -0.3004188223279566
       -1.7025945986453834       -0.1085102125654786
       -1.8105136133333484        0.0708392976717155
       -1.7742396386317143        0.2563722783033001
       -1.8231402588288743        0.4420834214961742
       -1.7704125927558079        0.6250560504419576
       -1.8086509468316370        0.8084416919685617
       -1.6530696051035856        0.9999999998240623
       -1.6107564865636588       -0.9999999997548022
       -1.5118211604053504       -0.8232200921420216
       -1.6154827095516948       -0.6465721392903720
       -1.5126278330386442       -0.4670726764529580
       -1.6125628050876810       -0.2888458214471707
       -1.5084179160720779       -0.1012773921717840
       -1.6191057161332669        0.0852325326318747
       -1.5479929294061112        0.2630839737534031
       -1.6345684779930678        0.4407415184144104
       -1.5449182803757124        0.6222836352170086
       -1.6142443894818443        0.8047981833154056
       -1.4734968969934936        0.9999999998221526
       -1.4071441844520096       -0.9999999997446223
       -1.3078817013957902       -0.8222435813410173
       -1.4107104062970885       -0.6449624487886603
       -1.3096228892571842       -0.4656100385959490
       -1.4107689617396089       -0.2850433040739924
       -1.3091729926719138       -0.1028535371632697
       -1.4180961978948019        0.0827141753144012
       -1.3305678629508861        0.2609383849364220
       -1.4279796544833623        0.4416992112218588
       -1.3280058003586688        0.6233437638856796
       -1.4129779720695752        0.8069266284328669
       -1.2857708549566897        0.9999999998109030
       -1.2049158529540094       -0.9999999997438231
       -1.1054626873627320       -0.8223803986240730
       -1.2075414857930673       -0.6443575322049072
       -1.1069169583091787       -0.4662373552064264
       -1.2085446583898782       -0.2859392627224118
       -1.1078075563792105       -0.1053212355914189
       -1.2142225254008423        0.0786010786831939
       -1.1192815837228216        0.2582631080909467
       -1.2198794525526686        0.4407133179673138
       -1.1174016368726152        0.6238980642175445
       -1.2095942846539012        0.8089359838028962
       -1.0925131007226674        0.9999999998013980
       -1.0033376424340597       -0.9999999997417865
       -0.9036472161515594       -0.8227474947430701
       -1.0051715644423507       -0.6449879631712877
       -0.9047442107870635       -0.4671213407685337
       -1.0062882426641580       -0.2872605730772183
       -0.9057669173701469       -0.1071602511405457
       -1.0100564151483236        0.0756019243737046
       -0.9119479519420958        0.2566923255580157
       -1.0133037813531460        0.4399708184087604
       -0.9107009768327281        0.6243807574052752
       -1.0065161450589526        0.8102215526990139
       -0.8960944987079354        0.9999999997948512
       -0.8021300752097137       -0.9999999997398212
       -0.7022566303420120       -0.8230000477840878
       -0.8033646191190239       -0.6455343398891823
       -0.7030163122323738       -0.4677667318604259
       -0.8042974403494815       -0.2883290288551396
       -0.7038492098832455       -0.1083012952769596
       -0.8065997605860744        0.0739014626559719
       -0.7071754508398691        0.2559319198030465
       -0.8084816427704516        0.4397201736790284
       -0.7064176022806548        0.6248546319886976
       -0.8041944317124152        0.8111125957569901
       -0.6979318674273833        0.9999999997903525
       -0.6011974069822827       -0.9999999997384620
       -0.5011626515379167       -0.8231777305490188
       -0.6019758974405344       -0.6459118578360963
       -0.5016598516686271       -0.4681876812992610
       -0.6026670639720528       -0.2890097080626726
       -0.5022703869864396       -0.1089628557518151
       -0.6040299882890779        0.0729827534997728
       -0.5040824997021529        0.2555621451043917
       -0.6051213857373156        0.4397173822294554
       -0.5036661579247200        0.6252269922043526
       -0.6025378170637323        0.8117212357397071
       -0.4988329977585833        0.9999999997873470
       -0.4004186472909985       -0.9999999997376297
       -0.3002126304204638       -0.8232945847891580
       -0.4008713841441845       -0.6461649678408350
       -0.3005373838736742       -0.4684657188037775
       -0.4013602962100595       -0.2894332451145381
       -0.3009903980982278       -0.1093644603149999
       -0.4021854462675011        0.0724766225883736
       -0.3020513057113691        0.2553527900626011
       -0.4028476607238326        0.4397623123198082
       -0.3018883239900784        0.6254662785212036
       -0.4013829748421094        0.8121117512689011
       -0.2992388343272951        0.9999999997854681
       -0.1996577333256773       -0.9999999997372970
       -0.0992246676236699       -0.8233714469746057
       -0.1998764233781679       -0.6463353514961021
       -0.0994541542084238       -0.4686685848477927
       -0.2002403917324453       -0.2897181711132472
       -0.0998442485162394       -0.1096548079172965
       -0.2008149930695280        0.0721547599276047
       -0.1006300826542564        0.2551772764756873
       -0.2012999934752278        0.4397739760561424
       -0.1006927326693374        0.6255786516277916
       -0.2005685998387806        0.8123392057056235
       -0.0993692571862048        0.9999999997844553
        0.0012435809656155       -0.9999999997374425
        0.1020194888913510       -0.8234258478733147
        0.0012157890262037       -0.6464646072818178
        0.1018289693939364       -0.4688563556230840
        0.0008920330626068       -0.2899556358485847
        0.1013986337749393       -0.1099444006997582
        0.0003500517144575        0.0718753202559735
        0.1005316791875107        0.2549469546406022
       -0.0001636775020370        0.4397083885210812
        0.1002125543613110        0.6255664409118631
        0.0000568598266877        0.8124432862431454
        0.1006832090773899        0.9999999997841412
        0.2024633971297630       -0.9999999997380697
        0.3037778435298120       -0.8234704692017746
        0.2026436474755986       -0.6465879715352033
        0.3035973621122155       -0.4690843858390291
        0.2022774120374444       -0.2902254237460370
        0.3030182228692108       -0.1103364236071004
        0.2015773426506456        0.0715237250949247
        0.3017167236811443        0.2545709560436866
        0.2008264772307261        0.4395218415964029
        0.3010506179732040        0.6254151244650262
        0.2006290514410902        0.8124436359872756
        0.3008927679726104        0.9999999997844409
        0.4041871452063290       -0.9999999997392103
        0.5063509391837271       -0.8235134056900949
        0.4046733792176953       -0.6467364497721232
        0.5061916018511934       -0.4694132919870424
        0.4041883761097948       -0.2906100572658105
        0.5053500969746835       -0.1109531303833510
        0.4031322359839030        0.0709756511616943
        0.5031538937045767        0.2539295825311609
        0.4018849900511691        0.4391506429197574
        0.5019856172953802        0.6250867200506578
        0.4012614266540910        0.8123419429613666
        0.5012617635524907        0.9999999997853382
        0.6065780020672373       -0.9999999997409184
        0.7100884165121834       -0.8235635203605997
        0.6075864848512442       -0.6469436110602065
        0.7100262841433752       -0.4699286358929026
        0.6069187788453448       -0.2912177910697970
        0.7088055684627815       -0.1119726926054354
        0.6052750509029117        0.0700610980870564
        0.7050088055895812        0.2528474720730160
        0.6031681523706725        0.4384965390671940
        0.7031177033848166        0.6245120928996789
        0.6020357782814791        0.8121222408647085
        0.7017933505568273        0.9999999997868693
        0.8097231651987347       -0.9999999997433023
        0.9154157943944909       -0.8236270483779554
        0.8116491760832644       -0.6472587389340301
        0.9156263316433706       -0.4707411804738337
        0.8107565880244405       -0.2922062961370086
        0.9139156078262027       -0.1136436359555647
        0.8082381647727885        0.0685219075426534
        0.9073438677563569        0.2510685195390590
        0.8047522170556782        0.4374105577970117
        0.9044611005910748        0.6235985078115347
        0.8029854707961583        0.8117526734129636
        0.9024703821251610        0.9999999997890775
        1.0135363355702094       -0.9999999997466661
        1.1228789202893528       -0.8236640461683137
        1.0170368478935214       -0.6476989157460477
        1.1237149692004609       -0.4718755839244331
        1.0159129998832006       -0.2937476878115892
        1.1214375642404695       -0.1162294060056774
        1.0121741579555847        0.0660115896941940
        1.1100447938088505        0.2483948526223017
        1.0065875870535668        0.4357207458730781
        1.1059225170482991        0.6222798609575756
        1.0040777902079461        0.8112034970375274
        1.1032481532049800        0.9999999997919755
        1.2175618269770521       -0.9999999997514935
        1.3332287870953854       -0.8237099543563847
        1.2236164924077733       -0.6481527436676149
        1.3353916914024078       -0.4732260575323415
        1.2223677069458161       -0.2958850146707322
        1.3325467530137050       -0.1195889191887698
        1.2169884952999497        0.0622950528555990
        1.3127199101388261        0.2450338217824483
        1.2084991944984955        0.4334852964180891
        1.3074050288444252        0.6208646058286350
        1.2052213597282340        0.8104677952919738
        1.3040646408618386        0.9999999997944160
        1.4206974457406538       -0.9999999997575824
        1.5478695489160150       -0.8246034281731197
        1.4303484141921525       -0.6488056919436463
        1.5520463957120731       -0.4750276941472925
        1.4291967419204732       -0.2981669904043593
        1.5491402519399218       -0.1224312237825369
        1.4220355111914411        0.0577755246890476
        1.5147353182547043        0.2423568497615449
        1.4102218103511075        0.4313627981748707
        1.5088255321871378        0.6204048126869151
        1.4064528673048005        0.8101619161562033
        1.5051536631355851        0.9999999997987283
        1.6209636487214807       -0.9999999997594458
        1.7694384741964335       -0.8309733522504829
        1.6336621429179432       -0.6510818330562609
        1.7745502097270922       -0.4804181708830056
        1.6322595898184440       -0.3001418907926240
        1.7729697866729019       -0.1194707070942220
        1.6253650426143571        0.0547296439276649
        1.7155657850546768        0.2442380247991216
        1.6116495246307412        0.4313724937027547
        1.7117378852734433        0.6171025901535054
        1.6083485372864188        0.8089511815389686
        1.7060797305048117        0.9999999998053153
        1.8158799512725188       -0.9999999997482832
        2.0000000003984781       -0.8457499135071999
        1.8230552664997699       -0.6640403544948711
        2.0000000006128529       -0.5428656849013970
        1.8167026326870264       -0.2980999125116513
        2.0000000007632894       -0.2581827075562074
        1.8226804694318737        0.0591698721367257
        1.9219954337131755        0.2269667886019650
        1.8163824990686248        0.4240766048144549
        1.9132702241671324        0.6114343826866190
        1.8097405136176998        0.8068590913451870
        1.9064009038609064        0.9999999998143655
        2.0000000008603078       -0.6998531056015589
        2.0000000006101848       -0.4064635321880335
        2.0000000003175789       -0.1283419812768194
        2.1093757706560745        0.1979815598247782
        2.0165671427179093        0.4114806446829685
        2.1115789353937067        0.6041830839643683
        2.0096776003403489        0.8039676996135873
        2.1057775968246975        0.9999999998246065
        2.2021294096680122       -0.0000000000026796
        2.3068755742898341        0.1989243486354447
        2.2093010780260887        0.3983704319729450
        2.3070043822868493        0.5990756114664569
        2.2076534551363372        0.8011085063237663
        2.3043168853629750        0.9999999998329898
        2.4028873856332225       -0.0000000000026120
        2.5050332598324654        0.1995265578761343
        2.4063907558998090        0.3993260424438018
        2.5045562079589789        0.5998727377643734
        2.4046664316460875        0.7997033454227103
        2.5027282242796445        0.9999999998368020
        2.6028906811882462       -0.0000000000025704
        2.7036275776727017        0.1998410838826309
        2.6042806989969010        0.3998544084947233
        2.7028930417439421        0.6001285753098150
        2.6029003188963107        0.8001461155251558
        2.7017667540272026        0.9999999998367621
        2.8025371338121552       -0.0000000000025473
        2.9025760987812195        0.1999718597653764
        2.8028234891741732        0.4000410501733382
        2.9018402877989957        0.6001302839609092
        2.8018308822029176        0.8001264261347063
        2.9011322331223255        0.9999999998374179
        3.0020603683013038       -0.0000000000025353
        3.1018034132481529        0.2000191466282118
        3.0018546923860083        0.4000765856010277
        3.1011704913514495        0.6001029741550262
        3.0011582598693511        0.8000921440790278
        3.1007226145577405        0.9999999998379092
        3.2015791721376119       -0.0000000000025291
        3.3012370273382343        0.2000312392697635
        3.2012113609488542        0.4000735110050023
        3.3007467360934890        0.6000671348874003
        3.2007368369980234        0.8000594222183112
        3.3004617431054872        0.9999999998382596
        3.4011500662596825       -0.0000000000025258
        3.5008272454620419        0.2000230765807538
        3.4007852797544453        0.4000499948015637
        3.5004772552168957        0.6000299225545972
        3.4004720263843047        0.8000307586237747
        3.5002956176366342        0.9999999998385078
        3.6007984970007159       -0.0000000000025243
        3.7005372378068015        0.2000072280047686
        3.6005032234625785        0.4000189567300603
        3.7003037103378462        0.5999970332594751
        3.6003031052922498        0.8000068485730244
        3.7001885710940736        0.9999999998386829
        3.8005291896829192       -0.0000000000025236
        3.9003375094875343        0.1999910570150187
        3.8003169890407880        0.3999897894058153
        3.9001906254827583        0.5999714685117196
        3.8001932089111414        0.7999884452427333
        3.9001185721440281        0.9999999998388042
        4.0003345598594002       -0.0000000000025233
        4.1002040818114214        0.1999778086342038
        4.0001948396101801        0.3999666267799122
        4.1001165621776670        0.5999533248967878
        4.0001206968158201        0.7999753047739169
        4.1000722379850210        0.9999999998388861
        4.2002010055863988       -0.0000000000025232
        4.3001176822349692        0.1999682930625870
        4.2001156642110056        0.3999501333363386
        4.3000681776142438        0.5999413142833879
        4.2000725641738148        0.7999664461338112
        4.3000410496182742        0.9999999998389401
        4.4001132550281135       -0.0000000000025231
        4.5000632688286801        0.1999621488536573
        4.4000651276378013        0.3999393440343157
        4.5000367738181515        0.5999337376023519
        4.4000404524072438        0.7999606960405916
        4.5000189996524051        0.9999999998389746
        4.6000571442773355       -0.0000000000025230
        4.7000298591801650        0.1999586242495332
        4.6000334995338124        0.3999327599620406
        4.7000167413744114        0.5999289077560882
        4.6000185859113865        0.7999568938666559
        4.7000012824464816        0.9999999998389973
        4.8000213317408438       -0.0000000000025229
        4.9000108523785944        0.1999569977411902
        4.8000148918978613        0.3999288993229183
        4.9000054926910579        0.5999252123109108
        4.8000030374207467        0.7999538881598769
        4.8999836886433918        0.9999999998390167
        4.9999986622199479       -0.0000000000025227
        5.1000053134240915        0.1999567210113752
        5.0000078613115058        0.3999264446872513
        5.1000048477598137        0.5999208673523873
        4.9999920448967625        0.7999503509887312
        5.0999625145131180        0.9999999998390440
        5.1999881170386777       -0.0000000000025223
        5.3000209378908680        0.1999573443610409
        5.2000176708030308        0.3999240677969779
        5.3000242000202356        0.5999133626420181
        5.1999874078707435        0.7999443836215101
        5.2999349021804063        0.9999999998390986
        5.3999983855375557       -0.0000000000025214
        5.5000795056452034        0.1999582338306901
        5.4000607557451605        0.3999199529541521
        5.5000859732762990        0.5998985318802087
        5.3999971804813907        0.7999328532881445
        5.4998994296664518        0.9999999998392134
        5.6000539280206363       -0.0000000000025196
        5.7002254342051533        0.1999580405267830
        5.6001719073524407        0.3999109569489072
        5.7002337236973428        0.5998691266341216
        5.6000397924525416        0.7999103601408855
        5.6998562919498150        0.9999999998394423
        5.8002037740856878       -0.0000000000025163
        5.9005374449377088        0.1999538803435429
        5.8004141987646900        0.3998912966619305
        5.9005426900768514        0.5998127612278237
        5.8001492448904077        0.7998677001601434
        5.8998054039958605        0.9999999998398699
        6.0005320018588568       -0.0000000000025109
        6.1011424237768077        0.1999402361498413
        6.0008906427478204        0.3998506698530418
        6.1011318431138495        0.5997090957815417
        6.0003801329634925        0.7997896419745872
        6.0997391260446809        0.9999999998406207
        6.2011667774887602       -0.0000000000025023
        6.3022297413293993        0.1999078351753462
        6.2017550850196406        0.3997718190531338
        6.3021761694589067        0.5995263410532986
        6.2008101045257211        0.7996517394395026
        6.2996240851291239        0.9999999998418706
        6.4022820522902855       -0.0000000000024898
        6.5040644332485815        0.1998433295525358
        6.4032181032125379        0.3996282445619926
        6.5039194111695036        0.5992180321353937
        6.4015364318948054        0.7994160093842292
        6.4993640216029434        0.9999999998438613
        6.6040825603872948       -0.0000000000024725
        6.7070008508739702        0.1997295015142719
        6.6055414455848176        0.3993832669301322
        6.7066927663028020        0.5987197580614608
        6.6026632290993241        0.7990250511408726
        6.6987327093469435        0.9999999998469283
        6.8067590642964699       -0.0000000000024489
        6.9115105936168755        0.1995425386770150
        6.8090102259637888        0.3989878661634675
        6.9109557445433829        0.5979452984571819
        6.8042743050398791        0.7983926380619539
        6.8972620137618614        0.9999999998515459
        7.0103948672361307       -0.0000000000024159
        7.1182616521783606        0.1992642747863658
        7.0138574037252850        0.3983834779905044
        7.1174008014252044        0.5968062927300072
        7.0063779274191038        0.7973928841132174
        7.0940689926494001        0.9999999998583154
        7.2147738611343373       -0.0000000000023652
        7.3283154602419280        0.1988374663459900
        7.2200674475377991        0.3975604383833591
        7.3272232467497611        0.5954116374351819
        7.2087878320961645        0.7958837029504733
        7.2876300540188952        0.9999999998674765
        7.4190043426924692       -0.0000000000022602
        7.5436086135397806        0.1986138223027002
        7.4267320058474731        0.3966510115725204
        7.5426550905937360        0.5942710036292461
        7.4108700385645445        0.7939468983764232
        7.4756417896786793        0.9999999998805309
        7.6204035394087724       -0.0000000000020421
        7.7671987530653341        0.1983420174545334
        7.6303957402076197        0.3973860167922556
        7.7688757350164934        0.5968289537104082
        7.6106654676068288        0.7907249443251835
        7.6546338370180740        0.9999999998782935
        7.8124353488956420       -0.0000000000025302
        7.9999999976158982        0.3169810726854609
        7.8177677875276084        0.3969951550251157
        7.9999999987793284        0.6616172032821912
        7.8032153794698251        0.7969141058477422
        7.8262270700321119        0.9999999998302103
        7.9999999988836370        0.1590591281757535
        7.9999999980016954        0.4987569510346301
        7.9999999970652471        0.8309659634990663
