       -0.0033693640352613       -1.0000000003623257
       -0.0000000000009083       -0.9544859981853777
       -0.0000000000010089       -0.9085001425101816
       -0.0000000000011791       -0.8594516244539061
       -0.0000000000010839       -0.8049127710103712
        0.0428434377149438       -0.7771890404521279
       -0.0000000000011983       -0.7501213285435260
       -0.0000000000011837       -0.6984460169982663
       -0.0000000000011298       -0.6433649898170954
       -0.0000000000011188       -0.5943959800237399
       -0.0000000000010282       -0.5405966492869313
       -0.0000000000010867       -0.4952150056589899
       -0.0000000000011371       -0.4421503733844008
       -0.0000000000011114       -0.3962601200904263
       -0.0000000000012744       -0.3518287456070486
       -0.0000000000009942       -0.3068121467220675
       -0.0000000000010654       -0.2600436660661989
       -0.0000000000010814       -0.2157002034792083
       -0.0000000000008323       -0.1736644891893294
       -0.0000000000009434       -0.1328425279532394
       -0.0000000000011290       -0.0846995634042580
       -0.0000000000012068       -0.0362523049121578
       -0.0000000000012593        0.0090256497982279
       -0.0000000000011099        0.0562890396530664
       -0.0000000000011236        0.1113905890812108
       -0.0000000000009739        0.1640349730750979
       -0.0000000000007686        0.2086107694266322
       -0.0000000000011453        0.2552920895690230
       -0.0000000000010433        0.3031610323552756
       -0.0000000000012078        0.3547030474396765
       -0.0000000000010062        0.4117341891880613
        0.0347016594051823        0.4458167899662812
       -0.0000000000010634        0.4749212783201631
       -0.0000000000008015        0.5278253849151393
       -0.0000000000008062        0.5788926359948959
       -0.0000000000008822        0.6260810269625428
       -0.0000000000006865        0.6778359481674578
       -0.0000000000010172        0.7302324437525654
       -0.0000000000005441        0.7902631140660800
       -0.0000000000012155        0.8483799840338599
       -0.0000000000010720        0.8996586824561544
       -0.0029179444591870        1.0000000002637746
        0.0456112452876152       -1.0000000002482725
        0.0506916682745925       -0.9526530860486652
        0.0453887764988652       -0.9002213311649612
        0.0400382831344858       -0.8408701777109442
        0.0481350468177276       -0.7244500018394522
        0.0403537213183647       -0.6695042962195168
        0.0519546165319360       -0.6162571986306606
        0.0401304612350412       -0.5638686455091997
        0.0557842391560770       -0.5099433329109033
        0.0380788432774737       -0.4629536605593922
        0.0805003691999744       -0.4352951369064387
        0.0432564464733168       -0.3987158132444609
        0.0413195309397336       -0.3465719645525149
        0.0437859253212805       -0.2814711690501974
        0.0435898794428273       -0.2204186409605970
        0.0424754894597275       -0.1112697015506970
        0.0407486717750064       -0.0493092072640562
        0.0396020466654184        0.0116761383048458
        0.0365581004381018        0.0799423236867154
        0.0407748468251931        0.1457815517676018
        0.0424564410624715        0.2562197471610425
        0.0448466935065674        0.3161071635207053
        0.0398345064014618        0.3749144197236357
        0.0975049972862631        0.4680577691876940
        0.0499150900498020        0.5078512343346439
        0.0486406170495195        0.5673470411237079
        0.0538861905748959        0.6963543330156621
        0.0411921417172734        0.7527706366987453
        0.0752197581059327        0.8004208817980246
        0.0379907026241199        0.8371368703973936
        0.0465270190334350        0.8992013289917451
        0.0109425308369767        0.9510552992759171
        0.0500391809344233        1.0000000000808384
        0.0922310656480664       -1.0000000001996303
        0.1050051034730606       -0.9467003313527945
        0.0952526910759813       -0.8754561048931760
        0.0860150723951887       -0.8082535470569435
        0.1058985518082421       -0.7368666715997666
        0.0954291010674939       -0.6731675247775564
        0.1155720895317659       -0.6123243855311638
        0.0973318312483283       -0.5576149887092636
        0.1584178413821057       -0.5275789840428000
        0.1134520464592767       -0.4836151273293125
        0.1040830953206417       -0.3747755636923177
        0.0846339236526895       -0.3177352756497180
        0.0895472569369573       -0.2421652986557706
        0.1177591184862552       -0.1934053779325113
        0.0525062744074127       -0.1707114641508664
        0.0966316312973545       -0.1263994771362014
        0.0906959394123071       -0.0644585736141645
        0.0935475624696253       -0.0054864584659337
        0.0822902800400613        0.0513271782940614
        0.0865961200913329        0.1155320077967711
        0.1037600343948382        0.1762105088230798
        0.0540404145949109        0.2049443068433331
        0.0934267338378741        0.2716150180656987
        0.0997818203946153        0.3397583629473394
        0.0755028074918555        0.4086305305967969
        0.0956386818528619        0.6061467313398292
        0.0470430852529902        0.6368615540032782
        0.1159144561251386        0.6758161113909000
        0.1094398418147403        0.7481309329818552
        0.0975615563739078        0.8670135371474692
        0.0842253248161163        0.9453317886220088
        0.0989611109587247        1.0000000001703719
        0.1388416295447125       -1.0000000002684022
        0.1631807186820864       -0.9618673158668208
        0.1583801330582725       -0.9113724294122172
        0.1622078496996323       -0.8479475761022933
        0.1484865469797527       -0.7889049656961721
        0.1976214771232219       -0.7371415309737203
        0.1646754272709134       -0.6771936084428316
        0.1844299036398142       -0.5959707758377403
        0.1551641003525703       -0.4281625882845414
        0.1683236118007707       -0.3495505661318076
        0.1330889990709918       -0.2901134541184426
        0.1572366248906977        0.0013964694760874
        0.1434445537426288        0.0680778668290425
        0.1344812978621465        0.2314410157813055
        0.1384190164538455        0.3967807317804985
        0.1167524571003430        0.5367958801948850
        0.1649010010667278        0.6054772128982914
        0.2004544713163872        0.6772083756184011
        0.1826337986834696        0.7439709706216961
        0.1562403751266745        0.8233588783248017
        0.1609642761882979        0.9011901491999837
        0.1440162787524037        0.9558775908355368
        0.1480030214491053        1.0000000002759954
        0.1938487809222702       -1.0000000003505123
        0.2190144704187320       -0.9584797018997365
        0.2265806894564850       -0.8557227147710054
        0.2184435558810990       -0.4738709432882262
        0.2443175332152912       -0.3978769413418851
        0.1771035641569700       -0.2434731800511508
        0.2179390766360809       -0.1911077279258361
        0.1642179126800887       -0.1417118866126570
        0.1536329662197314       -0.0672807048264530
        0.1627760830848104        0.1347732739933066
        0.1975464573129946        0.1939508709998112
        0.1660511100482974        0.3093017591449324
        0.2104409654201053        0.3844959772448920
        0.1692245045333320        0.4712100198700978
        0.2076145248013569        0.9494572243848491
        0.1950181532015547        1.0000000001850071
        0.2469962660385807       -1.0000000003636889
        0.2744905323422627       -0.9635550205116955
        0.2208629277586822       -0.9134154149937577
        0.2568530388944567       -0.5433145818036541
        0.2334321473672573       -0.3033862879051347
        0.2754242956182746       -0.1386579480470138
        0.2287422720791259       -0.0783099590605887
        0.2391182233103388       -0.0015207908779753
        0.2278253878305823        0.0722791797298017
        0.2691255817300995        0.1441873017722053
        0.2309383894452716        0.2597993262220597
        0.2420632115329341        0.8068873003777165
        0.2342733560237542        0.8835589346441559
        0.2452464203386743        1.0000000001625611
        0.3035392355454990       -1.0000000002966276
        0.3310180145283164       -0.9496680746417249
        0.2845829689689767       -0.9114001285955929
        0.3105999415264412       -0.8563856267273237
        0.2536569028702128       -0.7960761970540434
        0.3044724554351009       -0.7176372861285254
        0.2527555635286254       -0.6486808516864835
        0.3407542221994068       -0.5818601445325383
        0.2966807244701953       -0.2470561402527380
        0.3289467338165325       -0.0163576500063893
        0.3177490026307873        0.2166186253159542
        0.2747815792602297        0.3321933987190264
        0.2611350164484760        0.4562596414033547
        0.2088981772014425        0.5434308995501809
        0.3180069553510300        0.9010704302491337
        0.2658914772259350        0.9454983865913683
        0.3229742668353024        0.9583013171331775
        0.2955568182062066        1.0000000002392515
        0.3529357296583746       -1.0000000002458529
        0.3843296560612260       -0.9516258926423929
        0.3637367800792005       -0.8929275978976163
        0.3494288592108403       -0.7908484639571883
        0.3297313418563831       -0.3544496704220635
        0.3850211206104937       -0.2193109964479935
        0.3535767935443525       -0.1192060764454292
        0.3423003783203632        0.0771191979226128
        0.4134602189052751        0.1619587614596966
        0.3119700541592625        0.5391018966746096
        0.2695070159622419        0.6291115275458776
        0.2991498753680948        0.7329133502411895
        0.3781017435118949        0.8158438448984330
        0.3109335854189332        0.8371093138539686
        0.3516380304801120        1.0000000002877134
        0.4027920743826899       -1.0000000003100689
        0.4380563037837545       -0.9627781041681096
        0.4338194877472783       -0.9070653562319093
        0.4056662544645652       -0.8365032558223925
        0.3890635754291240       -0.6742051408065517
        0.4531434763140556       -0.5350518884866444
        0.3370376262597869       -0.4621158785049050
        0.3846344430109392        0.2995155091198121
        0.3453436755623098        0.4081329117863442
        0.3863643201979221        0.6376662229060991
        0.3997334171291282        0.7408335691398562
        0.4846975107021931        0.7906774409541821
        0.3913240603511504        0.8928814561910697
        0.3776748166138957        0.9504511771584487
        0.4035057057132516        1.0000000001894729
        0.4577424255862675       -1.0000000003006446
        0.4887789149257287       -0.9434687057930148
        0.4726308276814606       -0.8477417857111247
        0.4341435751915177       -0.7493788636866301
        0.4904397178978197       -0.6317858645091964
        0.4698635067100485       -0.4304134782686910
        0.4229886545715401       -0.3269292515545303
        0.4501317518839117       -0.0693692047500901
        0.4822764354265032        0.4030226300798893
        0.4946511604315835        0.6929763163209278
        0.4502966043551588        0.8518515698409982
        0.4364901320238425        0.9470259730920316
        0.4975255260335966        0.9595030899573812
        0.4527229682875387        1.0000000002011185
        0.5039180939179914       -1.0000000002536999
        0.5382063946318525       -0.9619199936606720
        0.5137123023236539       -0.8895420309133721
        0.5100021717984247       -0.7901013792364173
        0.5370139112980831       -0.7030140293433411
        0.5671626585729013       -0.3008107801296732
        0.4976319045066225       -0.1889967392915839
        0.6064525498739409       -0.1067649658024465
        0.4663031422353933        0.0380162304095289
        0.5073346122059594        0.2642746274464622
        0.4155322636502894        0.5049659434162972
        0.4831378057735018        0.9031591350548982
        0.5025878558566593        1.0000000003079408
        0.5585540960653371       -1.0000000002772671
        0.6036536026617700       -0.9552817072133459
        0.5657983825862417       -0.9164890109321580
        0.5726665611583548       -0.8417359256532710
        0.6187146751219910        0.0092803489979549
        0.7617270361898029        0.0546714778077206
        0.5659831333517784        0.1463178020773895
        0.6356337138793903        0.3426504225282431
        0.5137106647633547        0.5836486087093252
        0.5431129485709287        0.8577199409638331
        0.5470762855757217        0.9340321889986025
        0.5490150828453763        1.0000000000792943
        0.6056859252979095       -1.0000000002695464
        0.6573885764555100       -0.9584900731723239
        0.6276375474572656       -0.8903011433572526
        0.6064785583866719       -0.7670215772339629
        0.6337215323374665       -0.6615873050560835
        0.6030581404951441       -0.5568004357023034
        0.6299574115088697       -0.4288670336528909
        0.7083841192522143        0.2087854455761414
        0.7568773706922889        0.4300700356196807
        0.6000221026766731        0.5000490351649910
        0.6937983168528795        0.5749213318947046
        0.6089636398500483        0.6614253798152996
        0.6732635190145274        0.7513195830831599
        0.5725069650506885        0.7653349834365033
        0.6255665467884379        0.8318650809355593
        0.5972574810841915        0.9574345566650583
        0.5961337120449673        1.0000000002904545
        0.6525007987501452       -1.0000000003072758
        0.6847195293367918       -0.9150495690635967
        0.6655941241149413       -0.8267507742911955
        0.7012135746289371       -0.7472363327313244
        0.7382774675480885       -0.6307878302064028
        0.7825889509895113       -0.3388636300173883
        0.7031211283310915       -0.2027272791859109
        0.8483781673572721       -0.0973490321753629
        0.7355877192801181        0.6789109444517035
        0.6091191721581711        0.8992436862594242
        0.6561235643541031        0.9514806484767908
        0.6441336212788380        1.0000000002374128
        0.7019107865312996       -1.0000000002383800
        0.7253386279858549       -0.9567404921398679
        0.7196252523678145       -0.8637620834614593
        0.7937200332398318       -0.7261572023443689
        0.8555081591686848       -0.5842629455429090
        0.7580383464289933       -0.5013440476408525
        0.8607897432792080        0.2889187106050989
        0.8204297851005725        0.5625287212313123
        0.7883669024827781        0.7666259842778246
        0.7124676484092510        0.8261457003100816
        0.6817101610761644        0.8939491979995960
        0.7156549757430528        0.9543557325531968
        0.6941764540739748        1.0000000002431026
        0.7560229579555584       -1.0000000002253919
        0.7918066106754502       -0.9541198367100353
        0.7629502040946040       -0.9081721865272940
        0.8203257663239740       -0.8781167050430003
        0.7720089467279736       -0.8159221324086238
        0.8788549265137522       -0.6856960623409117
        0.8441802439635300        0.6769985538770067
        0.7887737011149053        0.8486379032741421
        0.7516724211035749        0.9022398243620925
        0.7782075051704834        0.9516940471718408
        0.7480243619638417        1.0000000002231904
        0.8084387132672627       -1.0000000002181699
        0.8483938079851857       -0.9452295582057236
        0.8663145752861869       -0.7972636902110278
        0.8659481484680741        0.8215252559456392
        0.8339067025680845        0.9001134730184688
        0.8322797382438779        0.9568992418480967
        0.8010810833964369        1.0000000002903140
        0.8552991668275786       -1.0000000001573157
        0.9099361054782723       -0.9483460536934041
        0.9498044879998440       -0.8238933857626390
        0.9103071256273828       -0.4034784362395897
        0.9159896579755342        0.4502240770512040
        0.8870615372324264        0.9484964421486957
        0.8560196295006282        1.0000000002701654
        0.9004239223300536       -1.0000000001858864
        0.8881113921663925       -0.8824324704474766
        0.9666406153404647       -0.2195242702254311
        0.9435062681406567        0.1088971333061234
        0.9051859597149509        0.7423474481740031
        0.9072083337751757        0.8859796400717872
        0.9063866172393754        1.0000000002009244
        0.9482266685101087       -1.0000000001936649
        0.9729264961522346       -0.9532156428559048
        0.9605018236165231       -0.8953196171570166
        0.9601556292138717       -0.7331169029695946
        0.9447748270691300        0.6062713575207092
        0.9585817826957403        0.8188766053929695
        0.9791536794997112        0.8936851196268023
        0.9422828971746064        0.9486458324110166
        0.9550943142485396        1.0000000002159777
        1.0006895906752320       -1.0000000002603355
        1.0347924789481593       -0.9601139605268204
        1.0328496987595526       -0.9105224870607778
        1.0369863110149706       -0.8520386029456403
        1.0355965717917310       -0.7778300448416013
        1.0026532499276470       -0.6319144107252371
        0.9489518450932596       -0.5240271807306298
        1.0416534945304994        0.4882607401032034
        1.0711611674650046        0.6255979508726249
        0.9968121844804595        0.7113879258687025
        1.0388868881755795        0.7877813651958439
        1.0396670128202972        0.8694916487479367
        0.9990393102594461        0.9554172953886092
        1.0036988721018698        1.0000000002675833
        1.0553841453881467       -1.0000000002703242
        1.0939730141700030       -0.9483772699278865
        1.1146435230794822       -0.8850316573327182
        1.1382436507979294       -0.6032563480671096
        1.0365787920302789        0.2942184305900711
        1.0463509775750364        0.9369914143399743
        1.0965484090234874        0.9585767318073548
        1.0504678336239130        1.0000000001171665
        1.1033581294411428       -1.0000000001877103
        1.1231228894362995       -0.8048156562507078
        1.0887582623802525       -0.7060396596758975
        1.0742743927647542       -0.4872178548998915
        1.0831805029697159       -0.3286785611044359
        1.0942482418839985        0.1320632472005355
        1.1205019182699592        0.7269059913546473
        1.1092544354094649        0.9005141603555789
        1.1007369198948354        1.0000000002997160
        1.1490024411644919       -1.0000000001316973
        1.1555882356223797       -0.9429032851947939
        1.2160355758141421       -0.3018741185687754
        1.1476712802129665       -0.1683718529449900
        1.0314555794715405       -0.0481296464503129
        1.1626067001385660       -0.0009450957018891
        1.1952854324474236        0.2461332568080828
        1.1677048950213991        0.3825699018952371
        1.2935032033312774        0.4414579240727708
        1.1771467633987658        0.5409458004911349
        1.1106402854028230        0.8293724094838317
        1.1558168007843124        0.9503353095579152
        1.1475789778140186        1.0000000002170579
        1.1959301259325152       -1.0000000002194236
        1.2151097888914844       -0.9570802812906789
        1.2095274893716907       -0.8983600361381504
        1.1936992341530575       -0.8343706594143974
        1.2609036961794489       -0.6094040027132307
        1.2172925684981695       -0.4586690215170028
        1.2390374205672461        0.1329541352661760
        1.3030205812468632        0.3138559260294690
        1.2022725469082225        0.6528932780462594
        1.1786712632399010        0.8029132808605487
        1.1782072328524449        0.8872445945680842
        1.2134534860763400        0.9550330110104248
        1.1959755998506731        1.0000000002511555
        1.2508390029334815       -1.0000000002056597
        1.2852069937462072       -0.8779467520166486
        1.2640108036755313       -0.7949562184197716
        1.1960829766069878       -0.7225107526337315
        1.3204569729538347       -0.3641430776752760
        1.3050924000207260       -0.2162750336792928
        1.2602064053004935       -0.0980813775848206
        1.2817875361168418        0.0256612528746428
        1.3391832796754233        0.2143596222567426
        1.2447158565016134        0.7520659473719304
        1.2490686620959572        0.8440447008972767
        1.2435877169628107        0.9106413237367097
        1.2822496130357841        0.9565841184431082
        1.2483950006800473        1.0000000002122695
        1.3015362241593216       -1.0000000001387588
        1.3309195219119982       -0.9469362468808189
        1.2718217715229798       -0.9443175796373721
        1.3520599958992474       -0.4950417588056422
        1.3957249100912723       -0.2909269848917227
        1.3701280613157969       -0.1176289342056377
        1.3129322996885993        0.6817956832069288
        1.3221254309621719        0.8204498539431184
        1.3107156702134704        0.8975912801515855
        1.3464013859357717        0.9537224983744408
        1.3017677873354636        1.0000000002414844
        1.3531622876684624       -1.0000000001188585
        1.3986138874619505       -0.9450410684552181
        1.3620528982588140       -0.8910249522908484
        1.3483258294649219       -0.8112421936891259
        1.3154296317095471       -0.7084415713087165
        1.4041625070142862       -0.6197722093297692
        1.4294704888717982       -0.4025166683891646
        1.3648552869122021       -0.0146252033610831
        1.3563109570476268        0.1095114341545125
        1.4324544272943638        0.2672250908716945
        1.3245567012056616        0.5669770962213871
        1.3661272341234949        0.7556158188169085
        1.3491675741657432        1.0000000002524179
        1.4005007632804289       -1.0000000001639107
        1.4244370661705754       -0.8501583417145214
        1.4452444226881869       -0.0347067841989978
        1.4303410660155234        0.0638212636386689
        1.3950545228666604        0.3584402495550796
        1.4147107960769607        0.8359236583761473
        1.3758654408073767        0.8922212036486937
        1.4090182683613317        0.9474805104216211
        1.3948813195516578        1.0000000001646039
        1.4472320306932596       -1.0000000001752634
        1.4572765400197496       -0.9476529920593277
        1.4158254612430565       -0.7454500747236543
        1.5009141087673230       -0.3449345079998336
        1.4297938666268448       -0.1944987134265118
        1.4673542872684009       -0.1134981817109111
        1.5019401084934929        0.0410490297828784
        1.4372250789249055        0.1672030104917205
        1.4134073890876131        0.4607028790541752
        1.4626759126579794        0.5425040948700947
        1.4284482878128280        0.6544141813774160
        1.4580501204767244        0.7630558602821607
        1.4572135330961442        0.8908187066879659
        1.4676919210389630        0.9513730837106217
        1.4434861225916595        1.0000000001992908
        1.4966820219486028       -1.0000000001051508
        1.5225750666935374       -0.9442755163146247
        1.4846341918470958       -0.8895901369470783
        1.4976582661913402       -0.8047410267638282
        1.5071227933876763       -0.6995578447364565
        1.5325102083592816       -0.5925733740757348
        1.4692945998767093       -0.5092131389132903
        1.5312923309283033       -0.4308060884830727
        1.5655373365984371       -0.2860572284432856
        1.4830655027774167       -0.2686741331125886
        1.5284997065433497       -0.2115101028647451
        1.5322529315187114       -0.1496770621448452
        1.5416849575641252       -0.0845934077491553
        1.5172158914296536       -0.0304177331346370
        1.5659808701408175        0.0268194286503053
        1.5053183089485729        0.1177237568079674
        1.5085370607144164        0.2075295145165330
        1.5231919355401011        0.2910545334080829
        1.4847665416535154        0.3644464117043919
        1.5186349646248050        0.4444558638333064
        1.5126145917896716        0.8236880448582918
        1.5243592777059707        0.9032754027656882
        1.5254059132658957        0.9580954934236224
        1.4949236650650266        1.0000000002728764
        1.5475334766726363       -1.0000000001505949
        1.5800315979004502       -0.9475361493469422
        1.5584055077140304       -0.8699953897616589
        1.6362382157489845       -0.5752409505611985
        1.5780176237077337       -0.5073541254877377
        1.5844558091603542       -0.3633939353245742
        1.6355564684538562       -0.3194929834604895
        1.5989470623586930       -0.2155821580934459
        1.5950831040252800       -0.1587624569208824
        1.5940264775406459       -0.0976454218048401
        1.5861596268242584       -0.0303142303496414
        1.5726344670359640        0.0885663862620164
        1.5640743401629236        0.1581209532396163
        1.6102203789519198        0.1923418747135630
        1.5744485131416233        0.2383881263939995
        1.6033579538219063        0.3042078890759305
        1.5722779440923609        0.5040504151545449
        1.5416430112231676        0.5937972429770233
        1.6133848449708832        0.6425354605675696
        1.5316627235141895        0.7075611614391675
        1.5797249391728387        0.8659075795524277
        1.5825708026991594        0.9476476097454010
        1.5492257413704416        1.0000000002579243
        1.5987259955535174       -1.0000000001418881
        1.5835966244876116       -0.7768036276780459
        1.6183462303565712       -0.4333544154285941
        1.6593380636946575       -0.3744555740177350
        1.6257981832412545       -0.2640738300840012
        1.6534365500352570       -0.1825659468609589
        1.6448148623067127       -0.1365956805267794
        1.6388328605831701       -0.0916032619579603
        1.6352587627222888       -0.0471443773309615
        1.6339758333275236        0.0014635944998024
        1.6210563411081760        0.0428923830000041
        1.6380374922110725        0.0837892318975218
        1.6215053983185128        0.1270414572708203
        1.6494570904561889        0.1630238000035944
        1.6362307865514434        0.2519933458854124
        1.5698998682409888        0.3647722037295988
        1.6082701416770273        0.4235611071648989
        1.5939589805633301        0.7711570334863841
        1.6273105266101293        0.9186231540581797
        1.6423356807381710        1.0000000001801372
        1.5975963557859827        1.0000000001597151
        1.6456096663238258       -1.0000000002407499
        1.6472500466365092       -0.9525177634038776
        1.6209923521569847       -0.8988647314972233
        1.6476265778646924       -0.8320374428155665
        1.6134746044261146       -0.6646450194315431
        1.7048670661538003       -0.6350802465116546
        1.6625692687919624       -0.4971770538025562
        1.6880577412961340       -0.4294744151536518
        1.7171077512762571       -0.3702427942881544
        1.6968219542267393       -0.3238904547995775
        1.6795422668660396       -0.2772167159860586
        1.6643117963284224       -0.2272118523509842
        1.6611685156238056        0.2153177670127209
        1.6692970548711459        0.2873341374793468
        1.6951721074319632        0.3197687644637565
        1.6472060476775616        0.3548469763049614
        1.6774723991151506        0.4100911193324099
        1.6557456303114870        0.4752606608307964
        1.6361462053702778        0.5508542319764033
        1.6660088835921008        0.9560503289349065
        1.6930528485476419       -1.0000000002056131
        1.7075924883475206       -0.9508180108489359
        1.6954614694230712       -0.8904044654983229
        1.6834680820263213       -0.7464865616291937
        1.7272689671224621       -0.4777486388443399
        1.7394057033545618       -0.4141211370252477
        1.7123122506551809        0.3599277834133506
        1.7324093118489123        0.4010044087755616
        1.7098854685035507        0.5097044930749759
        1.6939440962639474        0.5877051358930180
        1.6777802072190637        0.6801093826508677
        1.6870220249286394        0.7702591021655151
        1.6488702329311524        0.8446015081530275
        1.6960697511024241        0.8971729779527794
        1.7265912221268285        0.9611266291966273
        1.6955399599573269        1.0000000003002714
        1.7439612411040313       -1.0000000002687446
        1.7663786868842737       -0.9577984968322938
        1.7637227596692120       -0.9015991483307815
        1.7422140606723131       -0.8171868616758754
        1.7150714017771780       -0.5498458324370677
        1.7736234883406370       -0.4485318071571326
        1.7239799024634266        0.4530373571215000
        1.7774212546929586        0.4825619858246762
        1.7586499891667018        0.5515175219341344
        1.7382241240097900        0.8317360690955738
        1.7954685552931042        0.8727685910106902
        1.7552866561619593        0.9175943647664337
        1.7979513369223581        0.9550819893344780
        1.7517416405791588        1.0000000002293006
        1.7998092611511385       -1.0000000002631473
        1.8230187936732158       -0.9498638815616202
        1.8155988460437065       -0.8632117399918277
        1.7773184926665058       -0.7037370663534090
        1.7875085497898324       -0.6004332313875154
        1.7804744900127782       -0.5186961431455862
        1.8190474639646776       -0.4302557662414613
        1.7758021999571272        0.4326282439066746
        1.7621138310046458        0.6412833065007469
        1.8250755193291435        0.7987696548535502
        1.8402691779255735        0.9100093931329730
        1.7986682433904126        1.0000000002680234
        1.8525455746758954       -1.0000000001154876
        1.8952971091991933       -0.9489175441767043
        1.8585457493111066       -0.9105598591541831
        1.8305074948483193       -0.7863424001383631
        1.8644277854960698       -0.5889383643220095
        1.8293029157897336       -0.4731068301996194
        1.8699006275946504       -0.4246724618058124
        1.8706354891491204        0.4245694094059269
        1.8202723182337279        0.4301569230835400
        1.8436214742655637        0.4741841049685805
        1.8219740254451313        0.5295456979046708
        1.8254854880081439        0.5996950672885850
        1.8672627609462908        0.6804722646818423
        1.7791378136172395        0.7342477878734949
        1.8809624684580499        0.8502649261428077
        1.8658123587701880        0.9599423083075931
        1.8441828410057464        1.0000000002492375
        1.9009064096757089       -1.0000000002015115
        1.9516302071147940       -0.9566681182205311
        1.8997721990669347       -0.8599105964401794
        1.8708323196564292       -0.6740002863881781
        1.8503331545803070       -0.5252536161298936
        1.8927153582717595       -0.4701458626332451
        1.9221495522114034       -0.4157302109033920
        1.9238536750815265        0.4153827835832070
        1.9027681680220245        0.4613104745994044
        1.9414481669894825        0.4973250448473927
        1.8855719126567807        0.5298950909837833
        1.9028317231355723        0.6003049135043741
        1.9067827136217346        0.7599525521695712
        1.9499459359682538        0.8534535163878861
        1.9083576021812065        0.9192846727710832
        1.9318887570302605        0.9801587909645239
        1.8964871526389395        1.0000000002939349
        1.9477506970974767       -1.0000000002816001
        1.9561262039116343       -0.9026772922319548
        1.9824045486523614       -0.8303772061232566
        1.9149987092967407       -0.7775114570967031
        1.9483332576593348       -0.6089105778271523
        1.9251613652051827       -0.5308925507525595
        1.9992109695213831       -0.5319872452209637
        1.9519385478298512       -0.4675894242379668
        1.9714072871800579       -0.4042320732455680
        1.9738426898453858        0.4035842438755914
        2.0092313937024278        0.4950231329017308
        1.9659932646129081        0.5600262301774205
        1.9743288312270346        0.6504961609778586
        1.9809117164838852        0.7760741733375630
        1.9635001763092195        0.9325058506776324
        1.9757229037421800        1.0000000002232456
        1.9963920974086089       -1.0000000002786462
        2.0113373297725428       -0.9562348893876774
        2.0259964403780000       -0.9047311509316815
        1.9778184911709482       -0.7086199512292900
        2.0014960759013065       -0.4513031259877082
        2.0554222067704626       -0.4223585506750759
        2.0173374554173757        0.3907170393869296
        1.9715675575423091        0.4469117431014783
        2.0386169776714520        0.5657417113403538
        2.0433912049715759        0.7068612188196201
        2.0078476904332909        0.8824167218308950
        2.0081913392145347        0.9563434715716507
        2.0482645409216471       -1.0000000002279055
        2.1069206603220061       -0.9046449483999472
        2.0653897856942307       -0.8539773069040395
        2.0450216325565456       -0.7733059024829187
        2.0351952819998349       -0.6224919158591335
        2.0546397901258624       -0.4816194221029980
        2.0207334349532600       -0.3896071418660722
        2.0628312015948391        0.3745370732234948
        2.0923758015064773        0.4129769607163001
        2.0343994501383271        0.4331356136986730
        2.0731445501346788        0.4848204903384905
        2.0906258575763701        0.6205499572506575
        2.1189336699278827        0.7546908113850120
        2.0443028551746174        0.8177131735571270
        2.0595801922953294        0.9076447631011995
        2.0651812535711360        0.9592060042184191
        2.0319022038599699        1.0000000003170673
        2.1000397315654880       -1.0000000001899323
        2.0760597662091782       -0.9533563331991521
        2.1328553911260646       -0.8086723365935516
        2.0831974910403859       -0.5525506529880192
        2.1092737046611223       -0.4165576217750081
        2.0744110596167564       -0.3699552083305169
        2.1210197369131927       -0.3495116462989243
        2.1113443765565991        0.3540262054477099
        2.1363805692290154        0.4524157179323349
        2.2034278437819355        0.4820992459381864
        2.1261816698436107        0.5337548706192843
        2.1711835003508657        0.6642700022123514
        2.1068508112234952        0.8479695937213827
        2.1202228650907431        0.9612852455447860
        2.0891767166916946        1.0000000003598390
        2.1466060524002559       -1.0000000002565650
        2.1448752005183569       -0.9541037492595318
        2.1612292737136802       -0.8756532259397435
        2.1054568933262638       -0.7020845871520525
        2.1731954535898894       -0.4448025031213158
        2.1559278214976532       -0.3787370358887413
        2.1730228240479401       -0.3226669202801448
        2.1632307927180596        0.3280656850531043
        2.1499894717634898        0.3830717057452764
        2.1996506173211019        0.4143056333442033
        2.1994476599386390        0.5727530647406396
        2.1802430560701089        0.8158533202996623
        2.1240846140888974        0.9097709486902913
        2.1772089646524422        0.9492180476898318
        2.1471114041184425        1.0000000002837990
        2.1920311353463875       -1.0000000002581646
        2.2151212962386593       -0.9654172881372409
        2.1954383813577856       -0.9222927220827291
        2.2228190041099052       -0.8406324838947872
        2.1966094153805793       -0.7437161926720447
        2.2307312074076893       -0.6419568575702752
        2.1435069176171093       -0.6107949513075925
        2.1872867727978251       -0.5329243368175095
        2.1221134664281931       -0.4872123643378407
        2.2109894866360342       -0.3844171438964941
        2.2256789428488641       -0.3315456315918771
        2.2322949271192067       -0.2862866824080000
        2.2117379150798309        0.2996523631591199
        2.2135384363683426        0.3563598177307051
        2.2307495787408853        0.7405911020123253
        2.1854591439035973        0.8853937405595438
        2.2280255205788659        0.9552459122791300
        2.1987344306522907        1.0000000002814158
        2.2495611444216483       -1.0000000003157066
        2.2742327209877566       -0.9551626421456824
        2.2547089031395675       -0.9042302873085788
        2.2722865317029894       -0.5296216692092577
        2.2420346341074273       -0.4520305684868628
        2.2870848939004080       -0.3119534089675152
        2.2754441855981256       -0.2553973567372260
        2.2551489007921468        0.2704249913850889
        2.2691657271273713        0.4143054000459439
        2.2625716469518320        0.8300284847266960
        2.2415536645940164        0.9001924190881888
        2.2845330743893735        0.9548346787169730
        2.2532322977585086        1.0000000002892806
        2.3023767367668664       -1.0000000002114207
        2.3254752000276442       -0.9411644510793418
        2.2746523784062598       -0.7885258225298175
        2.3177468834545887       -0.7188238608944847
        2.3327672790278311       -0.6053855979064758
        2.2782327972065728       -0.3762797834835621
        2.2950730948423894        0.2399622765755617
        2.3191500912972862        0.2938645707379741
        2.2671186352032615        0.3328334252646217
        2.3325130676513708        0.3631011861842753
        2.2884491144360855        0.6313524366961725
        2.3927777778278356        0.6901850826008126
        2.3197856103569179        0.7517643254280933
        2.3065067854920041        0.8973636700601646
        2.3418154836525717        0.9553842048864419
        2.3072375849641915        1.0000000002835749
        2.3497156494945104       -1.0000000002114429
        2.3780333455154001       -0.9560940217322933
        2.3074680398832861       -0.8733018420425185
        2.3569095481866129       -0.8149209411244728
        2.3776867109577524       -0.5103259112168966
        2.3214363989696589       -0.4372152427998679
        2.3516068793566465       -0.3521929517430741
        2.3381389585202128       -0.2786108509423948
        2.3143413515442428       -0.2238882338126841
        2.3514936165833862       -0.1900486353931496
        2.3642498329711508        0.1774765632373423
        2.3310366597462613        0.2091682702426101
        2.3468985067253114        0.4538168708026192
        2.2774185190765737        0.5129035400728006
        2.3480828423948612        0.8366781689004759
        2.3747422924098713        0.9029648414123180
        2.4031885337265835        0.9535970924885078
        2.3607005981086391        1.0000000002493499
        2.4031810384958279       -1.0000000002217793
        2.4304706333028641       -0.9415348367037779
        2.3786854387442151       -0.8919451356006265
        2.4304850407156624       -0.7956982056535584
        2.4095184830479752       -0.7123064891000336
        2.4139351425662765       -0.4269141817449759
        2.3782295963954678       -0.2284960808007385
        2.3847401722870871       -0.1561434018321557
        2.3977424461612458        0.1418174679402027
        2.3646105165703899        0.2530978158206738
        2.4012579321869287        0.3122665010759222
        2.3686699625443941        0.5554002956110889
        2.4140616513623798        0.7952038660600104
        2.4320909798175800        0.8793219680746652
        2.4101654844061926        1.0000000002444316
        2.4507301241835724       -1.0000000002285709
        2.4820728395541680       -0.9592774197189136
        2.4894157145062703       -0.8988783842207704
        2.4405694208335520       -0.8668454302700247
        2.4486106678463551       -0.6039579654940459
        2.4362369501074834       -0.3546301358995307
        2.4114168148774837       -0.2891579622728781
        2.4374513010928371       -0.1667553687046856
        2.4211649314554471       -0.1142876136027237
        2.4540323977218930       -0.0713070217352239
        2.4575081892803499        0.0664191386759059
        2.4281153623561744        0.1056519026126786
        2.3996638997010473        0.2040190290830028
        2.4417213202328751        0.2438589712250691
        2.4099434401839166        0.3985796782376346
        2.4565921881689530        0.4906115763750691
        2.4555123785217630        0.9478559417637547
        2.4566217482860693        1.0000000001931884
        2.5061432601963745       -1.0000000002535285
        2.5384395762267760       -0.9452242539967465
        2.5138548179657061       -0.8065182110223960
        2.5078220319034892       -0.7123690129031164
        2.4977417908441861       -0.5008894970911290
        2.5258068640518316       -0.4088347138004743
        2.5087614465562078       -0.3149240391135084
        2.4415780081338347       -0.2261362188801149
        2.4815555174966848       -0.1154705599058335
        2.5151403373821846       -0.0631216228636305
        2.4826259488675908       -0.0287872763293112
        2.5279992724944282        0.0020367499490910
        2.4847081091326340        0.0254673899258197
        2.5140284070365766        0.0687751754533652
        2.4836084069987381        0.1229609033974130
        2.4484823628751977        0.1694487393774327
        2.4978627885741553        0.2857670688535033
        2.4844738272037361        0.3620774531215875
        2.4765158293054563        0.6117685709592555
        2.5806782104411181        0.6868735180811407
        2.4896621706497060        0.7336224554434306
        2.4955132781449132        0.8270996928544379
        2.5667314377455597        0.8728708609612722
        2.5021287505795478        0.9009994251401306
        2.5138827113736939        0.9578883429770523
        2.5025999540971071        1.0000000002705056
        2.5548537804698199       -1.0000000002285254
        2.5910177534498939       -0.9562515321406366
        2.6024504828909421       -0.9004473365754314
        2.5449786488457424       -0.8736244260356567
        2.6059648243766400       -0.8211125220232282
        2.5986496305895019       -0.7368643282838847
        2.5745652428969943       -0.6158227121590357
        2.5082662823784898       -0.2419281705672991
        2.5032968487020164       -0.1700112877840010
        2.5712423631413492       -0.0294653399343036
        2.5504120965611610        0.1257990539423861
        2.5129256791498400        0.1963533738912717
        2.5773949297639089        0.2541680359804286
        2.5982305491247630        0.3434698421409634
        2.5761041643531581        0.7897261351783570
        2.5664859249675342        0.9418528918021143
        2.5543311793006023        1.0000000001871390
        2.6077823359481207       -1.0000000002844143
        2.6503372967204428       -0.9567899484028548
        2.6639830611593074       -0.9025938380458970
        2.6777954157548134       -0.8382740844661982
        2.5997868111904801       -0.2704334740638243
        2.5754489546780088       -0.1856490228168430
        2.6351106584594906       -0.1237558178967030
        2.5562471911905753       -0.1071287995175655
        2.6308008019778431       -0.0571337455836515
        2.5684584852704884        0.0468136779200791
        2.6270128340096077        0.0983491064204151
        2.6102251764810127        0.1805547425494974
        2.6881423530950430        0.2593861070756882
        2.5391768495900164        0.4393804869687452
        2.6697750079166376        0.7461381247859906
        2.6467801006947256        0.8360445690567845
        2.6300353266748826        0.9023572222682790
        2.6185649062159255        0.9590076614053452
        2.6016598079965467        1.0000000002598937
        2.6580366895932137       -1.0000000002719658
        2.7128724940241886       -0.9530546704714563
        2.6942962623939848       -0.7537480853905864
        2.6793101175332983       -0.6507953425826190
        2.6317659006076393       -0.4952471748132650
        2.6295639780819000        0.0192706488689300
        2.7244097551214255        0.3809840126672177
        2.6531733279299741        0.4630621158492588
        2.6759533536428650        0.9503437237818313
        2.6566406444753143        1.0000000002585703
        2.7035440895130889       -1.0000000002330196
        2.7596937443270226       -0.8171984045459573
        2.7616737476325590       -0.5836067110952163
        2.6174929585968605       -0.3663713496230414
        2.7175136672030269       -0.2972460994625059
        2.6724512421482602       -0.1982413583866097
        2.7300498236290669       -0.1009391465419775
        2.6996094632564285       -0.0167371740806893
        2.7129563677239470        0.0661968203580255
        2.7097102408689469        0.1573002394518061
        2.5909890379056959        0.5617734404731524
        2.6933783704377476        0.6419296336023792
        2.7056374264984191        0.8948895952269803
        2.7316628125391107        0.9603491343222085
        2.7093495966014385        1.0000000003014518
        2.7523572728923065       -1.0000000001916649
        2.7345583989545905       -0.8951260800926053
        2.7914808372258926       -0.7152292412992444
        2.8709324255602331       -0.5010423048516076
        2.7378761527331359       -0.4201499890673356
        2.8078699450124587        0.6575839728781403
        2.7806673186339981        0.8632184492387721
        2.7701352534628918        0.9297416971565624
        2.7679794665038853        1.0000000002194740
        2.8031646660905842       -1.0000000001841283
        2.7779097022201018       -0.9511348162739285
        2.8024729779939963       -0.8907327335972539
        2.8375436155096638       -0.8129801009794203
        2.8558225913640056       -0.3344701774758967
        2.8977983156658254       -0.2027050801719886
        2.7799807245249699       -0.1993131333127120
        2.8510342045336023       -0.0902672752842396
        2.7930824738515230       -0.0067900634587251
        2.8219117423565878        0.0873276231150685
        2.8153236828893240        0.1919701994335088
        2.7747900480177212        0.5365056115377945
        2.7739144883583249        0.7503802685280835
        2.7273265700223610        0.8198883930229757
        2.8093205350551957        0.9704012134993856
        2.8517961089112576       -1.0000000002302014
        2.8437590011716209       -0.9525091269219247
        2.8688502608507984       -0.8947886176607601
        2.9177248641503857       -0.8468830770872804
        2.9015623170427163       -0.7518440418662916
        2.8820044690645150       -0.6430254268818438
        3.0126354069258277       -0.4342292852595028
        2.9580600234630721        0.1221378936949207
        2.8110943139403086        0.3106651590399044
        2.8846939914202023        0.4431316182419499
        2.9121630670120577        0.6095134332947114
        2.8415911399713116        0.8208427951194768
        2.8344782979147838        0.9078383358169674
        2.8737258757053232        0.9537380272320465
        2.8433610677942460        1.0000000002819442
        2.8974762211654745       -1.0000000000921685
        2.9134417110991442       -0.9411293598172148
        2.9970348306714354       -0.6997294990834377
        3.0207297808660476       -0.2736141728439067
        2.9405543187816847        0.2688890516340258
        3.0072831351201263        0.5397491178031429
        2.8836486473867837        0.7339271058074139
        2.9312222270441510        0.8131688220243344
        2.8975606734658665        0.8867773640120153
        2.9355258364570509        0.9496639314076406
        2.8978955026112176        1.0000000002132268
        2.9455407598700249       -1.0000000001381406
        2.9711816677694300       -0.9491247648289400
        2.9998162254487402       -0.5808702222818093
        3.0057833804214336       -0.1066283769037870
        2.9272936142985806        0.0052446922070850
        3.0990413504681906        0.1927474000237878
        2.9832156343742975        0.7147211386999288
        2.9679936744211464        0.8917473030956580
        3.0024205257948928        0.9543997589789974
        2.9494286316383733        1.0000000001817901
        2.9979407088480450       -1.0000000002425795
        3.0284992125721959       -0.9553542010792422
        2.9750370068960708       -0.8866605119326977
        2.9925631843409874       -0.7993372279140404
        3.1159563793469469       -0.6552264545035515
        3.1433313324548893       -0.5313281572182785
        3.0509099525620771        0.3795474996813188
        3.0720023787487354        0.6474756524603392
        3.0102151452782873        0.8186774543272226
        3.0349495997762093        0.9004497707859587
        2.9972332174938598        1.0000000002569840
        3.0533078946850027       -1.0000000002207927
        3.0914587997291103       -0.9501966500115866
        3.0413219392050608       -0.8996714094664482
        3.0950437118056100       -0.7526882310210598
        3.0975510311674825        0.0056306897567836
        3.1445228365931710        0.5050953972302183
        3.0802218363157410        0.7631360992645850
        3.0868475679713829        0.8568408016443636
        3.0748056215069330        0.9451762067078053
        3.0477461209929926        1.0000000001094393
        3.1040126990861960       -1.0000000001917502
        3.1569647259776734       -0.9498390849723437
        3.1192461675547491       -0.8910679009852014
        3.1940977870887703       -0.8909658991181175
        3.0659843576641692       -0.8344058599689451
        3.2456982464790660       -0.6375401047600511
        3.1925284744889888       -0.3826642480297168
        3.1663645992687188       -0.1859304421156622
        3.2286996725407504        0.3509619745342378
        3.1941842799895621        0.6160982943149345
        3.1628525400644438        0.8199098376910781
        3.1416152612528947        0.9002121288180953
        3.1331787203731269        0.9578987391749691
        3.0999647981121976        1.0000000002176490
        3.1504788210923271       -1.0000000002070550
        3.1597500969752126       -0.8187585005965965
        3.2130379790229586       -0.7386123865131687
        3.1712094533518069        0.7236461868549789
        3.2214100587291381        0.8714829336167691
        3.1954674856491034        0.9427225786212983
        3.1572419462727539        1.0000000001928335
        3.1989159197052373       -1.0000000001976388
        3.2221687110624364       -0.9544000941660234
        3.2514805759258696       -0.8288068759980484
        3.3042932730825143       -0.5134791740887864
        3.2869667232456776        0.6676692192652299
        3.2054902157575178        1.0000000001248601
        3.2530831026967539       -1.0000000001211771
        3.2631088771075030       -0.9103341229637482
        3.3685934260500874       -0.3440715051617916
        3.3067419261969428       -0.1008199832537881
        3.2480498236456081        0.0934169247058590
        3.2950397651742755        0.5060031411036989
        3.2527677464454534        0.7761180388929853
        3.2822739937574679        0.9019661418689520
        3.2546667507450562        0.9530834637060602
        3.2522173947971051        1.0000000002474287
        3.3003774478756416       -1.0000000001951059
        3.3102175757045389       -0.9494783710731661
        3.3240210471178337       -0.8711081849410302
        3.3244566841060723       -0.7676603219974097
        3.3709217557846096       -0.6549631831271459
        3.3087182035871261        0.8309798448401676
        3.3249798011349325        0.9528748211483842
        3.3002468128472326        1.0000000001720493
        3.3508511432274717       -1.0000000000759355
        3.3708092846771804       -0.9375404775646797
        3.5123104555147946       -0.2124687908957705
        3.4737820168919606        0.0452105181438739
        3.3620583285594741        0.7389044681290498
        3.3557183579504053        0.8948383001979130
        3.3940714201740376        0.9506989097843730
        3.3534976663560911        1.0000000001655069
        3.4004669285955744       -1.0000000000045539
        3.3928513440056762       -0.8552502914616651
        3.4283846831811315       -0.7634514307660737
        3.3661472592420463        0.2608721533309532
        3.3846520561202533        0.6017750510520168
        3.3961429470672568        0.8205940024443927
        3.4281280170027379        0.8890530308376877
        3.4028893819531443        1.0000000002092531
        3.4497890566880418       -1.0000000000138127
        3.4319079948830833       -0.9335340123166284
        3.4699604786182556       -0.8584770562503051
        3.4495958949212251       -0.5293519865401386
        3.4613288101001034        0.6932510600362715
        3.4757508379687683        0.7913390199635489
        3.4623278277126053        0.9475004093592020
        3.4491780879377933        1.0000000001642775
        3.4986184860699017       -1.0000000000923099
        3.5591147960554967       -0.9499252436149422
        3.4947667055123386       -0.9384577138417917
        3.5437779904965772       -0.8785235112511917
        3.5302100975958215       -0.7800906879447436
        3.5014410324720364       -0.6671797872428196
        3.5564382605454510       -0.4235201821338699
        3.4302554467245487        0.4339430974461104
        3.5058360446393757        0.5662944020906578
        3.5658835584304875        0.7133991366034500
        3.5620215175494727        0.8140412345270892
        3.4941877728227708        0.8769364881386920
        3.5590844374702719        0.8957527368105226
        3.4988811675694538        1.0000000001587419
        3.5467092552906538       -1.0000000001906719
        3.6089846795056784       -0.8300167960344836
        3.6131626189474071        0.5986092481644312
        3.5250939950692368        0.9492303201371267
        3.5947320733523713        0.9501091065579191
        3.5510213826382482        1.0000000001332594
        3.5985043090996931       -1.0000000000398672
        3.6132024735523003       -0.9176158423078631
        3.6252173207955805       -0.7141311687612228
        3.6058426561810473       -0.5817127580797320
        3.6885651999985054       -0.3123393596987212
        3.6236107877315957        0.8775534322774011
        3.5990158521978231        1.0000000002135692
        3.6475863669461153       -1.0000000001624090
        3.6695886867942540       -0.9519670046738526
        3.6874868155904656       -0.7980423426875219
        3.5467948675413510        0.2720513920116084
        3.6074294923578973        0.4334945423797271
        3.6514414913295363        0.7892469448729147
        3.6575205974261604        0.9457710964936200
        3.6453310741296270        1.0000000001504550
        3.7028583160747441       -1.0000000000949814
        3.7345377681313234       -0.9384711802405886
        3.6812943953981301       -0.8840583078232621
        3.7399755775916432       -0.6385584046660221
        3.7230152933999086        0.5372165047066304
        3.6828750803197825        0.6860565642592752
        3.7373906594016080        0.8184157295464167
        3.6895782402628394        0.8804927898415513
        3.6942292679660049        1.0000000001387310
        3.7528066633305133       -1.0000000000611764
        3.7974810492825242       -0.9471452460866232
        3.7590886067759621       -0.8581910464220459
        3.7612007238293086       -0.7509825234009805
        3.7348952672757298       -0.4905784200890730
        3.7197910134360135        0.9477216664474839
        3.7453151705860006        1.0000000001867160
        3.8010559718702761       -1.0000000001821336
        3.6971415054369610        0.1755700078176184
        3.8290215908581091        0.7922705987765841
        3.8271530215744738        0.8626740361494403
        3.7619688060276615        0.8936170788823156
        3.7829730190045492        0.9549299400815847
        3.7969156570750617        1.0000000002325018
        3.8481524949751162       -1.0000000001107461
        3.8277371181241597       -0.8881762550084858
        3.8410383761667055       -0.8043630565559480
        3.7059361453808628       -0.0653481720297101
        3.7652573025688030        0.7339188239863336
        3.9025504153270125        0.8948518049543436
        3.8315646957482716        0.9264342086297621
        3.8698349604399525        0.9569294220092448
        3.8427540939690688        1.0000000001651639
        3.8983664916018346       -1.0000000000826066
        3.8678255174962279       -0.9446271580234359
        3.9011986944287420       -0.8702792103205038
        3.8497637641514038       -0.2486086759218248
        3.7686217165775000        0.3593436638349401
        3.8077121716917972        0.6386993945988626
        3.9260016392755968        0.9542478863897135
        3.8973990354742734        1.0000000002976113
        3.9469485710694161       -1.0000000001007414
        3.9308027647953545       -0.9418968661317260
        3.8619261313742839       -0.6962228151411887
        3.8813836621100544       -0.5773644955403838
        3.8927775869177728       -0.4304602637334496
        3.9517066004820802       -0.0664903175920963
        3.8961881204418023        0.1646891370117562
        3.8589169195752770        0.5053370206071022
        3.9364034120551574        0.6095195499963282
        3.8887230641198003        0.7236549127616630
        3.9113943185842781        0.8216631591779152
        3.9717256963081895        0.9335544058184845
        3.9503983373182647        1.0000000001654663
        3.9933250509493781       -1.0000000001504323
        3.9723733045109504       -0.8745922821552179
        3.9359351170841994       -0.7776168486260550
        4.0325880000695440       -0.3142907005591425
        4.0275781769165118        0.5167179014197283
        3.9496833071231379        0.3819346367410060
        3.9898729431096589        0.7916604786105689
        3.9819749060046647        0.8719152078449069
        4.0151200188622722        0.9559496529619860
        3.9958961946738318        1.0000000002114717
        4.0401919656090364       -1.0000000001890126
        4.0545721880777332       -0.9503429105110078
        3.9940854987090790       -0.9438881014672943
        4.0493847981562059       -0.8879942824089567
        4.0186314421757992       -0.8068911108496324
        4.0640124453243214        0.2683785349251303
        3.9874084184761784        0.7075793525680626
        4.0890070520038186        0.7551386692454152
        4.0651919055122541        0.8373640513586986
        4.0492094614265124        0.9034943775154275
        4.0735126464890081        0.9547594082053357
        4.0490371194441517        1.0000000002809095
        4.0917626239183660       -1.0000000002552456
        4.1120786561908860       -0.9553535078539416
        4.1106364345288879       -0.8314188631376548
        4.0760102664553690       -0.7419567149418023
        3.9897985672301282       -0.6690412874794248
        4.0697034159116514        0.6512555298872933
        4.1571452366946593        0.8119024764335476
        4.1264953897689711        0.8866951244007700
        4.1229628795449171        0.9468500695582376
        4.1027151891290332        1.0000000002647522
        4.1470644930104363       -1.0000000001771021
        4.1753783640158204       -0.9457281095363649
        4.1245401705840052       -0.9013877905715501
        4.1762141656242209       -0.7699065698657804
        4.1275721103792558       -0.6537856439096883
        4.0376484127915857       -0.5285742213128030
        4.1684704406689876       -0.4134140262491470
        4.1510220181413997        0.4352588850177256
        4.1547455043035306        0.5886174714231093
        4.1766780649234585        0.9463959044650705
        4.1527559914091938        1.0000000001820997
        4.1995111816408173       -1.0000000001821281
        4.2316781928643223       -0.9491563092627840
        4.1907355919477096       -0.8696298643422679
        4.2562456684789760       -0.8120871207006374
        4.2519689313439839       -0.7003983094168601
        4.2487184510461606        0.2826108573986556
        4.2572359637855586        0.5711848445417400
        4.1841599977984973        0.7074158914060645
        4.2397787235246414        0.8034059694362514
        4.2018919569845155        0.8829363013630737
        4.2333974816632161        0.9478043652260858
        4.2034407487583119        1.0000000001759286
        4.2519223770954655       -1.0000000001566223
        4.2968901602337120       -0.9504447065877626
        4.2570792110644931       -0.8946539503174484
        4.3344298806965593       -0.7878944008257265
        4.1999681677056770       -0.5569661306355050
        4.1551831866946269        0.0782528608044739
        4.2797658777099574        0.7095746870187125
        4.2722430319781699        0.8858274431037301
        4.2914905433952235        0.9484534329753083
        4.2547591145777739        1.0000000001805391
        4.2996624245751915       -1.0000000002195042
        4.3208107497040045       -0.8776539580691770
        4.1537339994731894       -0.1579932361973356
        4.3204235216777587       -0.0526252465608641
        4.3273711863311828        0.4479960006590310
        4.3203312086120036        0.8180833541058098
        4.3439592233453670        0.8933227236789526
        4.3486098485729823        0.9558144423598450
        4.3047375173698494        1.0000000002177396
        4.3459300181045624       -1.0000000001251370
        4.3564714667377569       -0.9426385948559792
        4.3145827528156948       -0.5969962569192060
        4.2999164311645863       -0.2784746893785933
        4.3531255546373719        0.6219613717773810
        4.3695871274482778        0.7499504365446865
        4.3543344482883537        1.0000000002650091
        4.3936230214456549       -1.0000000001915614
        4.4112611591835096       -0.9519000050917686
        4.3869117709078926       -0.8716271781611349
        4.3470894332672811       -0.4521429838072373
        4.4421337802738918       -0.1655818752480737
        4.4234634708325000        0.2844974389690275
        4.4469667987783987        0.5322612002055465
        4.4493113880496917        0.6699262713346932
        4.4586361358785398        0.7683927208700726
        4.4048400298990851        0.8475317895903078
        4.4014404959442031        0.9312764911353223
        4.4002126764862339        1.0000000000411988
        4.4461000413009053       -1.0000000001683182
        4.4836346236322715       -0.9563353709892485
        4.4242275079411719       -0.7804526059882240
        4.3765676845623895       -0.6913885347477239
        4.4418824146342972       -0.5666114169340936
        4.4754889709818775       -0.3213909884906424
        4.4844577567809214        0.0024023770662357
        4.3684935837601202        0.1267784462467571
        4.5580437266044855        0.2647230258347706
        4.4490747153979768        0.9580424104641668
        4.4477152982757273        1.0000000002977674
        4.4995191265493277       -1.0000000002440113
        4.4471557798990968       -0.9167728800984950
        4.4584799960328123       -0.8510833666491804
        4.5447781683333295       -0.4426169893349614
        4.5816311218842811       -0.0972572866789293
        4.5169236118075844        0.4037728505719079
        4.5492457409179670        0.6380427465457004
        4.5502954726926328        0.7443407947206090
        4.4918322110377771        0.8373161948541824
        4.4657518583477502        0.8993605606361769
        4.5082278304535652        0.9506023967389070
        4.4960329247673743        1.0000000002303104
        4.5461831273425037       -1.0000000001994998
        4.5427498871878749       -0.9486251414827982
        4.5151673019931824       -0.8904052705176959
        4.5176031780413402       -0.7946666093016373
        4.4884931361529343       -0.6907917868717817
        4.5913921721522195       -0.2148051548429185
        4.5407033385001538        0.1361580456067530
        4.6450952771269778        0.4275037977667305
        4.5666726085810669        0.8290038091169906
        4.5684537490509713        0.9534703390141239
        4.5453945906408473        1.0000000002260132
        4.5915557721789515       -1.0000000002036979
        4.5968934192382456       -0.9493670010798406
        4.5735795016759031       -0.8749853296843432
        4.5947790297825772       -0.7963545690685321
        4.5923069775905478       -0.7050140547663335
        4.5658723715202179       -0.5827131202358915
        4.6305400265721106        0.0124614074003621
        4.6675317845711968        0.2206623802444025
        4.6637353262931383        0.3361550219552520
        4.5984129893621430        0.5316730214417372
        4.6943411225450200        0.5993956357900755
        4.6238931394205638        0.8793007077268975
        4.5465550696969252        0.8989665074338484
        4.6197700077264336        0.9430313077987394
        4.5978975800866548        1.0000000002139682
        4.6385312144203033       -1.0000000002911160
        4.6566782084243519       -0.9625811608925853
        4.6327416430650139       -0.9002917935698334
        4.6581667864506073       -0.8369486922739945
        4.6689053958312128       -0.5160304963635691
        4.7238809424320642        0.4905137690485749
        4.6507225032807087        0.6936421860743334
        4.6737111763998724        0.9593108277222754
        4.6465155377746772        1.0000000002421296
        4.6944727615306370       -1.0000000002566598
        4.7246104979457293       -0.9573071549582610
        4.6903475297491619       -0.9200816768745340
        4.7178706296553656       -0.8717302892024095
        4.6885293788468561       -0.7544579309033779
        4.6808010532317548       -0.6353677687482161
        4.6907081973278570       -0.4157294278915660
        4.6281141654785118       -0.3271147320937239
        4.7118331090287358       -0.2253600484177775
        4.6997298308191748       -0.1139913301210149
        4.7330359294801445       -0.0069074809086803
        4.6748476015544957        0.1119571404878125
        4.7595976360111276        0.3006164562678330
        4.7691168510532229        0.4008236689751345
        4.7860575961017586        0.5619822936762401
        4.7347486568575485        0.7515462901211531
        4.6414057274818621        0.7923123369777013
        4.7061149857115208        0.8389455940256418
        4.6858806125300676        0.9055182045010358
        4.7341715751537583        0.9543649340089362
        4.7025790703640320        1.0000000002829750
        4.7493103811997104       -1.0000000003218934
        4.7829915100433196       -0.9611324601381505
        4.7540335110974512       -0.8175136780228376
        4.7663438669015479       -0.6866147329541464
        4.7624771657885834       -0.5803479538837889
        4.7760713316168815       -0.4838160076219185
        4.7724836107763746        0.0914335759796571
        4.7614721278684167        0.1947489642897847
        4.7916006615088431        0.8281198748922495
        4.7570568573475187        0.8978777409546931
        4.7557766168737112        1.0000000002330414
        4.8052415248323781       -1.0000000002744815
        4.8337835423172590       -0.9420769016679785
        4.7692106860614576       -0.9082905539273788
        4.8178466938386979       -0.8697000160946875
        4.8047393042047393       -0.7633529384539385
        4.8403617119871418       -0.5435736969789307
        4.9022986938144495       -0.5141660565269291
        4.8015525577582636       -0.3982191896712932
        4.8525879931527491       -0.3280489266115291
        4.7502263712469288       -0.3218189049596256
        4.8144633716923240       -0.2514764981291662
        4.7979020223759532       -0.1649192640770439
        4.8036742774994847       -0.0788286495887450
        4.8236183049870007        0.0103213721677078
        4.8586641433060969        0.0913778393314416
        4.8363928406702232        0.1713424938300811
        4.8339822090964866        0.2619731184626683
        4.8699340115090308        0.4175007282713609
        4.8230738533264779        0.4838106307186014
        4.7760631058010512        0.6673379768475575
        4.8289136486814161        0.7515887653776081
        4.8282690863881026        0.8927686895753419
        4.7957966963415162        0.9521410086800235
        4.8558911245461909        0.9521215319705579
        4.8051744055986214        1.0000000002231477
        4.8525096065360902       -1.0000000001815903
        4.8884635388023332       -0.9542974627765776
        4.8850712872437079       -0.8937633309448061
        4.8598043530362824       -0.8076691628362676
        4.9022686681266281       -0.7552345799408591
        4.8569179904703601       -0.7109346389298177
        4.9063043927652732       -0.6701076602796083
        4.8350572254825028       -0.6332778999803524
        4.8960497914488741       -0.5941431734378713
        4.8640151457868637       -0.4571167021539669
        4.8809319641341435       -0.1952692927995147
        4.8801946115443657       -0.1233082905926983
        4.9031936922266874        0.1556219965960571
        4.8967952950848614        0.2309775781344262
        4.8446984389916539        0.3503602326410603
        4.9009622107201753        0.4811142527769366
        4.8414684619803969        0.6096099866949466
        4.8687020317750633        0.6859766902199754
        4.8803028174603895        0.8238167055098399
        4.8960318064537489        0.8949644081192244
        4.8511555030706379        1.0000000002330238
        4.9034489538811048       -1.0000000002777425
        4.9455137552760577       -0.9562520796756065
        4.9571812704575704       -0.8568475608659900
        4.9120351481100117       -0.8352858474376562
        4.9514411624553656       -0.7291046696832053
        4.9588604760446966       -0.6748562558942447
        4.9568885356122792       -0.4977201919752093
        4.8911907171280760       -0.3892348289080282
        4.9361322446616471       -0.3295516171577405
        4.8955068874379339       -0.2675193864889969
        4.9466865184886224       -0.2136774852713328
        4.9458684181792227       -0.0895587686995489
        4.8841187233494487       -0.0498956727538403
        4.8965138965898847        0.0241693931453696
        4.9330775101640905        0.0876570081844684
        4.9518296199069862        0.2017117335960762
        4.9517728679606430        0.2670352593775491
        4.9006062359411100        0.3097570298097351
        4.9521119740348221        0.5119239968662297
        4.8837630268763483        0.5478524311502868
        4.9072231873436332        0.6259560803102361
        4.9414690885635970        0.6961704605513354
        4.9024125164561880        0.7549054533532085
        4.9490888486494802        0.8684133733405052
        4.9143981437797457        0.9575446202991870
        4.8994391534464174        1.0000000002754341
        4.9530164009377087       -1.0000000002815590
        4.9999999992131476       -0.9569673229375912
        4.9477239386003751       -0.9071174406162578
        4.9999999988154702       -0.8697989896039927
        4.9534970545389259       -0.7919130075703956
        4.9999999991438457       -0.7727810597113058
        4.9999999987952188       -0.6832416667152350
        4.9520832932156118       -0.6172288366307995
        4.9502802598801328       -0.5577889856162382
        4.9999999990477191       -0.5323762499321647
        4.9393654901353576       -0.4451824598670385
        4.9999999995677316       -0.4340523987135728
        4.9547778015893043       -0.3868691075882471
        4.9999999996676081       -0.3410261616889385
        4.9560395346111203       -0.2732612097925548
        4.9999999994508304       -0.1916062229016430
        4.9458313476413327       -0.1528344899184657
        4.9999999993814779       -0.1010538713475395
        4.9475672491358775       -0.0265604469795373
        4.9999999992326698       -0.0072522108938578
        4.9559645498594884        0.0351539861522324
        4.9999999998283702        0.0845073604185144
        4.9577026178362633        0.1375097367589456
        4.9999999991015125        0.1766560705392956
        4.9999999990720001        0.2706658798171089
        4.9562547165782469        0.3306845726557636
        4.9326320393623968        0.3819156104908824
        4.9999999996335962        0.4118523188006343
        4.9485327569333357        0.4413387192082816
        4.9999999990772395        0.5055703517432069
        4.9476564585605525        0.5745508396898961
        4.9999999992732196        0.6000958602744163
        4.9579271576541606        0.6407094132674312
        4.9999999994985567        0.6938686882721861
        4.9593000277781840        0.7549987442444889
        4.9466083147477233        0.8126436720705742
        4.9999999992298028        0.8448474375421786
        4.9591923958644912        0.9304397577125810
        4.9999999991105950        0.9539554416419340
        4.9528420201212722        1.0000000000939684
        5.0031090650351588       -1.0000000004131948
        4.9999999992525295       -0.9141343623550510
        4.9999999990721484       -0.8213142026193516
        4.9999999990788861       -0.7283263970307778
        4.9999999989355999       -0.6330467087288667
        4.9999999991371391       -0.5829583185250264
        4.9999999991079456       -0.4795810403245975
        4.9999999989409822       -0.3879450580962215
        4.9999999992271187       -0.2952639383271038
        4.9999999991436770       -0.2414265322844299
        4.9999999993466657       -0.1450857746147368
        4.9999999994631024       -0.0548246262121165
        4.9999999989097441        0.0398959233868306
        4.9999999988901207        0.1281324774371130
        4.9999999992487068        0.2252745001648062
        4.9999999990677368        0.3150825411239402
        4.9999999995616484        0.3667799742116517
        4.9999999994181623        0.4611370346617730
        4.9999999993106909        0.5523879883028608
        4.9999999988718198        0.6490859274594979
        4.9999999989603729        0.7396218049978387
        4.9999999990989492        0.7940603530799806
        4.9999999990681498        0.8971794156132776
        5.0030761179595080        1.0000000003491247
