            35            71            52
           887           889           888
           887           886           885
           406           405           413
           413           405           404
            14             7             6
            15            16             7
             7            14            15
             8            16            29
            16            15            29
            13            14             6
           461           452           460
           469           461           460
           484           485           476
           868           882           883
           877           888           878
           878           888           889
           880           879           891
           872           858           871
           871           858           857
           864           879           865
           877           878           864
           864           878           879
           877           864           863
           833           813           812
           833           834           813
           437           428           436
           388           380           387
           387           380           379
           398           405           406
           427           428           420
           404           405           396
           412           413           404
           203           225           247
           430           437           438
           452           461           453
           454           446           453
           453           461           454
           406           413           414
           421           412           420
           413           412           421
           421           414           413
           422           414           421
           348           360           349
           349           350           336
           349           360           350
           252           251           272
           230           251           252
            30            29            46
            46            47            30
            63            47            46
            46            45            63
            83            64            63
            63            64            47
            62            63            45
            62            82            83
            83            63            62
            27            15            14
            14            13            27
            33            50            34
            49            50            32
            32            33            19
            50            33            32
           468           469           460
           460           467           468
           454           461           462
           461           469           462
           462           469           470
           493           484           492
           485           484           493
           470           469           477
           477           478           470
           485           478           477
           469           468           477
           476           485           477
           477           468           476
           458           467           459
           459           450           458
           451           450           459
           459           452           451
           460           452           459
           459           467           460
           458           450           457
           624           604           603
           546           564           547
           564           546           563
           623           624           602
           602           624           603
           721           743           744
           544           557           545
           608           588           607
           534           532           542
           534           533           532
           682           704           705
           704           682           681
           681           682           659
           545           557           558
           576           577           560
           576           558           575
           636           638           616
           560           577           595
           577           594           595
           595           594           596
           634           612           633
           596           594           615
           636           616           615
           615           616           596
           615           614           636
           594           614           615
           891           879           890
           879           878           890
           890           878           889
           892           880           891
           868           851           867
           866           849           865
           865           879           866
           879           880           866
           866           867           849
           745           721           744
           722           721           745
           791           790           812
           791           770           769
           811           790           810
           810           831           811
           811           831           832
           812           790           811
           811           833           812
           832           833           811
           769           746           768
           768           791           769
           790           791           768
           705           704           728
           809           831           810
           830           831           809
           809           829           830
           808           829           809
           813           834           835
           836           815           835
           854           836           835
           835           834           854
           884           885           874
           874           885           886
           877           863           862
           862           863           845
           871           857           856
           841           859           842
           841           857           858
           858           859           841
           782           803           804
           803           824           825
           825           804           803
           843           824           842
           842           859           843
           843           859           860
           834           833           852
           832           851           852
           852           833           832
           812           813           792
           792           791           812
           770           791           792
           378           387           379
           362           371           363
           379           380           372
           372           371           379
           363           371           372
           350           360           361
           361           362           350
           371           362           361
           397           398           390
           405           398           397
           388           396           397
           397           396           405
           436           428           435
           428           427           435
           411           412           404
           388           387           395
           395           396           388
           269           247           246
           283           284           262
           305           284           283
           452           453           444
           451           452           444
           445           453           446
           446           438           445
           445           438           437
           445           444           453
           445           437           436
           436           444           445
           428           437           429
           420           428           429
           429           421           420
           429           437           430
           430           422           429
           422           421           429
           232           233           210
           210           233           211
           255           233           232
           233           255           234
            92            71            91
            72            52            71
            71            92            72
            72            92            93
            35            52            53
            53            36            35
           229           251           230
           229           208           207
           230           208           229
           229           228           251
           348           349           334
           334           347           348
           317           318           298
           277           297           298
           335           318           317
           317           334           335
           335           334           349
           335           349           336
           358             1           348
           348           347           358
           358           347           332
           317           298           316
           316           298           297
           273           252           272
            17            18             8
             8            29            17
            29            30            17
            47            64            65
            64            85            65
            66            49            65
            65            85            66
           167           145           166
            12            13             6
             6             5            12
            28            27            44
            28            45            46
            44            45            28
            46            29            28
            28            29            15
            15            27            28
            48            30            47
            49            32            48
            47            65            48
            48            65            49
            51            69            34
            34            50            51
            90           110           112
            69            51            68
             9            21            22
           486           493           494
           486           478           485
           485           493           486
           483           484           476
           466           467           458
           473           474           466
           448           447           455
           463           471           464
           481           474           473
           490           497           498
           498           499           490
           507           499           498
           532           533           524
           524           531           532
           571           589           572
           572           554           571
           571           588           589
           346           358           332
             1           358           346
             1           367           359
           348             1           359
           359           360           348
           181           182           180
           205           182           181
           368           367           375
           375           376           368
           368           359           367
           368           376           377
           532           531           540
           553           540           539
           561           597           578
           311           292           291
           291           292           271
           204           181           180
           227           205           204
           205           181           204
           582           602           603
           601           602           582
           487           480           479
           487           495           488
           488           480           487
           579           578           599
           561           578           579
           562           563           546
           561           579           562
           562           579           563
           620           600           599
           620           619           642
           743           721           720
           744           743           765
           765           766           744
           786           764           785
           785           806           786
           784           806           785
           739           761           740
           731           730           753
           591           575           574
           557           556           574
           574           558           557
           575           558           574
           572           556           555
           555           554           572
           557           544           543
           543           556           557
           542           555           543
           543           555           556
           607           606           628
           628           608           607
           650           629           628
           628           629           608
           586           606           607
           653           676           654
           592           575           591
           654           633           632
           632           633           612
           573           556           572
           572           589           573
           589           590           573
           573           590           591
           591           574           573
           573           574           556
           652           653           631
           631           653           654
           654           632           631
           652           631           630
           630           629           652
           608           629           630
           533           534           526
           525           526           518
           533           526           525
           525           524           533
           516           524           525
           492           499           500
           500           499           507
           501           493           492
           492           500           501
           501           500           509
           494           493           501
           501           502           494
           501           509           502
           502           509           510
           659           682           660
           545           558           559
           558           576           559
           559           576           560
           634           633           656
           678           657           656
           677           678           655
           655           633           654
           678           656           655
           655           656           633
           655           676           677
           654           676           655
           637           638           636
           637           660           638
           659           660           637
           679           657           678
           658           637           636
           659           637           658
           635           614           634
           634           656           635
           635           656           657
           657           658           635
           636           614           635
           635           658           636
           850           867           851
           850           831           830
           830           849           850
           849           867           850
           850           851           832
           832           831           850
           867           866           881
           868           867           881
           880           892           881
           881           866           880
           881           882           868
           881           892           882
           847           864           865
           847           863           864
           722           745           723
           723           745           746
           700           678           677
           700           679           678
           747           746           769
           747           723           746
           724           723           747
           767           768           746
           746           745           767
           744           766           767
           767           745           744
           751           773           729
           705           728           729
           729           728           751
           788           809           810
           808           809           788
           873           874           860
           860           859           873
           873           859           858
           884           874           873
           873           872           884
           858           872           873
           877           862           876
           876           888           877
           876           886           887
           887           888           876
           860           874           875
           875           876           862
           875           874           886
           886           876           875
           855           856           839
           839           856           857
           778           777           798
           778           798           799
           842           824           823
           823           824           803
           822           841           842
           842           823           822
           822           823           801
           807           829           808
           807           808           786
           786           806           807
           806           827           807
           782           804           783
           783           804           784
           738           739           715
           761           739           738
           805           806           784
           784           804           805
           805           827           806
           826           827           805
           805           825           826
           804           825           805
           824           843           844
           844           845           826
           826           825           844
           844           825           824
           861           862           845
           845           844           861
           861           844           843
           861           843           860
           860           875           861
           861           875           862
           869           852           851
           869           883           870
           868           883           869
           869           851           868
           834           852           853
           870           854           853
           854           834           853
           853           869           870
           852           869           853
           770           792           793
           794           772           793
           814           835           815
           794           793           814
           814           793           792
           813           835           814
           814           792           813
           814           815           816
           816           794           814
           773           772           795
           795           794           816
           795           772           794
           385           378           377
           377           376           385
           384           393           385
           385           376           384
           336           350           351
           350           362           351
           363           372           373
           369           361           360
           369           368           377
           360           359           369
           359           368           369
           379           371           370
           371           361           370
           370           378           379
           377           378           370
           370           369           377
           361           369           370
           420           412           419
           412           411           419
           419           427           420
           418           427           419
           419           410           418
           419           411           410
           387           378           386
           386           395           387
           394           395           386
           386           393           394
           386           385           393
           378           385           386
           396           395           403
           404           396           403
           403           411           404
           403           395           394
           224           247           225
           224           246           247
           436           435           443
           443           444           436
           451           444           443
           435           434           443
           232           210           231
           231           208           230
           277           298           299
           299           298           318
           254           255           232
           256           234           255
           166           165           190
           190           167           166
           165           189           190
           190           189           213
            52            72            73
            73            53            52
            20            36            37
            36            53            37
           206           229           207
           228           229           206
           206           205           227
           227           228           206
           249           228           227
           296           316           297
           295           273           294
            66            85            86
            86            87            66
           108            87            86
            30            48            31
            18            17            31
            31            17            30
            31            48            32
            19            18            31
            31            32            19
            67            51            50
            66            87            67
            87            68            67
            67            68            51
            67            49            66
            67            50            49
           156           134           133
           112           110           111
           110           132           111
           132           133           111
           111           134           112
           111           133           134
           109           132           110
            89            90            70
           110            90            89
            70            69            89
            69            68            89
             9            22            23
            38            21            20
            38            22            21
            20            37            38
            39            22            38
            76            56            75
           476           468           475
           475           483           476
           475           468           467
           467           466           475
           474           483           475
           475           466           474
           492           484           491
           484           483           491
           491           499           492
           490           499           491
           439           447           440
           447           448           440
           440           432           439
           465           464           473
           458           457           465
           465           466           458
           473           466           465
           457           448           456
           456           465           457
           464           465           456
           463           464           456
           455           463           456
           456           448           455
           473           464           472
           472           481           473
           480           481           472
           479           480           472
           472           471           479
           472           464           471
           474           481           482
           482           483           474
           490           491           482
           482           491           483
           489           480           488
           489           481           480
           488           497           489
           489           482           481
           489           497           490
           490           482           489
           504           503           511
           554           553           570
           570           571           554
           439           432           431
           424           431           432
           423           431           424
           329           330           313
           313           330           331
           345           346           332
           332           331           345
           345           331           330
           402           409           410
           410           411           402
           402           403           394
           411           403           402
           646           624           623
           542           532           541
           532           540           541
           541           555           542
           554           555           541
           541           553           554
           541           540           553
           599           578           598
           598           578           597
           598           620           599
           619           620           598
           618           597           617
           618           598           597
           619           598           618
           270           291           271
           248           291           270
           270           249           248
           227           204           226
           226           249           227
           248           249           226
           552           568           569
           553           539           552
           552           570           553
           569           570           552
           583           582           603
           566           565           583
           583           565           582
           563           579           580
           580           600           601
           599           600           580
           580           579           599
           549           565           566
           649           672           650
           694           718           695
           695           673           694
           694           673           672
           693           718           694
           697           721           722
           697           720           721
           787           765           764
           786           808           787
           787           764           786
           808           788           787
           766           765           787
           787           788           766
           763           785           764
           763           741           740
           740           761           762
           762           763           740
           785           763           762
           761           783           762
           784           785           762
           762           783           784
           774           817           796
           796           817           797
           711           687           710
           662           639           661
           644           643           666
           600           620           621
           621           643           644
           621           620           642
           642           643           621
           717           739           740
           740           741           717
           717           718           693
           717           741           718
           752           753           730
           754           777           755
           707           730           731
           707           706           730
           708           707           731
           706           707           708
           756           777           778
           755           777           756
             3           543           544
             3           526           534
             3           534           542
           542           543             3
           603           604           584
           584           583           603
           605           584           604
           604           626           605
           606           586           605
           605           626           606
           613           612           634
           613           592           612
           634           614           613
           613           614           594
           591           590           611
           611           592           591
           612           592           611
           611           632           612
           610           631           632
           610           611           590
           632           611           610
           610           630           631
           509           500           508
           515           516           508
           508           507           515
           508           500           507
           517           510           509
           509           508           517
           517           525           518
           518           510           517
           516           525           517
           517           508           516
           680           681           659
           659           658           680
           702           681           680
           680           658           657
           680           679           702
           657           679           680
           848           849           830
           830           829           848
           865           849           848
           848           847           865
           699           723           724
           699           700           677
           724           700           699
           722           723           699
           701           700           724
           702           679           701
           679           700           701
           769           770           748
           748           747           769
           768           767           789
           810           790           789
           790           768           789
           789           788           810
           789           767           766
           766           788           789
           820           839           840
           841           822           840
           857           841           840
           840           839           857
           820           799           819
           819           798           797
           819           799           798
           838           839           820
           820           819           838
           855           839           838
           838           837           855
           801           780           800
           778           799           800
           758           757           779
           779           780           758
           779           756           778
           757           756           779
           778           800           779
           779           800           780
           802           803           782
           802           780           801
           802           823           803
           801           823           802
           821           822           801
           801           800           821
           820           840           821
           821           840           822
           821           799           820
           821           800           799
           760           783           761
           761           738           760
           738           759           760
           782           783           760
           389           380           388
           388           397           389
           389           397           390
           390           382           389
           381           382           374
           374           373           381
           381           389           382
           380           389           381
           381           372           380
           381           373           372
           426           434           435
           426           427           418
           426           435           427
           245           222           244
           246           224           245
           309           310           289
           289           288           309
           305           283           304
           183           182           205
           183           206           207
           205           206           183
           208           231           209
           209           231           210
           142           121           120
            94            72            93
            93           116            94
            94            73            72
           114            92            91
            93            92           114
           300           299           318
           279           299           300
           321           320           337
           336           351           337
           279           300           301
           301           300           320
           295           296           275
           275           296           297
           276           297           277
           255           254           276
           276           275           297
           254           275           276
           277           256           276
           276           256           255
           230           252           253
           253           231           230
           232           231           253
           253           254           232
           234           256           257
           212           189           211
           211           233           212
           233           234           212
           213           189           212
           167           190           191
           191           192           167
           191           213           214
           191           190           213
           166           145           144
            53            73            54
            54            37            53
           317           316           333
           333           334           317
           347           334           333
           314           294           313
           313           331           314
           314           296           295
           295           294           314
           271           292           293
           293           294           273
           272           271           293
           293           273           272
           106            86            85
           106           105           128
           156           133           155
            88            68            87
            88            89            68
            88            87           108
           108           109            88
            88           109           110
           110            89            88
           240           261           262
           244           222           243
           237           259           238
           238           216           237
           193           216           217
           169           192           193
             9            23            10
            59            60            43
            26            43            44
            44            27            26
            26            27            13
            11            12             5
             5            10            11
            11            10            23
            58            59            41
            40            22            39
            40            23            22
           120           121            99
            56            76            77
            77            78            58
            81            60            80
            82            62            81
            61            62            45
            43            60            61
            61            81            62
            60            81            61
            61            45            44
            44            43            61
            58            78            79
            79            59            58
            60            59            79
            80            60            79
           432           440           441
           511           519           512
           512           504           511
           505           498           497
           496           497           488
           503           504           496
           496           505           497
           504           505           496
           488           495           496
           495           503           496
           538           539           530
           530           540           531
           530           539           540
           531           524           523
           523           516           515
           523           524           516
           588           571           587
           571           570           587
           607           588           587
           587           586           607
           569           586           587
           587           570           569
           407           415           408
           383           391           384
           383           376           375
           384           376           383
           647           646           668
           625           646           647
           625           626           604
           604           624           625
           624           646           625
           250           270           271
           249           270           250
           272           251           250
           250           271           272
           251           228           250
           228           249           250
           582           565           581
           601           582           581
           581           580           601
           563           580           581
           564           563           581
           581           565           564
           538           528           537
           536           549           537
             2           528           527
             2           535           536
           536           537             2
             2           537           528
           529           528           538
           538           530           529
           550           549           566
           550           537           549
           564           565           548
           565           549           548
           547           564           548
           548           535           547
           548           549           536
           536           535           548
           648           670           649
           647           670           648
           648           625           647
           626           625           648
           671           692           693
           672           649           671
           671           670           692
           649           670           671
           693           694           671
           671           694           672
           650           628           627
           627           649           650
           627           628           606
           627           648           649
           606           626           627
           626           648           627
           652           629           651
           672           673           651
           650           672           651
           651           629           650
           695           720           696
           696           673           695
           720           697           696
           764           765           742
           742           763           764
           741           763           742
           742           765           743
           698           697           722
           722           699           698
           677           676           698
           698           699           677
           709           710           685
           709           708           731
           685           708           709
           662           663           641
           642           619           641
           664           643           642
           642           641           664
           664           641           663
           685           710           686
           686           663           685
           686           664           663
           686           710           687
           665           666           643
           643           664           665
           665           686           687
           664           686           665
           644           666           645
           623           644           645
           645           646           623
           645           666           667
           667           668           645
           645           668           646
           601           600           622
           600           621           622
           622           602           601
           622           621           644
           623           602           622
           622           644           623
           739           717           716
           715           739           716
           693           692           716
           716           717           693
           774           796           775
           775           754           753
           775           752           774
           753           752           775
           661           706           683
           706           708           683
           684           708           685
           685           663           684
           684           663           662
           684           683           708
           684           662           661
           661           683           684
           734           756           757
           734           735           711
           757           735           734
           755           756           734
           713           689           712
           712           735           713
           712           687           711
           711           735           712
           566           583           567
           583           584           567
           567           550           566
           568           550           567
           592           613           593
           577           576           593
           593           594           577
           593           613           594
           593           576           575
           575           592           593
           630           610           609
           589           588           609
           609           590           589
           609           610           590
           588           608           609
           608           630           609
           847           848           828
           828           848           829
           829           807           828
           828           807           827
           747           748           725
           724           747           725
           725           701           724
           770           793           771
           771           748           770
           771           793           772
           817           837           818
           797           817           818
           818           819           797
           837           838           818
           818           838           819
           758           759           736
           713           735           736
           736           757           758
           736           735           757
           737           759           738
           737           738           715
           713           736           737
           737           736           759
           781           759           758
           758           780           781
           782           760           781
           781           760           759
           781           802           782
           780           802           781
           321           337           338
           338           337           351
           339           353           340
           339           322           321
           321           338           339
           339           338           353
           365           373           374
           363           373           365
           222           245           223
           223           245           224
           267           266           288
           246           245           267
           244           266           267
           267           245           244
           288           289           290
           309           288           287
           288           266           287
           327           343           344
           344           328           327
           340           341           323
           323           339           340
           323           304           322
           322           339           323
           208           209           185
           207           208           185
            96            76            75
           118            97            96
            96            97            76
           115           116            93
            93           114           115
           115           114           136
           113           135           136
           113           114            91
           136           114           113
           136           135           158
           139           160           161
           184           183           207
           207           185           184
           161           160           184
           184           185           161
           319           300           318
           319           335           336
           318           335           319
           336           337           319
           320           300           319
           319           337           320
           274           275           254
           254           253           274
           274           253           252
           295           275           274
           274           273           295
           252           273           274
           257           258           236
           236           258           259
           236           237           214
           259           237           236
           278           257           256
           277           299           278
           278           256           277
           278           299           279
           279           258           278
           278           258           257
           213           212           235
           257           236           235
           234           257           235
           235           212           234
           214           213           235
           235           236           214
           121           142           143
           143           144           121
           143           165           166
           166           144           143
            73            94            74
            74            54            73
            75            54            74
            74            96            75
            37            54            55
            39            38            55
            55            38            37
            55            56            39
            75            56            55
            55            54            75
           315           314           331
           315           331           332
           296           314           315
           332           347           315
           347           333           315
           316           296           315
           315           333           316
           294           293           312
           313           294           312
           312           292           311
           312           293           292
           311           329           312
           312           329           313
            83            82           104
            82           103           104
           126           104           103
           105           104           126
           107           106           128
            86           106           107
           108            86           107
           178           179           156
           156           155           178
           154           133           132
           154           155           133
           220           197           219
           261           240           239
           238           261           239
           239           216           238
           217           216           239
           284           264           263
           262           284           263
           263           240           262
           286           287           266
           307           287           286
           242           243           220
           242           263           264
           215           193           192
           192           191           215
           215           237           216
           216           193           215
           215           191           214
           214           237           215
           168           192           169
           167           192           168
           145           167           168
           168           146           145
            13            12            25
            12            11            25
            25            26            13
            41            40            57
            58            41            57
            39            56            57
            57            40            39
            57            77            58
            56            77            57
            78            99           100
            80            79           100
           100            79            78
            76            97            98
            78            77            98
            98            77            76
            98            97           120
           120            99            98
            98            99            78
           433           424           432
           432           441           433
           434           426           433
           433           441           434
           434           441           442
           442           450           451
           451           443           442
           442           443           434
           520           519           527
           520           512           519
           527           528           520
           528           529           520
           521           512           520
           520           529           521
           498           505           506
           515           507           506
           507           498           506
           504           512           513
           513           505           504
           513           512           521
           513           506           505
           521           529           522
           522           529           530
           522           530           531
           531           523           522
           409           408           417
           418           410           417
           410           409           417
           392           393           384
           384           391           392
           391           399           392
           714           737           715
           714           689           713
           713           737           714
           538           537           551
           537           550           551
           551           550           568
           568           552           551
           551           539           538
           551           552           539
           674           653           652
           652           651           674
           674           651           673
           673           696           674
           719           742           743
           743           720           719
           719           720           695
           695           718           719
           718           741           719
           741           742           719
           697           698           675
           653           674           675
           676           653           675
           675           698           676
           675           696           697
           675           674           696
           710           709           733
           711           710           733
           733           734           711
           755           734           733
           732           709           731
           731           753           732
           753           754           732
           732           733           709
           732           754           755
           755           733           732
           662           641           640
           617           639           640
           639           662           640
           640           641           619
           640           618           617
           619           618           640
           776           796           797
           776           775           796
           797           798           776
           776           798           777
           777           754           776
           754           775           776
           688           689           667
           688           712           689
           667           666           688
           687           712           688
           688           665           687
           666           665           688
           584           605           585
           585           567           584
           568           567           585
           569           568           585
           585           586           569
           585           605           586
           847           828           846
           826           845           846
           846           827           826
           846           828           827
           845           863           846
           863           847           846
           703           681           702
           704           681           703
           703           728           704
           749           725           748
           748           771           749
           352           351           362
           352           338           351
           352           362           363
           353           338           352
           355           341           340
           268           267           288
           288           290           268
           246           267           268
           269           246           268
           268           290           269
           308           287           307
           309           287           308
           308           327           328
           308           310           309
           308           328           310
           307           306           326
           326           308           307
           327           308           326
           343           327           326
           325           343           326
           326           306           325
           324           341           325
           324           323           341
           324           306           305
           325           306           324
           305           304           324
           304           323           324
           161           185           186
           186           185           209
           211           189           188
           188           189           165
            95           116           117
            95            94           116
           117           118            95
           118            96            95
            95            74            94
            96            74            95
           116           115           138
           117           116           138
           138           139           117
           160           139           138
           157           135           180
           157           158           135
           180           182           157
           182           158           157
           160           138           137
           137           138           115
           137           115           136
           136           158           137
           301           281           280
           259           258           280
           279           301           280
           280           258           279
           238           259           260
           260           261           238
           259           280           260
           260           280           281
           282           283           262
           262           261           282
           261           260           282
           282           260           281
           321           322           302
           302           281           301
           302           320           321
           302           301           320
            84            64            83
            83           104            84
            84           104           105
            84            85            64
            84           106            85
           105           106            84
           105           126           127
           128           105           127
           125           126           103
           103           124           125
           125           124           146
           130           109           108
           108           107           130
           179           178           202
           203           179           202
           202           225           203
           153           154           131
           109           130           131
           132           109           131
           131           154           132
           217           239           218
           218           239           240
           217           218           195
           195           218           219
           196           197           173
           196           219           197
           173           172           196
           196           195           219
           240           263           241
           241           218           240
           219           218           241
           220           219           241
           241           242           220
           263           242           241
           285           286           264
           305           306           285
           285           306           307
           307           286           285
           285           284           305
           285           264           284
           264           286           265
           265           242           264
           243           242           265
           244           243           265
           265           266           244
           265           286           266
            82            81           102
           102            81            80
           102           103            82
           102           124           103
            24            25            11
            24            40            41
            24            11            23
            23            40            24
           123           144           145
           145           146           123
           146           124           123
           122            99           121
           122           100            99
           121           144           122
           144           123           122
           449           457           450
           450           442           449
           449           442           441
           449           440           448
           449           448           457
           449           441           440
           506           513           514
           514           522           523
           514           513           521
           521           522           514
           514           523           515
           515           506           514
           416           417           408
           416           408           415
           416           415           423
           423           424           416
           393           392           401
           409           402           401
           394           393           401
           401           402           394
           400           408           409
           409           401           400
           400           401           392
           400           392           399
           407           408           400
           400           399           407
           647           668           669
           669           670           647
           692           670           669
           689           714           690
           667           689           690
           690           668           667
           690           669           668
           750           749           771
           750           771           772
           750           773           751
           750           772           773
           725           749           726
           701           725           726
           702           701           726
           726           703           702
           363           365           364
           364           352           363
           353           352           364
           356           355           366
           177           178           155
           177           202           178
           221           243           222
           221           197           220
           220           243           221
           162           139           161
           161           186           162
           162           186           163
           163           141           162
           163           186           187
           187           210           211
           187           209           210
           187           186           209
           211           188           187
           187           188           163
           163           188           164
           142           141           164
           164           141           163
           164           143           142
           165           143           164
           164           188           165
           119           142           120
           119           141           142
           120            97           119
           119            97           118
           160           137           159
           183           184           159
           159           184           160
           159           137           158
           182           183           159
           159           158           182
           283           282           303
           303           304           283
           322           304           303
           303           302           322
           303           282           281
           281           302           303
           148           127           126
           126           125           148
           148           170           149
           149           127           148
           153           131           152
           152           131           130
           201           200           223
           201           223           224
           201           177           200
           202           177           201
           201           224           225
           225           202           201
           217           195           194
           194           193           217
           169           193           194
           194           170           169
           171           172           149
           149           170           171
           171           196           172
           195           196           171
           170           194           171
           171           194           195
            26            25            42
            25            24            42
            42            24            41
            43            26            42
            42            59            43
            42            41            59
           100           122           101
            80           100           101
           101           102            80
           124           102           101
           101           123           124
           101           122           123
           417           416           425
           425           433           426
           424           433           425
           425           416           424
           425           426           418
           418           417           425
           691           714           715
           692           669           691
           691           690           714
           669           690           691
           715           716           691
           691           716           692
           749           750           727
           727           726           749
           751           728           727
           727           750           751
           728           703           727
           703           726           727
           354           355           340
           340           353           354
           353           364           354
           366           355           354
           355           356           342
           342           343           325
           325           341           342
           341           355           342
           344           343           357
           343           342           357
           357           342           356
           200           177           176
           176           175           200
           153           175           176
           176           154           153
           155           154           176
           176           177           155
           200           175           199
           223           200           199
           222           223           199
           199           221           222
           197           221           198
           173           197           198
           198           199           175
           221           199           198
           139           162           140
           140           118           117
           117           139           140
           140           119           118
           140           162           141
           141           119           140
           147           148           125
           147           168           169
           169           170           147
           170           148           147
           146           168           147
           147           125           146
           128           127           150
           149           172           150
           150           127           149
           129           130           107
           129           152           130
           129           107           128
           128           150           129
           366           354             4
             4           365           374
             4           364           365
             4           354           364
           174           198           175
           174           175           153
           153           152           174
           173           198           174
           151           129           150
           151           172           173
           151           150           172
           173           174           151
           152           129           151
           151           174           152
