        0.5000000000000000        1.0000000000000000
        0.0000000000000000        0.7500000000000000
        0.9500000000000000        0.0000000000000000
        0.0206728953630798        0.7336792930164706
        0.0218481696871787        0.7609240848954880
        0.0418376767052491        0.7169702551261926
        0.0433675793986285        0.7436350457805185
        0.0432932717088147        0.7716466359544619
        0.0634799795946097        0.6998842265772425
        0.0652009467013312        0.7256690603036459
        0.0644166414146494        0.7543430209195219
        0.0853234743568961        0.7674125483932650
        0.0648730175849652        0.7824365089132436
        0.1043468776439559        0.6676208859273292
        0.0834334559642798        0.6841314820441049
        0.0901227569682457        0.7115106539167636
        0.0849673228747815        0.7384181161337475
        0.1048157806072753        0.7539619813116887
        0.0875559408742600        0.7937779705023559
        0.1104704292666801        0.8052352147301015
        0.1275185702033177        0.6739235008731999
        0.1084256547410108        0.6931148106308874
        0.1220980668379344        0.7119438745901484
        0.1098812534214962        0.7308912542217358
        0.1266385283368776        0.7594811398511082
        0.1094575960554624        0.7799712197541470
        0.1311642995723961        0.8155821498434697
        0.1462156869989360        0.6345665629065397
        0.1265509946858938        0.6500913199645392
        0.1509122111833846        0.6636169755172016
        0.1385074298611627        0.6919838336653313
        0.1492657247083917        0.7150672387969342
        0.1355164682298595        0.7366609093649432
        0.1498096384042383        0.7619418116371013
        0.1337224208780904        0.7860941414889161
        0.1516031189531837        0.8027274946340340
        0.1546855084529569        0.8273427543449301
        0.1680919084896806        0.6172958617402569
        0.1690119137550170        0.6426341040868377
        0.1756329002959925        0.6695786515524135
        0.1621886359765895        0.6904027415935320
        0.1748406245820847        0.7148218707266784
        0.1619347897485801        0.7385295328845459
        0.1765981056179806        0.7605657095079973
        0.1630817175582288        0.7826436355656530
        0.1759022531469890        0.8082346204028646
        0.1757858411427023        0.8378929206351204
        0.2100341295055752        0.5841835819679210
        0.1883743673041355        0.6012833942377667
        0.1947780988676885        0.6266028578227081
        0.1912545333108529        0.6500451136279212
        0.2030522502810201        0.6716327007384622
        0.1886302033399310        0.6929084730028660
        0.2018368810241685        0.7155577880256664
        0.1886141322733300        0.7377023397468649
        0.2022402076951227        0.7613984968275588
        0.1888310902554527        0.7847053809148253
        0.2046651636652452        0.8049263897080419
        0.1944439663602092        0.8244937286858305
        0.1997069062618203        0.8498534532052342
        0.2288244074003923        0.5693491520388145
        0.2122878948203209        0.6076590834858859
        0.2256701906448469        0.6249964031833015
        0.2151759439991875        0.6466127789232154
        0.2285386982545787        0.6696126651820374
        0.2157610755404646        0.6935382332435338
        0.2285451853514739        0.7161200875795853
        0.2151053852701891        0.7386275961731619
        0.2289631117845442        0.7612371378649383
        0.2162922227373515        0.7834789205170420
        0.2289168689757692        0.8091097068425742
        0.2176110027914349        0.8325729521662441
        0.2224044158467793        0.8612022079671029
        0.2488680694477949        0.5535252079595985
        0.2527822528813363        0.5796449845546509
        0.2359857073594104        0.5979498174298654
        0.2509017564256433        0.6218516794232377
        0.2413187963357690        0.6465472132654285
        0.2544779144200350        0.6696342018690689
        0.2416092943376435        0.6927389442539522
        0.2547270420746228        0.7157531227897960
        0.2418078640023350        0.7387490694915483
        0.2547276723882858        0.7623360662011297
        0.2415639572849701        0.7855444066784464
        0.2533167901852617        0.8098513717584341
        0.2396911421498235        0.8353789431767694
        0.2530511381313312        0.8542727407842069
        0.2439911828855606        0.8719955916023971
        0.2699961877855765        0.5368451146790054
        0.2715318333006957        0.5613301708783911
        0.2811105546878234        0.5808436435851866
        0.2646364840086687        0.6013661134760880
        0.2782119981765985        0.6239350440900213
        0.2662303250885649        0.6457289415029949
        0.2800283505909613        0.6693891373106067
        0.2676440763822459        0.6927522502522859
        0.2806877414004438        0.7160392123937495
        0.2677189009799794        0.7391286381020901
        0.2805059955982472        0.7625090296439245
        0.2670610715534337        0.7859525661167640
        0.2799317989187889        0.8082357435431158
        0.2662247662625585        0.8310211758959506
        0.2767647177970920        0.8550928145527356
        0.2656822172570550        0.8828411087068123
        0.2896775480791117        0.8948387741685763
        0.2887162736655909        0.5220660994627395
        0.3090459118205742        0.5308918815471080
        0.2933620565391721        0.5520548962883115
        0.3047763313711191        0.5778195110986852
        0.2923022710237797        0.6027141321219117
        0.3053721352098261        0.6249258627567542
        0.2925049341880674        0.6469155178741477
        0.3061158681269311        0.6701220937530911
        0.2934154566307953        0.6928624989063258
        0.3065914392022954        0.7161810997289271
        0.2936541901535641        0.7393079081990129
        0.3066750150679043        0.7623053078889943
        0.2934017107524918        0.7852926183799508
        0.3059399201256687        0.8085129413427717
        0.2918769107256499        0.8316982201753762
        0.3052435280289079        0.8525899040420010
        0.2908366080023119        0.8728755901215973
        0.3105291069086863        0.9052645535677072
        0.3306137719504876        0.4889891271429650
        0.3103752856439979        0.5049668798253549
        0.3306592563771780        0.5339450042654026
        0.3182138879394991        0.5566792963761483
        0.3311800781146136        0.5795711818905261
        0.3179065802259617        0.6015127310722859
        0.3314260005046434        0.6246956429506257
        0.3189512979112530        0.6476565680256012
        0.3323316754249805        0.6706266119863115
        0.3194618723738398        0.6933127752580829
        0.3326874145394531        0.7164084755589768
        0.3197250245544495        0.7392984972025347
        0.3327349872545017        0.7624403951115919
        0.3194919780628675        0.7854575920766282
        0.3325600886997034        0.8081238304611666
        0.3190545662116654        0.8306351685447394
        0.3309057343705524        0.8544749663671086
        0.3154819261563978        0.8775429362595718
        0.3333146178929264        0.8934755763848290
        0.3337497351411606        0.9168748676925833
        0.3517810279700640        0.4722781355065426
        0.3554681610282797        0.4949486437315164
        0.3375198688320850        0.5127668777265386
        0.3558858545056772        0.5336609235710317
        0.3438963938846435        0.5567014418777897
        0.3571230829480220        0.5795968113621299
        0.3443532786804450        0.6023857838101658
        0.3577447875462500        0.6252729217532006
        0.3450083484823246        0.6477828864166841
        0.3584225927878936        0.6708217666530950
        0.3456154338242425        0.6936273376711111
        0.3588020250117394        0.7166403705033382
        0.3458054668918997        0.7394982089128379
        0.3589043234124277        0.7624877242113284
        0.3458102588828543        0.7853564044283348
        0.3587018261322509        0.8085461836360707
        0.3451320955751827        0.8314828264350943
        0.3589830608695729        0.8528956044443115
        0.3455042522182205        0.8739868474623089
        0.3578182648165313        0.8990764667044406
        0.3542974486820433        0.9271487244599362
        0.3772355908266196        0.9386177955370125
        0.3900602029870744        0.4420577345900785
        0.3702228155869202        0.4577188298406824
        0.3783426546038628        0.4858339907561953
        0.3679925077684588        0.5129308666418914
        0.3823936129352993        0.5345780917856479
        0.3695955060843354        0.5567616066507564
        0.3830248584136439        0.5799605916228175
        0.3704334669844201        0.6025982222879097
        0.3838874879887192        0.6255749275618150
        0.3712106697805022        0.6482036011514772
        0.3845880076134515        0.6711363696726554
        0.3717160204349787        0.6938198178707912
        0.3849157122732573        0.7167659359484230
        0.3719340615554457        0.7396106552739387
        0.3849649675978091        0.7626407037891558
        0.3719088646956140        0.7855961291019616
        0.3852236695069454        0.8083333170343600
        0.3722159158859938        0.8308688219452732
        0.3854891031744934        0.8540804164437478
        0.3718105068697082        0.8764907466002031
        0.3878128203496413        0.8956223350856136
        0.3761631743039833        0.9148615029762021
        0.3977201313659368        0.9488600658078065
        0.4134312062871204        0.4494354905858854
        0.3945897399101415        0.4676303948913934
        0.4064307288104450        0.4895794799477440
        0.3927595068619372        0.5100284682842878
        0.4073106258838325        0.5341421998029751
        0.3956535321600152        0.5575743972974161
        0.4091144144492104        0.5806254900777356
        0.3965138479206982        0.6030375379317430
        0.4100577381187725        0.6260175685137920
        0.3973674986210843        0.6485153708971882
        0.4107706754007375        0.6713947305735614
        0.3978726366851589        0.6940294393816135
        0.4110390707136806        0.7168996436186731
        0.3980051372634129        0.7397187694579231
        0.4110475103853535        0.7626232188391390
        0.3981289024405457        0.7855329030671966
        0.4113707243295623        0.8085993068026235
        0.3985637942500658        0.8314408076859150
        0.4128378821462866        0.8536458514454043
        0.4003992320049383        0.8752338337712670
        0.4141751821796405        0.8992182196390470
        0.4006238875877779        0.9209406887203068
        0.4193387916236229        0.9365084794136430
        0.4296866276481153        0.4107737148191677
        0.4109819294955366        0.4255405818434799
        0.4352147542097902        0.4399478986755064
        0.4226303010410544        0.4688942043311392
        0.4334376349668099        0.4914720040787105
        0.4195640913452915        0.5126562349277108
        0.4335443706358010        0.5357540390360830
        0.4212139226212454        0.5577767368271207
        0.4350149396003922        0.5810707052770159
        0.4226812605195386        0.6036289620707584
        0.4363023492001686        0.6265569059327797
        0.4235912847643608        0.6489085502174949
        0.4370367105762469        0.6717022390749320
        0.4240581986024305        0.6942098402716980
        0.4372077415063328        0.7169560475272383
        0.4241032958565889        0.7397301879186068
        0.4370096602448276        0.7626305754835906
        0.4241403351772440        0.7856391547555908
        0.4375509288104922        0.8085306179014946
        0.4251625142607579        0.8312923322033081
        0.4390769490955013        0.8545913485782577
        0.4268961504063593        0.8771646773083084
        0.4426276126362829        0.8988423693372771
        0.4310643925057399        0.9186636540827007
        0.4436385570029053        0.9454110097084089
        0.4205100973347510        0.9602550488100897
        0.4507274422571673        0.3941625453969115
        0.4522365280445013        0.4194967970085364
        0.4592569554452300        0.4467572078432920
        0.4458096039985519        0.4668898059147779
        0.4588426031102963        0.4909863663045110
        0.4463991483937306        0.5140362455346056
        0.4599801563644304        0.5367971532313157
        0.4473688377720299        0.5588575968491183
        0.4611739160452055        0.5819356506297578
        0.4487871549311758        0.6041781952450916
        0.4625693539704069        0.6271495365713908
        0.4499149787526102        0.6493833138026838
        0.4634419064298812        0.6720701892818166
        0.4503443427785164        0.6943837830619431
        0.4634504746037940        0.7169773259439248
        0.4501817889746591        0.7396914439813156
        0.4629080292429063        0.7624586257270541
        0.4501026554970099        0.7855392862385457
        0.4633884975155110        0.8086045805076337
        0.4511777802925159        0.8317136932685666
        0.4654020527503697        0.8546145448013007
        0.4539132817649399        0.8771739282754238
        0.4679989874969470        0.9018877172720937
        0.4564410249430019        0.9247608331535730
        0.4675945952486193        0.9521873641132459
        0.4417937012809262        0.9708968507178164
        0.4609674056997836        0.9804837029060789
        0.4914414735284642        0.3620198893267453
        0.4703050302205130        0.3787065550808245
        0.4773745442544802        0.4041233430992965
        0.4742600610288818        0.4275988537182923
        0.4865690102527020        0.4490298911736191
        0.4722987556185692        0.4698033091253591
        0.4855264717223263        0.4924669215291509
        0.4724211699407724        0.5142139917120250
        0.4860750398188919        0.5372577132353377
        0.4736169685165221        0.5597232855247788
        0.4873496857107826        0.5827477233223072
        0.4750122262363302        0.6049818397437990
        0.4889295009026006        0.6279750010003400
        0.4763464167897316        0.6499732484345384
        0.4900439885156743        0.6726037388116931
        0.4767925892566192        0.6945948461639623
        0.4898719348343387        0.7169449524440794
        0.4763196707493130        0.7395021764564038
        0.4886734553267391        0.7621198614148987
        0.4758556823496859        0.7853687794047475
        0.4891287185988650        0.8082035160942826
        0.4771164491218822        0.8315386289268564
        0.4910012973289563        0.8547557162432998
        0.4794614509210594        0.8784361825281566
        0.4933702327449843        0.9019153288552366
        0.4811137535521998        0.9267688300124415
        0.4975167382606379        0.9449468775901682
        0.4875843151573312        0.9668308141416052
        0.4806018127746592        0.9903009064969542
        0.5099486089182672        0.3474089927942430
        0.4943397569090632        0.3855026758254199
        0.5081529848992365        0.4028616574876082
        0.4980153280870169        0.4242389415179080
        0.5118824496576047        0.4472849753795724
        0.4993240396001222        0.4708945833602514
        0.5122595746052254        0.4932551217403596
        0.4989179034017410        0.5151848141653577
        0.5123605513939672        0.5379987540416876
        0.4996721301779173        0.5602981419337434
        0.5133595471130010        0.5833981652472608
        0.5012062114879334        0.6058365070237476
        0.5152430259794794        0.6289714904167637
        0.5029258281785688        0.6508710924584111
        0.5169364521634043        0.6735882377896066
        0.5035386624447824        0.6949698696721017
        0.5166539494965222        0.7170152569114810
        0.5025887047208241        0.7391624840339620
        0.5143620370111156        0.7614401933187056
        0.5015385444387834        0.7847907594841140
        0.5147424890987081        0.8072988034412228
        0.5027230590523414        0.8310156220549751
        0.5167470882718500        0.8532579472447953
        0.5051064941799949        0.8774544821918764
        0.5203133433850897        0.8981199342633416
        0.5090080428548633        0.9218881211662305
        0.5275046584515248        0.9388785367221031
        0.5180962723201391        0.9597860613965830
        0.5090932235946926        0.9797928370013222
        0.5298885029648297        0.3316669707909614
        0.5343344993357949        0.3576744830799167
        0.5178215815250787        0.3759567921236617
        0.5333128317170770        0.4001735873540209
        0.5241602256967659        0.4245729571309899
        0.5378462379740806        0.4478737555204807
        0.5251917200200330        0.4704003885806921
        0.5384639182713832        0.4933267893579130
        0.5254262794219199        0.5158272871116077
        0.5386475187660399        0.5385338252305312
        0.5257427572406288        0.5609374832167966
        0.5392930700498673        0.5840126258749307
        0.5271917301235483        0.6065645321817833
        0.5412407003797099        0.6297955319639159
        0.5294969004922914        0.6521472309648843
        0.5439700358866142        0.6753874406054247
        0.5308025890181096        0.6959895853373111
        0.5442439506740362        0.7178190396676045
        0.5292361726407072        0.7387036652289297
        0.5400053121785395        0.7604004917910627
        0.5272256248691113        0.7837206202204539
        0.5405665876534864        0.8052717342685735
        0.5284933607456626        0.8292043245399121
        0.5429991627638583        0.8500414702043486
        0.5316178526367373        0.8741536922808281
        0.5478439001797023        0.8936802215905697
        0.5374857433045866        0.9166983486569290
        0.5511166952112007        0.3149078719428393
        0.5530974788016008        0.3391601702378046
        0.5626786839585077        0.3587190814826427
        0.5464852891560196        0.3796336998898754
        0.5603818447416461        0.4030106620046262
        0.5491100710306035        0.4245553094171094
        0.5636202805437496        0.4485043654677337
        0.5514210855920633        0.4710412724425161
        0.5649199261590908        0.4939246891187254
        0.5517258959242038        0.5160968253943519
        0.5648626508836873        0.5387910125795171
        0.5517336865107617        0.5613961382896840
        0.5651152087931854        0.5844233415593523
        0.5530341942619990        0.6071823724267403
        0.5670376070983888        0.6304066538116727
        0.5555347770850364        0.6530895094003288
        0.5700479595830492        0.6764565156931861
        0.5586201916047331        0.6987624886635790
        0.5732875837508686        0.7224273387971171
        0.5568660489346532        0.7386404402948651
        0.5659095283980138        0.7586277114433390
        0.5532779691925969        0.7816284423781166
        0.5667293157144644        0.8010744973840949
        0.5546023334250115        0.8257264996579236
        0.5693186820431010        0.8459584843644440
        0.5584714638143801        0.8700634137606900
        0.5701411398701107        0.2998885734831072
        0.5926218700193308        0.3087866901488662
        0.5752700643878946        0.3296585335847174
        0.5861181437474444        0.3572865408340846
        0.5737712548803272        0.3817729896289505
        0.5873905025888136        0.4050344479841583
        0.5754171190460911        0.4266553041688277
        0.5901467262652600        0.4502077504368216
        0.5777846342421029        0.4718682229326384
        0.5916786155410826        0.4947055133923051
        0.5782480273873977        0.5165358602361358
        0.5912616313465210        0.5389564801182845
        0.5775873704280079        0.5615701444634781
        0.5908326133619376        0.5844755721856777
        0.5787419049581141        0.6075016250750065
        0.5927011422733703        0.6305019421783576
        0.5813137064765576        0.6536185242197277
        0.5957993360650804        0.6767256874797987
        0.5846862990514845        0.6999322152190023
        0.5991819146384320        0.7235993122807697
        0.5871608010172814        0.7468542877495226
        0.6036529043005309        0.7696602132764354
        0.5800818658168791        0.7758544399535658
        0.5917570623936766        0.7960954168878455
        0.5803889967520691        0.8213577850122765
        0.6120072524833964        0.2668363792249001
        0.5916695095779350        0.2828924921428800
        0.6143150783597683        0.3170558285997213
        0.5992427407394448        0.3367052486198329
        0.6123700557234205        0.3606659161563205
        0.5993824822268536        0.3821715938340045
        0.6136254338441749        0.4061077142668254
        0.6020571649633892        0.4285124793481461
        0.6169346957089387        0.4520410361638699
        0.6047384907464494        0.4734279575901620
        0.6191136160249834        0.4961914287544123
        0.6051718507057195        0.5170545572569215
        0.6180705942185440        0.5389725683498181
        0.6033752606205974        0.5614501721414422
        0.6165818613228762        0.5839922315326045
        0.6043888610439997        0.6072393552147939
        0.6183798375355533        0.6295877536821999
        0.6069862297806485        0.6532306641675111
        0.6214874792484657        0.6755203259946617
        0.6103493919646710        0.6996192580930528
        0.6253194709990044        0.7215122873115192
        0.6143791631207430        0.7458240824692791
        0.6340517094166237        0.2494328608663107
        0.6359961657628668        0.2732290048138888
        0.6181249977520525        0.2928260948146447
        0.6378484377271986        0.3138666337258711
        0.6262099047232932        0.3392796079234452
        0.6391047355862282        0.3620481672196519
        0.6259987163813868        0.3841465796702030
        0.6402189098983899        0.4074686559266575
        0.6283909759019792        0.4297441787607679
        0.6433478591872128        0.4532652594990319
        0.6319790691805188        0.4755463975845148
        0.6471346657898590        0.4991206316735870
        0.6329943463821067        0.5182968078720874
        0.6459346835054524        0.5393527568080354
        0.6291291918884380        0.5608944239154766
        0.6426585337754603        0.5824314109462424
        0.6301735855220728        0.6059124568021516
        0.6442013588127183        0.6269315046904415
        0.6327204449869821        0.6513138912246271
        0.6473074525742678        0.6726501053777590
        0.6362925873962950        0.6971275834978117
        0.6742012980747866        0.2177358181748762
        0.6535151833551074        0.2340669602320713
        0.6600921220889866        0.2632932982233175
        0.6484632560591340        0.2913336184319033
        0.6631416931710397        0.3142376343723635
        0.6511938086620920        0.3378945689042580
        0.6648381198523589        0.3614858690896401
        0.6526662336075146        0.3850199459884160
        0.6668192368903342        0.4078978209749087
        0.6548677525589192        0.4307052728442360
        0.6697198026277053        0.4538909282415813
        0.6584298719130002        0.4767748801883874
        0.6735150869589902        0.5004621486094937
        0.6622183772435277        0.5230148549023108
        0.6763858934450532        0.5477802316060862
        0.6551325040005658        0.5595325986386991
        0.6694958442349005        0.5769295315352789
        0.6562315390342491        0.6022232290772283
        0.6696237825638691        0.6230582610856847
        0.6583979345477639        0.6480045899100194
        0.6987561544853020        0.2272536029746026
        0.6788635193796984        0.2446289983079733
        0.6881046655631271        0.2689648090803767
        0.6731999744608947        0.2889580284546802
        0.6875775367064924        0.3131610810886309
        0.6767592129240438        0.3378530824759607
        0.6909263730043235        0.3606695375607306
        0.6788957624317851        0.3844428791870448
        0.6932086687170788        0.4068755382085538
        0.6813304317624573        0.4306411282005234
        0.6959632004368533        0.4534320810911722
        0.6846317804665406        0.4771466814922555
        0.6995187899576089        0.5003843317453196
        0.6883572108890287        0.5244575676598892
        0.7038196433726910        0.5470674591243170
        0.6930606493304678        0.5709763352862398
        0.6810962355053308        0.5975639210102235
        0.7170707546699256        0.1838915098279037
        0.6956163397732038        0.2008292053299356
        0.7233700023897912        0.2334072860975734
        0.7067624136899411        0.2539424038986118
        0.7205766778741488        0.2777565022483351
        0.7008119615279950        0.2905582456547633
        0.7135637208195934        0.3114631229704316
        0.7022618121214614        0.3361102803075341
        0.7170487272735888        0.3576769080875976
        0.7052830417910625        0.3826598317924262
        0.7194029927068568        0.4047255102631154
        0.7075556326419675        0.4292959423743009
        0.7220598959835193        0.4516137976080772
        0.7107202484923859        0.4761208860412206
        0.7258260183036639        0.4981644040592564
        0.7147960098909552        0.5226755338590647
        0.7370568269317291        0.1681130313578912
        0.7215851729645099        0.2092379668976096
        0.7471821304941996        0.2245764987246016
        0.7347853229574970        0.2540366454698076
        0.7471398648687100        0.2784359179085428
        0.7355368961283472        0.3026074435082243
        0.7520629008222709        0.3262207714354583
        0.7282845529175819        0.3318754391146466
        0.7426555614898154        0.3536286259421391
        0.7312695819009640        0.3795303930455942
        0.7452610793513261        0.4014964988094666
        0.7335949272424698        0.4267833508500989
        0.7481402051161214        0.4485773222388508
        0.7369306310290398        0.4734874868605589
        0.7795693959638024        0.1345504765536088
        0.7582351560717019        0.1513932978656824
        0.7626446095733935        0.1785762624165790
        0.7444106597131547        0.1967600507714559
        0.7707921711347400        0.2306693196060410
        0.7587218612639315        0.2529049127975159
        0.7735067896189857        0.2767793291836854
        0.7622509855091504        0.3015797009984292
        0.7783038529381705        0.3244345634783057
        0.7675736263086448        0.3494319042828553
        0.7824657600671736        0.3722983112460560
        0.7568979747733142        0.3757322181116762
        0.7709471612520483        0.3978951971346056
        0.7594824418380453        0.4233723518357498
        0.8007843621869225        0.1178018198497709
        0.7849534761071887        0.1610759524315470
        0.7885611124873765        0.1851037230858996
        0.7723809383869664        0.2058056147189785
        0.7952697061714165        0.2263654143700928
        0.7858238017460312        0.2528354824301520
        0.8007241050412675        0.2752014283995338
        0.7890284288864633        0.2996940181405959
        0.8049412083816637        0.3223528705183525
        0.7937552453701566        0.3472105663339971
        0.8217749726809292        0.1012302849971442
        0.8287069467881280        0.1290975136693023
        0.8054600378046898        0.1459661080748330
        0.8137453899626291        0.1755514772751317
        0.8046219768143802        0.2031353491874860
        0.8227249103725025        0.2246061941806070
        0.8117604890531737        0.2494996034816865
        0.8273724791114320        0.2725056022436327
        0.8160741395118386        0.2976130235540581
        0.8438002622188275        0.0838418981936987
        0.8474322266586710        0.1109153786322557
        0.8541905531970216        0.1479493507377168
        0.8294701865246916        0.1549761266486962
        0.8444499412970311        0.1756746499034949
        0.8319520927475940        0.1990065023872884
        0.8498147149237313        0.2226339669872128
        0.8386052501032563        0.2475438888473747
        0.8643366737478998        0.0676289413241415
        0.8724426221744860        0.0973067113399309
        0.8677437009033925        0.1253356725052418
        0.8823168374879984        0.1504070279536616
        0.8718193911322558        0.1737346864794039
        0.8606533514801721        0.1985481079845043
        0.8867131610576218        0.0499632937375449
        0.8897293694228493        0.0768571844963431
        0.9029134346077851        0.1046368120139269
        0.8930688542779838        0.1265136572866923
        0.9072481895211313        0.0337514290425489
        0.9202865671079178        0.0598763119508814
        0.9130824138065091        0.0820390806480809
        0.9305001636788112        0.0153946080819664
        0.9328947049574364        0.0380117670316334
