        7.2500000000000000        0.2500000000000000
       14.7500000000000000        0.2500000000000000
       14.7500000000000000        7.7500000000000000
       13.0000000000000000        7.7500000000000000
       13.0000000000000000        8.2500000000000000
       25.0000000000000000        8.2500000000000000
       25.0000000000000000        7.7500000000000000
       15.2500000000000000        7.7500000000000000
       15.2500000000000000        0.2500000000000000
       28.7500000000000000        0.2500000000000000
       28.7500000000000000        7.7500000000000000
       28.7500000000000000        8.2500000000000000
       29.2500000000000000        8.2500000000000000
       29.2500000000000000        7.7500000000000000
       29.2500000000000000        0.2500000000000000
       40.7500000000000000        0.2500000000000000
       40.7500000000000000        7.7500000000000000
       33.0000000000000000        7.7500000000000000
       33.0000000000000000        8.2500000000000000
       33.2500000000000000        8.2500000000000000
       40.7500000000000000        8.2500000000000000
       40.7500000000000000       17.7500000000000000
       33.2500000000000000       17.7500000000000000
       33.2500000000000000       12.0000000000000000
       32.7500000000000000       12.0000000000000000
       32.7500000000000000       21.7500000000000000
       20.7500000000000000       21.7500000000000000
       20.7500000000000000       22.2500000000000000
       21.2500000000000000       22.2500000000000000
       32.7500000000000000       22.2500000000000000
       32.7500000000000000       25.2500000000000000
       35.7500000000000000       25.2500000000000000
       35.7500000000000000       34.7500000000000000
       32.7500000000000000       34.7500000000000000
       32.7500000000000000       37.7500000000000000
       21.2500000000000000       37.7500000000000000
       21.2500000000000000       26.0000000000000000
       20.7500000000000000       26.0000000000000000
       20.7500000000000000       38.2500000000000000
       25.7500000000000000       38.2500000000000000
       26.2500000000000000       38.2500000000000000
       32.7500000000000000       38.2500000000000000
       32.7500000000000000       45.7500000000000000
       26.2500000000000000       45.7500000000000000
       26.2500000000000000       41.7500000000000000
       25.7500000000000000       41.7500000000000000
       25.7500000000000000       46.2500000000000000
       26.2500000000000000       46.2500000000000000
       32.7500000000000000       46.2500000000000000
       32.7500000000000000       53.7500000000000000
       26.2500000000000000       53.7500000000000000
       26.2500000000000000       49.2500000000000000
       25.7500000000000000       49.2500000000000000
       25.7500000000000000       53.7500000000000000
       23.7500000000000000       53.7500000000000000
       23.7500000000000000       62.7500000000000000
       23.7500000000000000       97.7500000000000000
       16.2500000000000000       97.2500000000000000
       16.2500000000000000       88.0000000000000000
       15.7500000000000000       88.0000000000000000
       15.7500000000000000       97.2500000000000000
        0.2500000000000000       97.2500000000000000
        0.2500000000000000       75.2500000000000000
       15.7500000000000000       75.2500000000000000
       15.7500000000000000       85.0000000000000000
       16.2500000000000000       85.0000000000000000
       16.2500000000000000       74.7500000000000000
        0.2500000000000000       74.7500000000000000
        0.2500000000000000       63.2500000000000000
       16.2500000000000000       63.2500000000000000
       16.2500000000000000       62.7500000000000000
       16.2500000000000000       58.2500000000000000
       19.2500000000000000       58.2500000000000000
       19.2500000000000000       54.2500000000000000
       20.2500000000000000       54.2500000000000000
       20.2500000000000000       53.7500000000000000
       20.2500000000000000       50.7500000000000000
       23.2500000000000000       50.7500000000000000
       23.2500000000000000       41.7500000000000000
       17.2500000000000000       41.7500000000000000
       16.7500000000000000       41.7500000000000000
       16.7500000000000000       53.7500000000000000
        7.2500000000000000       53.7500000000000000
        7.2500000000000000       38.2500000000000000
       17.2500000000000000       38.2500000000000000
       17.2500000000000000       37.7500000000000000
        7.2500000000000000       37.7500000000000000
        7.2500000000000000       22.2500000000000000
       16.7500000000000000       22.2500000000000000
       16.7500000000000000       34.2500000000000000
       17.2500000000000000       34.2500000000000000
       17.2500000000000000       21.7500000000000000
        7.2500000000000000       21.7500000000000000
        7.2500000000000000        8.2500000000000000
        9.0000000000000000        8.2500000000000000
        9.0000000000000000        7.7500000000000000
        7.2500000000000000        7.7500000000000000
        0.9160584826534058       64.3115160458692117
        0.3503753350348223       67.5499814951862163
        0.3503753350348254       71.0140831103239663
        1.4057325407525558       73.9074216887578928
        0.3523931564232315       77.9780399491415750
        0.3503753350348254       81.4063879557372303
        0.3503753350348223       84.8704895708749802
        0.3503753350348223       88.3345911860127444
        0.3503753350348254       91.7986928011504943
        0.4553008615530644       95.0626528007349805
        2.9977173207129937       63.5432018738398483
        1.7219561395596239       65.8322853946623354
        2.9247524693064588       67.5499814951862163
        1.6752517600195163       69.2820323027550842
        2.9247524693064593       71.0140831103239663
        1.6955811863252963       72.6034275859530140
        3.0306024960677034       74.5210381384856078
        1.8691121950589311       76.2611535855331226
        2.9382779309280882       77.9731528749877896
        1.6790097887150206       79.6785164317829100
        2.9247524693064593       81.4063879557372303
        1.6752517600195160       83.1384387633061124
        2.9247524693064588       84.8704895708749802
        1.6752517600195160       86.6025403784438623
        2.9247524693064588       88.3345911860127444
        1.6752517600195160       90.0666419935816123
        2.9247524693064593       91.7986928011504943
        1.6962404220891132       93.5067373126382506
        2.9346198128342320       95.3124653611315154
        2.0543917641318301       97.2500000000000000
        5.0026000358647265       63.5499243703033656
        3.9626522933969359       65.7276600665735913
        5.0000000000000000       67.5499814951862163
        3.9623121421511254       69.2820323027550842
        5.0000000000000000       71.0140831103239663
        3.9623121421511254       72.7461339178928483
        5.0000000000000000       74.4781847254617162
        3.9949080851544254       76.2026343892848672
        5.0000000000000000       77.9422863405994804
        3.9623121421511254       79.6743371481683482
        5.0000000000000000       81.4063879557372303
        3.9623121421511254       83.1384387633061124
        5.0000000000000000       84.8704895708749802
        3.9623121421511254       86.6025403784438623
        5.0000000000000000       88.3345911860127444
        3.9623121421511254       90.0666419935816123
        5.0000000000000000       91.7986928011504943
        3.9623121421511254       93.5307436087193764
        5.0000000000000000       95.3335751326494005
        4.0087686678443424       97.2500000000000000
        7.0000000000000000       63.5502757175753530
        6.0000000000000000       65.7257771141529901
        7.0000000000000000       67.5499814951862163
        6.0000000000000000       69.2820323027550842
        7.0000000000000000       71.0140831103239663
        6.0000000000000000       72.7461339178928483
        7.0000000000000000       74.4781847254617162
        6.0000000000000000       76.2102355330305983
        7.0000000000000000       77.9422863405994804
        6.0000000000000000       79.6743371481683482
        7.0000000000000000       81.4063879557372303
        6.0000000000000000       83.1384387633061124
        7.0000000000000000       84.8704895708749802
        6.0000000000000000       86.6025403784438623
        7.0000000000000000       88.3345911860127444
        6.0000000000000000       90.0666419935816123
        7.0000000000000000       91.7986928011504943
        6.0000000000000000       93.5307436087193764
        7.0000000000000000       95.3335751326494005
        6.0000000000000000       97.2500000000000000
        8.8794203895424264        1.3976597628843976
        7.3814249927673989        3.4231197858921409
        8.6946885675011387        5.1119248069581928
        7.5277907421613772        6.3249773541511205
        9.0407651090051626        9.1209121796533434
        7.3810364831264605       10.6034135168214654
        8.6925325437172933       12.1438709246144789
        7.3503753350348227       13.8564064605510175
        8.6752517600195169       15.5884572681198943
        7.3503753350348235       17.3205080756887710
        8.7119585269585951       18.9945134042849233
        7.6660668397956595       20.3542541823544170
        9.2531500277587462       22.6803597033243953
        7.4212975998794404       24.4672952947359903
        8.6959688814091969       26.0044314009426571
        7.3503753350348244       27.7128129211020351
        8.6752517600195169       29.4448637286709136
        7.3503753350348227       31.1769145362397886
        8.6752517600195169       32.9089653438086671
        7.3767863631260351       34.6820074682396395
        8.9938941763367080       36.6019053200793181
        8.8573663652683106       39.4965706880393768
        7.3817176817676442       41.5289341092105460
        8.6752517600195169       43.3012701892219312
        7.3503753350348227       45.0333209967908061
        8.6752517600195169       46.7653718043596811
        7.3503753350348262       48.4974226119285632
        8.7008016877039704       50.1995270976496428
        7.4593240308980384       51.6802866213606364
        9.0546674131003169       53.7500000000000000
        9.0000000000000000       63.5502757175753530
        8.0000000000000000       65.7257771141529901
        9.0000000000000000       67.5499814951862163
        8.0000000000000000       69.2820323027550842
        9.0000000000000000       71.0140831103239663
        8.0000000000000000       72.7461339178928483
        9.0000000000000000       74.4781847254617162
        8.0000000000000000       76.2102355330305983
        9.0000000000000000       77.9422863405994804
        8.0000000000000000       79.6743371481683482
        9.0000000000000000       81.4063879557372303
        8.0000000000000000       83.1384387633061124
        9.0000000000000000       84.8704895708749802
        8.0000000000000000       86.6025403784438623
        9.0000000000000000       88.3345911860127444
        8.0000000000000000       90.0666419935816123
        9.0000000000000000       91.7986928011504943
        8.0000000000000000       93.5307436087193764
        9.0000000000000000       95.3335751326494005
        8.0000000000000000       97.2500000000000000
       11.0000000000000000        1.1839489679802886
        9.9332714901756809        3.3988074780139383
       11.0000000000000000        5.0478925257302798
       10.1568138980028309        6.7268821618497752
       11.0058332968036634        8.8457632154602024
        9.9540951385115584       10.4513169063739362
       10.9623121421511254       12.1243556529821408
        9.9247524693064584       13.8564064605510175
       10.9623121421511254       15.5884572681198943
        9.9247524693064584       17.3205080756887710
       10.9623121421511254       19.0525588832576496
        9.9418793510905719       20.7684620376262359
       11.0451774273624945       22.5020173774241208
        9.9408421204631114       24.3102897363560011
       10.9623121421511254       25.9807621135331566
        9.9247524693064584       27.7128129211020351
       10.9623121421511254       29.4448637286709136
        9.9247524693064584       31.1769145362397886
       10.9623121421511254       32.9089653438086671
        9.9397422562142861       34.6908757899307716
       10.9936230909380317       36.9088184692393071
       10.9790934019819346       39.3076247154103768
        9.9325499495921576       41.5016659939724022
       10.9623121421511254       43.3012701892219312
        9.9247524693064584       45.0333209967908061
       10.9623121421511254       46.7653718043596811
        9.9247524693064584       48.4974226119285632
       10.9623121421511254       50.2294734194974453
        9.9374977946889871       51.9556339972888068
       11.0099388734747610       53.7500000000000000
       11.0000000000000000       63.5502757175753530
       10.0000000000000000       65.7257771141529901
       11.0000000000000000       67.5499814951862163
       10.0000000000000000       69.2820323027550842
       11.0000000000000000       71.0140831103239663
       10.0000000000000000       72.7461339178928483
       11.0000000000000000       74.4781847254617162
       10.0000000000000000       76.2102355330305983
       11.0000000000000000       77.9422863405994804
       10.0000000000000000       79.6743371481683482
       11.0000000000000000       81.4063879557372303
       10.0000000000000000       83.1384387633061124
       11.0000000000000000       84.8704895708749802
       10.0000000000000000       86.6025403784438623
       11.0000000000000000       88.3345911860127444
       10.0000000000000000       90.0666419935816123
       11.0000000000000000       91.7986928011504943
       10.0000000000000000       93.5307436087193764
       11.0000000000000000       95.3335751326494005
       10.0000000000000000       97.2500000000000000
       13.1172425873087857        1.3769354626696486
       12.0290406519754445        3.3988074780139383
       13.2967493046051057        5.1123593021134113
       11.7073945237932016        6.7408781349969722
       13.0137705636486469        8.9678393275895676
       11.9853443384654099       10.4227535765166994
       13.0000000000000000       12.1243556529821408
       12.0000000000000000       13.8564064605510175
       13.0000000000000000       15.5884572681198943
       12.0000000000000000       17.3205080756887710
       13.0000000000000000       19.0525588832576496
       12.0000000000000000       20.7846096908265281
       12.9914363823069365       22.5133661327335979
       12.0000000000000000       24.2487113059642816
       13.0376878578488746       25.9807621135331566
       12.0000000000000000       27.7128129211020351
       13.0376878578488746       29.4448637286709136
       12.0000000000000000       31.1769145362397886
       13.0148113310787963       32.9158597336131749
       12.0000000000000000       34.7331697248418934
       12.9893294677964199       36.9001017291998537
       12.9938663601090632       39.3113052092858553
       12.0000000000000000       41.4770658081887049
       13.0200375026789814       43.2953938139781727
       12.0000000000000000       45.0333209967908061
       13.0376878578488746       46.7653718043596811
       12.0000000000000000       48.4974226119285632
       13.0376878578488746       50.2294734194974453
       12.0000000000000000       51.9762853766575645
       12.9900611265252390       53.7500000000000000
       12.9329508949459981       63.5019682113639092
       12.0000000000000000       65.7257771141529901
       13.0000000000000000       67.5499814951862163
       12.0000000000000000       69.2820323027550842
       13.0000000000000000       71.0140831103239663
       12.0000000000000000       72.7461339178928483
       12.9532559894896853       74.5167380184668247
       12.0050919148455737       76.2026343892848672
       13.0240416456404127       77.9725583824786810
       12.0376878578488746       79.6743371481683482
       13.0297189578629364       81.3932153478399414
       12.0272793128432660       83.1423156262144119
       12.9734251355993084       84.8469541762684543
       11.9786529200627676       86.6116034717911418
       12.9177714104408174       88.3125510495343065
       12.0376878578488746       90.0666419935816123
       13.0375596728446670       91.7986928011504943
       12.0376878578488746       93.5307436087193764
       13.0279217014626560       95.3157928332646804
       11.9912313321556585       97.2500000000000000
       14.2217239822010502        3.4200447328041590
       13.9635303301429161        6.2201269183402950
       15.1573794921050276        8.8235635334176337
       14.0108197105613268       10.4160377977630176
       15.0000000000000000       12.1243556529821408
       14.0000000000000000       13.8564064605510175
       15.0000000000000000       15.5884572681198943
       14.0000000000000000       17.3205080756887710
       14.9792539149744233       18.9910021580773360
       13.9621825566221673       20.8128341923270952
       14.9782581798692647       22.5984203764208260
       14.0241343872219595       24.2720986079361687
       15.3064141240431155       26.0068225811879401
       14.0375596728446670       27.7128129211020351
       15.3248764249846925       29.4448637286709136
       14.0252828409732579       31.1515200685440341
       15.1370317866742834       32.7418408964355621
       13.9896275603492821       34.6994363916227826
       14.8826697913698620       36.8548217764197901
       14.9167940308290135       39.3400653194251930
       13.9795942420080408       41.4989817533848893
       15.1777056459507094       43.4977435139512778
       14.0641778729261713       45.0540637466186311
       15.3247482399804831       46.7653718043596811
       14.0752475306935416       48.4974226119285632
       15.2991983122960296       50.1995270976496428
       14.0625022053110129       51.9556339972888068
       14.9453325868996831       53.7500000000000000
       14.5361357343703546       64.0235100325415800
       13.9826279589246951       65.8156195765497500
       15.0000000000000000       67.5499814951862163
       14.0000000000000000       69.2820323027550842
       14.9761667913671115       70.9890863794365998
       13.9896935583522097       72.7006957367103155
       14.5314550781396150       74.1979092674336300
       14.0776951369605214       76.3804710008118803
       15.2529501507493013       77.9769422298936803
       14.3214434808387328       79.6789436166868654
       15.2571872449444719       81.4062050521835943
       14.2163021856412932       82.9738547867422938
       14.8661069285335206       84.5397989517259134
       13.8526257455678774       86.5035356128937707
       14.5775221550554370       88.6324142231844831
       14.3246413665988399       90.2286872001495652
       15.2493725242827338       91.7986928011504943
       14.3061838774970411       93.5043141063015639
       15.1334485232303280       95.0091356341396249
       13.9400962551471412       97.2500000000000000
       16.8827574126912161        1.3769354626696486
       15.7782760177989498        3.4200447328041585
       16.6751235750153057        5.1961524227066320
       16.1374468643480213        6.5275360426964983
       17.2485255787230756        8.7554549107047084
       15.9985416599112416       10.4014393447031104
       17.0000000000000000       12.1243556529821408
       16.0000000000000000       13.8564064605510175
       17.0000000000000000       15.5884572681198943
       16.0000000000000000       17.3205080756887710
       17.0160997548156274       19.0631025498559161
       15.6782115057340974       20.4624599954960082
       16.1960176121030415       24.4766982753860312
       16.2493725242827338       27.7128129211020351
       16.2617795079165433       31.1814524545492091
       15.8312682467869354       34.7791946221640487
       16.7895355681918339       36.6441974516387461
       16.8348033330300950       39.4118440680854150
       15.7467254556603393       41.6161391287703708
       16.6581634118803557       45.0299355700513502
       16.6496246649651738       48.4974226119285632
       16.5406759691019616       51.6802866213606364
       16.4618281779210847       60.5889021494327480
       17.1086424631108862       64.2149807823934822
       15.9734236094998057       65.8187446484263035
       17.0000000000000000       67.5499814951862163
       16.0000000000000000       69.2820323027550842
       17.0247356789643689       70.9955685002643833
       15.9892891412995013       72.5223058208562463
       17.2090467764342776       74.5077714206970825
       16.7325722935975598       77.9266480287305399
       16.7428127550555281       81.4062050521835943
       17.1338930714664812       84.5397989517259134
       16.0000000000000000       86.6323682268698292
       17.4122789139346068       88.6862104745350734
       16.7506274757172697       91.7986928011504943
       16.8729053969609097       95.0145738953651033
       18.9816590197945771        1.1901978065380310
       17.9709593480245573        3.3988074780139388
       18.9623121421511236        5.1961524227066320
       17.9473045364159027        6.8968481243813651
       19.0337218676142719        8.6500852558292305
       18.0057744213708837       10.4256687788776592
       19.0000000000000000       12.1243556529821408
       18.0000000000000000       13.8564064605510175
       19.0000000000000000       15.5884572681198943
       18.0000000000000000       17.3205080756887710
       19.0000000000000000       18.9949377075249082
       18.1417989913877093       20.6526928895180184
       18.6987159000810834       22.8501342340609952
       17.7705461112256806       24.4229017357359517
       18.6406144942036605       26.0569974581852861
       17.7610293038905134       27.7216160426908260
       18.9488718820691702       29.5060880932346485
       17.7791752585288236       31.1829387073115996
       19.1922229977269652       32.7675688242181664
       18.1512085422677849       34.7400294292555074
       19.3297996670706347       36.1067611279964922
       18.7745659855407290       38.1739607372636200
       18.9909358159434625       40.0685885378655584
       18.3580276481809079       41.7500000000000000
       17.7506627601280762       58.7060078920894881
       18.9122013683129389       60.6138242332444008
       18.2563909148665680       62.1174939979397607
       19.0070179177720391       64.0778076313343519
       18.0091762738514234       65.8507776062601096
       19.0000000000000000       67.5499814951862163
       18.0000000000000000       69.2820323027550842
       19.0000000000000000       71.0140831103239663
       17.9880503661127520       72.7489433914908261
       19.0093092262208678       74.4924246937098928
       17.9723282491373553       76.4230594541348722
       18.9783944711831118       77.9818313406514818
       17.6751235750153057       79.6743371481683482
       18.9702810421370636       81.3932153478399414
       17.7814573778246157       82.9758869053816142
       19.0265748644006933       84.8469541762684543
       18.1649390314817190       86.5164483766890413
       19.0244204109865827       88.3391040817812581
       17.6755032644583885       90.1383521675115276
       18.9624403271553348       91.7986928011504943
       17.7056783524684356       93.4837071708868024
       18.9853916275394390       95.3408247728307430
       18.1726920392610793       97.3781794693113056
       21.0000000000000000        1.1964466450957734
       20.0000000000000000        3.3719480416734049
       21.0000000000000000        5.1961524227066320
       20.0000000000000000        6.9282032302755088
       20.9648256441361163        8.6561026512867691
       20.0000000000000000       10.3923048454132640
       21.0000000000000000       12.1243556529821408
       20.0000000000000000       13.8564064605510175
       21.0000000000000000       15.5884572681198943
       20.0000000000000000       17.3205080756887710
       20.9839002451843726       19.0631025498559161
       19.8614017348346863       20.6707543708837136
       20.9965502926422758       23.4426241116707779
       19.7955559989930094       24.1288618174022993
       21.0000000000000000       25.7821820194234270
       20.0954292080511685       28.1054715091067244
       20.2240896833094794       31.1515200685440341
       20.2709963348474638       34.5956456389453777
       19.4538810443304548       37.9163592008051822
       21.1564925669404182       40.0375743221836942
       19.9848614080472018       41.7500000000000000
       21.5769473328571806       53.2174907196355420
       19.5962014929057311       56.0656236880090972
       21.0311814208832182       57.0208897537062285
       20.2399064380418601       59.0193733160709399
       21.0656651500907408       60.6304257346209923
       20.0332044570522818       62.3751961898572205
       21.0578946725984189       64.0938001728262208
       20.0376878578488764       65.8179306876173342
       21.0752475306935416       67.5499814951862163
       20.0376878578488764       69.2820323027550842
       21.0752475306935416       71.0140831103239663
       20.0376878578488764       72.7461339178928483
       21.0752475306935416       74.4781847254617162
       20.0375016692385763       76.1994450188277597
       21.0752475306935416       77.9422863405994804
       20.0000000000000000       79.6743371481683482
       21.0752475306935416       81.4063879557372303
       20.0104085450056104       83.1423156262144119
       21.0752475306935416       84.8704895708749802
       20.0590349377861088       86.6116034717911418
       21.0752475306935416       88.3345911860127444
       20.0000000000000000       90.0666419935816123
       21.0752475306935416       91.7986928011504943
       20.0000000000000000       93.5307436087193764
       21.0632405042252273       95.3215290357749154
       20.0114641245890290       97.5007642749764472
       23.0000000000000000        1.1964466450957734
       22.0000000000000000        3.3719480416734049
       22.9830862605252335        5.1220224742184559
       21.9525472113759399        6.9465959155612209
       22.6960188070273645        8.7384018783659574
       22.0009639734679574       10.4187789496258745
       23.0000000000000000       12.1243556529821408
       22.0000000000000000       13.8564064605510175
       23.0000000000000000       15.5884572681198943
       22.0000000000000000       17.3205080756887710
       23.0207460850255785       18.9910021580773360
       22.3217884942659026       20.4624599954960082
       23.1980052306030196       22.5112419518191693
       22.2072547210149551       24.1001817408424195
       23.0357078499655685       26.0389884416473123
       21.9198391015877903       28.1806868772384824
       22.7185207654535368       29.5124803114915188
       21.7506274757172662       31.1769145362397886
       22.6751235750153057       32.9089653438086671
       21.7778697369822289       34.6858841788065320
       22.8908159875523260       36.7112414933154128
       23.0570667248432102       39.1706822674439934
       21.8335095032284840       41.7500000000000000
       21.7804016104500953       51.6675154392293905
       22.7930954449432761       53.9159608756644957
       22.3341262778631204       55.7095869994292698
       23.6640090858313066       57.1871254696929086
       22.3349883091048973       58.8461001391468983
       23.5943638457354226       60.4244615563224414
       21.9957285222649261       62.2774703615147018
       23.4590189816694732       64.4839342249020007
       22.2905879223858463       65.8625575102962273
       23.6496246649651773       67.5499814951862163
       22.3247482399804831       69.2820323027550842
       23.6496246649651738       71.0140831103239663
       22.3247482399804831       72.7461339178928483
       23.6496246649651773       74.4781847254617162
       22.3247482399804831       76.2102355330305983
       23.6496246649651773       77.9422863405994804
       22.3247482399804831       79.6743371481683482
       23.6496246649651738       81.4063879557372303
       22.3247482399804831       83.1384387633061124
       23.6496246649651773       84.8704895708749802
       22.3247482399804831       86.6025403784438623
       23.6496246649651773       88.3345911860127444
       22.3247482399804831       90.0666419935816123
       23.6496246649651738       91.7986928011504943
       22.3159249867996223       93.5209173718954503
       23.5927230744825991       95.2045864707157961
       21.9843062814910937       97.3599761808988546
       25.0183409802054229        1.1901978065380310
       24.0000000000000000        3.3719480416734049
       25.0376878578488764        5.1683948194387801
       23.7724203153481533        6.7282440450177905
       24.9197615956771799        8.9613271852584884
       23.9809958841800004       10.3954923402159434
       25.0000000000000000       12.1243556529821408
       24.0000000000000000       13.8564064605510175
       25.0000000000000000       15.5884572681198943
       24.0000000000000000       17.3205080756887710
       25.0000000000000000       19.0525588832576496
       24.0378174433778327       20.8128341923270952
       25.0085636176930635       22.5133661327335979
       24.0304864628078008       24.2564286499489903
       25.0099923710949241       25.9810093896206808
       23.9881508831581378       27.7131723266452390
       24.9623121421511236       29.4448637286709136
       23.9624403271553348       31.1769145362397886
       24.9623121421511236       32.9089653438086671
       23.9545894198106382       34.6716013161686121
       24.8035692791721196       36.5018646389504866
       24.6766082495891794       39.6379048694060359
       23.9962111643504699       41.6764693780174582
       25.1454723022201385       43.7404970910677804
       23.2997824611178572       44.8939001950452266
       24.5203534353202173       46.8262613601227287
       23.2500000000000000       48.3114634987089815
       25.2523368137806088       50.5853090243141921
       24.3439398077115392       51.8006217956587847
       24.9511115704928450       53.7500000000000000
       27.1172425873087839        1.3769354626696488
       26.0290406519754427        3.3988074780139388
       27.3341976523149377        5.0017510247161852
       26.1782089017772428        6.7689678819258319
       26.9255906152080797        8.9222781816577630
       26.0093185313182396       10.4650276898962371
       27.0000000000000000       12.1243556529821408
       26.0000000000000000       13.8564064605510175
       27.0000000000000000       15.5884572681198943
       26.0000000000000000       17.3205080756887710
       27.0000000000000000       19.0525588832576496
       26.0000000000000000       20.7846096908265281
       27.0000000000000000       22.5166604983954031
       26.0000000000000000       24.2487113059642816
       27.0000000000000000       25.9807621135331566
       26.0000000000000000       27.7128129211020351
       27.0000000000000000       29.4448637286709136
       26.0000000000000000       31.1769145362397886
       27.0000000000000000       32.9089653438086671
       25.9866846262583557       34.6926975610139152
       27.1555146546077921       36.5182853161079706
       27.3591444189544788       39.6378508377050025
       26.0415004129856555       40.6619933872336432
       26.5531493629514372       43.5228113478456962
       27.5070232277501283       47.1602714917765908
       25.9207785783727900       48.1575300981785404
       26.8036360378092660       50.8555007492830953
       27.2784766172190629       53.7500000000000000
       28.2217239822010519        3.4200447328041585
       27.8659337546172274        6.4723680437490891
       29.0000000000000000        9.5505117364977110
       27.9461525476346502       10.4318738612655704
       28.9903173826216332       12.1227707690479054
       28.0000000000000000       13.8564064605510175
       29.0376878578488764       15.5884572681198943
       28.0000000000000000       17.3205080756887710
       29.0259107544218864       19.0501729237135073
       28.0000000000000000       20.7846096908265281
       28.9548225726375072       22.5020173774241208
       28.0000000000000000       24.2487113059642816
       28.9619702717059724       25.9713057450601177
       28.0000000000000000       27.7128129211020351
       29.0000000000000000       29.4448637286709136
       28.0000000000000000       31.1769145362397886
       29.0000000000000000       32.9089653438086671
       28.0275206589705164       34.6754152948664185
       29.0112344801792794       36.9335935513142388
       29.0560410729523220       39.2937218998543969
       28.2187991649495018       41.5328841357289562
       28.9733924170429979       43.3172398938560335
       27.9365623937753114       44.9790578520992952
       29.0766481531983310       46.6984136206498874
       28.2478043033585138       48.5176464114591326
       28.9932344111365126       50.2319798695587139
       27.8082984318390629       51.8705722381671706
       29.0138225304445321       53.7500000000000000
       30.8827574126912161        1.3769354626696488
       29.7782760177989481        3.4200447328041585
       30.6706011463344304        5.0575819673079510
       30.1195397593265142        6.4166002116698291
       31.0492427105975821        8.8510382908594298
       30.0560881177979766       10.4323803742663213
       30.9470701051893577       12.1813507662920877
       30.0243266753613369       13.8761986312471084
       31.3042487522157522       15.5671436377851631
       29.9808887411992444       17.3280527702646694
       31.1974348221120259       19.0990674301828740
       30.0531397274245329       20.7799647547081143
       30.7006521224670763       22.6312468880848350
       30.0333076737281246       24.2908602193324690
       30.7756970880437173       26.0595966492759246
       29.9963888571158677       27.7475519273139000
       31.0000000000000000       29.4448637286709136
       30.0000000000000000       31.1769145362397886
       31.0244773585580020       32.9229378562330979
       29.9645768334073423       34.7061579402070635
       30.8893704935449485       36.7851002575564578
       31.1426336347316877       39.4965706880393768
       30.0767826194725352       41.5039478334385805
       31.2592547903602807       43.1831540638861426
       29.9980307913155428       45.0529565537247620
       30.8960834402577689       46.9288853822312433
       30.0986736939942361       48.5371990383657206
       31.2844746940927614       50.2160533990671780
       30.0368716972785172       51.9600212843486844
       30.9453325868996849       53.7500000000000000
       32.9816590197945771        1.1901978065380310
       31.9709593480245573        3.3988074780139388
       32.9555738738540285        5.1633072279200647
       31.7781076571572925        6.7342908789147167
       32.7237997117253414        9.6027113900085936
       31.8495225582340709       10.3598690182783386
       32.1413570516911236       14.1962840039513374
       31.8707826553207525       17.1441055221095731
       32.3403279051782562       20.3483846826521955
       32.2296448185387234       24.0516787564742458
       33.2401092265872222       26.1178793853521078
       32.0366436643382286       27.6888542291095128
       33.0752475306935381       29.4448637286709136
       32.0082926011270885       31.1560178961641334
       33.0961751206644053       32.6552951027490863
       31.7472117697822718       34.8513155927275591
       32.6182823182323602       41.5289341092105460
       32.1366890887758885       44.4134919149645455
       32.6077906189036781       48.6614297177167074
       32.5406759691019616       51.6802866213606364
       35.0000000000000000        1.1964466450957734
       34.0000000000000000        3.3719480416734049
       35.0240793943369084        5.1183028653769345
       34.3187838255152329        6.5445548894310486
       35.1790774547295584        8.6880471561348021
       34.2214080532157041       10.3181834838692001
       35.0233632600097735       12.1809137638010672
       33.8650828369841150       14.1960745059580660
       34.7280061943201233       15.6301240968917039
       34.4040570773188605       17.2974341801126315
       35.2555052211141202       26.2607884759553976
       34.3200003120305368       27.7903392412153920
       35.6496246649651809       29.4448637286709136
       34.3299608184500968       31.1227897157898248
       35.5537405611826003       32.6433342072356396
       34.1570638704915268       34.7500000000000000
       37.0183409802054229        1.1901978065380310
       36.0000000000000000        3.3719480416734049
       37.0376878578488729        5.1961524227066320
       36.0385591911147571        6.9484929527588255
       37.0376426085479196        8.6490301139672408
       36.0158060270895675       10.4426108705942493
       37.0473704752272397       12.1227707690479054
       35.9875784371055474       13.8655235970647066
       37.0000000000000000       15.6729529476521421
       36.0692748660068574       17.7500000000000000
       39.1205796104575754        1.3976597628843983
       38.0667285098243156        3.3988074780139379
       39.2892901128640943        5.1328683462362426
       38.0374744683632287        6.9253190265560391
       38.8491150818780824        8.8271163176241778
       38.0613343284466339       10.4213015983754982
       39.3074674562827013       12.1438709246144807
       38.0752475306935381       13.8564064605510175
       39.2919445475696776       15.5707159864489846
       37.9662863927307583       17.7500000000000000
       40.6185750072326002        3.4231197858921414
       40.2868902357541714        6.4606793860373628
       40.5960191591505151       10.5857129368756269
       40.6496246649651809       13.8564064605510175
       39.8447080945098122       17.2434137558859746
