            93            94           176
            61           450            57
           100            68            69
           191           193            84
           683           682            50
           170            97             1
           440           441           398
           398           441           442
           439           440           397
           196           197           195
           196           247           197
           246           247           196
           527           526            56
           403           450            58
           450            61            58
           318           317           366
           546           544            57
           545           544           546
           546           496           545
           542           544           543
            57           450           497
           449           450           403
           449           497           450
           496           497           449
            68           100           101
           187           186           236
           236           237           187
           193           191           192
           192           191           241
           195           193           194
           663           633           662
           663           683            50
           662           683           663
           655            42           680
            93           176           178
           174           176            94
            97           170           172
           184           186            88
           566           595           596
           596           595           621
           169           170             1
           220           170           169
            97           172            96
           487           440           439
           441           440           487
           484           535           485
           534           535           484
           536           535           534
           135           115           134
            63           103           104
           136           135           156
           357           309           356
           308           307           356
           356           309           308
           148           128           127
           297           246           296
           297           247           246
           661           683           662
           682           683           661
           661           660           682
           432           391           390
           531           532           482
           529           480           479
           479           478           529
           529           478           528
           528           478           527
           527            56           528
           268           218           217
           315           364           316
           316           364           317
           365           364           403
           317           364           365
           365            58            61
            61           366           365
           365           366           317
           363           364           315
           547           546            57
           496           546           547
            57           497           547
           547           497           496
           401           445           446
           444           445           401
           542           543           492
           448           449           403
           403           364           448
           101           113           114
           134           115           114
           114           113           134
           110           109           130
           130           129           150
           130           109           129
           100           110           111
           110           130           111
           200           151           150
           197           247           198
           134           113           133
           133           113           132
           256           207           206
           254           204           203
            84            87           189
           242           192           241
           296           246           295
           295           343           296
           341           386           342
           342           386           387
           387           343           342
           179           178           228
           225           226           175
           175           226           176
           176           174           175
           228           178           177
           177           178           176
           176           226           177
           226           227           177
           177           227           228
           171           170           220
           171           172           170
           171            96           172
           236           186           185
           186           184           185
           182           184            88
           286           237           236
           285           334           286
           377           327           376
           722           723           716
           716           723           717
            36           517           518
           518           517           567
           567           517           516
           516           566           567
           422           467           516
           516           468           422
           517           468           516
           597           566           596
           567           566           597
            33           699           698
           676           697           677
           650           676           677
           675           676           650
           717           723           718
           708           707           717
           708           719           709
           708           709           692
           692           707           708
           717           718           708
           708           718           719
           692           709           693
           709            23           693
            10           548           498
           501           454           453
           501           455           454
            16            17           720
           720            17           721
           700           684            16
           701           684           700
           225           175           224
           224           175           174
           489           442           441
           489           443           442
           442           443           399
           399           443           444
           439           397           438
           438           485           439
           537           487           486
           486           485           535
           536           537           486
           486           535           536
           486           487           439
           439           485           486
           482           532           533
           532           534           533
           533           534           484
           484           483           533
           533           483           482
           436           396           395
           351           395           352
           352           395           353
           305           304           352
           352           353           305
           354           306           305
           307           306           354
           308           309           259
           256           306           257
           257           307           308
           257           306           307
           257           207           256
           108           128            62
           108           127           128
            62            63           105
           105           106            62
           105            63           104
           161           212           162
           162           212           163
           476           526           527
           524           526           525
           526           476           525
           525           476           475
           522            55           523
           523            55           524
           348           391           349
           348           347           391
           299           347           348
           344           343           387
           387           388           344
           296           343           344
           631           661           662
           660           661           631
           427           426           471
           573           574           572
           431           390           430
           478           479           431
           431           479           432
           432           390           431
            71           347           299
           391           347            70
            70           390           391
           347            71            70
           430           390            70
            70            71           430
           481           531           482
           480           531           481
           529           528           530
           530           480           529
           530           531           480
           532           531           530
           530           528            56
           167           218           168
           167           217           218
           267           217           266
           267           316           317
           266           316           267
           267           317           318
           318           268           267
           268           217           267
           362           363           315
           313           361           362
           362           361            60
           362           401           446
            60           401           362
           446           445           493
           445           492           493
           493           492           543
           545           496           495
           496           449           495
           449           448           495
            68           101           102
           101           114           102
           102           114           115
           102            63            68
            69           109            99
            99           109           110
            99           100            69
            99           110           100
           112           111           132
           132           113           112
           112           113           101
           112           101           100
           100           111           112
           150           151           131
           131           130           150
           132           111           131
           131           111           130
           150           129           149
           149           200           150
           247           297           248
           248           198           247
           197           198            83
           195           197            83
           203           204           153
           155           206           156
           156           206           157
           157           207           208
           157           206           207
           255           306           256
           255           304           305
           255           254           304
           304           254           253
           253           254           203
           188           189            87
            87           186           188
           186           187           188
           238           187           237
           239           189           238
           238           188           187
           189           188           238
           190           191            84
           241           191           190
           190           189           239
           289           337           290
           291           242           241
           290           339           291
           192           242           243
           193           192           243
           243           194           193
           290           337           338
           338           339           290
           338           385           339
           340           386           341
           339           385           340
            81           386           340
           340           385            81
           245           295           246
           246           196           245
           245           196           195
           195           194           245
           343           295           294
           341           342           294
           294           342           343
           181           231           232
           181           182            88
           232           182           181
           282           233           232
           282           231           281
           232           231           282
           180           179           230
           180           181            93
           230           181           180
            93           178           180
           178           179           180
           236           185           235
           235           286           236
           285           286           235
           232           233           183
           183           182           232
           184           182           183
           378           327           377
           333           334           285
           331           379           418
           418           380           331
           229           179           228
           230           179           229
           457           505           458
           327           279           326
           326           376           327
           717           707           706
           706           716           717
           422           468           423
           515           516           467
           623           597           596
           598           597           623
            42           654            35
           598           623           624
           697           676           696
           696           698           697
           696           694            32
            33           698           696
           695           676           675
           694           696           695
           695           696           676
           675           650           649
           724           723            22
           724           718           723
            22           719           724
           719           718           724
           673           646            30
           673           647           646
           646           645           672
           672            26           646
           671           642           692
           692           693           671
           671           643           642
            25            24           670
            21           723           722
            22           723            21
           712           720           721
            16           720           710
           710           700            16
           578           548            10
           549           498           548
           684           664            15
            16           684            15
           454           407           406
           453           454           406
           406           452           453
           405           452           406
           369           405           406
           406           407           369
           451           452           404
           404           452           405
             1             2           219
           219           169             1
           220           169           219
           173           224           174
           173           174            94
           274           275           225
           225           224           274
           274           322           275
           273           322           274
           276           227           226
           276           324           277
           276           226           225
           277           227           276
           225           275           276
           276           275           324
           368           405           369
           221           171           220
            59           401            60
            60           400            59
           444           401            59
            59           400           444
           358           359           311
           358           309           357
            65           359           358
           311           359           360
            65           400           360
           360           359            65
           313           312           360
           360           312           311
           360           361           313
            60           361           360
           360           400            60
           488           487           537
           441           487           488
           488           489           441
           444           443           491
           491           445           444
           491           492           445
           444           400            66
            66           399           444
            66           400            65
           442           399            66
           485           438           437
           438           396           437
           484           485           437
           437           483           484
           436           483           437
           437           396           436
           436           395           394
           394           393           434
           351           393           394
           394           395           351
           353           395            67
            67           395           396
            67           396           438
           355           356           307
           307           354           355
           440           356           355
           355           397           440
           103           117           118
           104           103           118
           118           119           104
           136           117           116
           115           136           116
           103            63           116
           116           117           103
           161           160           210
           208           207           258
           308           259           258
           258           257           308
           207           257           258
            62           106           107
           107           108            62
           104           119           120
           120           105           104
           143           162           163
           475           476           429
           475           429            73
            73           429           428
           522           523           472
           345           297           296
           296           344           345
           345           344           388
           632           631           662
           604           631           632
           662           633           632
           633           605           632
           632            51           604
           605            51           632
           603           574           573
           573           572            47
            47           572           571
            47           603           573
           658           629           628
           628           629           602
           660           629           659
           682           660           659
           625           626           599
           599           624           625
           625           654           655
           625           624           654
           471           426           470
           470           520           471
           519           520           470
           477           431           430
           478           431           477
           527           478           477
           477           476           527
           430           429           477
           477           429           476
           430            71           389
           389           429           430
           428           429           389
            72           428           389
           349           391           392
           392           391           432
           392           393           349
           434           393           392
           349           393           350
           350           393           351
           266           217           216
           217           167           216
           494           493           543
           545           495           494
           494           544           545
           494           543           544
           446           493           447
           447           495           448
           448           402           447
           447           402           446
           493           494           447
           447           494           495
           200           149           199
           203           153           202
           154           153           204
           154           135           134
           134           133           154
           133           153           154
           204           155           154
           154           155           135
           119           118           138
           138           118           117
           204           254           205
           256           206           205
           205           155           204
           254           255           205
           250           199           249
           200           199           250
           241           190           240
           240           291           241
           290           291           240
           240           190           239
           337           289           336
           292           291           339
           242           291           292
           292           340           341
           339           340           292
           576            55           522
           577            55           576
           295           245           244
           244           294           295
           194           243           244
           244           245           194
           577           576            54
           604            51            54
           234           185           184
           184           183           234
           234           235           185
           234           183           233
           328           279           327
           327           378           328
           378           329           328
           566           516           565
           514           564           565
           565           515           514
           516           515           565
           595           566           565
           565           564           595
           467           420           466
           419           380           418
           418           466           419
           419           466           420
           419           333           380
           586           587           556
           421           467           422
           421           420           467
           421           419           420
           285           235           284
           284           234           233
           235           234           284
           459           505           506
           459           460           412
           412           458           459
           459           458           505
           278           227           277
           228           227           278
           279           229           278
           278           229           228
           277           326           278
           278           326           279
           714            21           722
           721            17           714
           690           706           707
           519           518           568
           568           518           567
           567           597           568
           568           597           598
           599            40            41
           598           624            41
            41           568           598
            40           568            41
           424           423           468
            36           469           424
           424           468            36
           678           652           677
           677           697           678
           678           679           652
           697           698           678
           678           698           699
           651           650           677
           677           652           651
           618           649           619
           563           564           514
            31           673            30
            32           694            31
           612           586           611
           642           643           612
            23           672           644
           644           671            23
           643           671           644
           614           643           644
           644           645           614
           644           672           645
           408           407           454
           408           456           409
           455           456           408
           410           373           409
           457           458           410
           409           456           410
           410           456           457
           584           610           611
           504           505           457
           409           373           372
           369           407           370
           321           322           273
           321           372           322
           610           639           640
            25           670           640
           701           700           711
           700           710           711
           720           712           711
           711           710           720
           685           684           701
           685           664           684
           665           664           685
            25           640           669
           669           640           639
           669            24            25
           500           501           453
           548           578           579
           579           549           548
             6             7           582
           220           219           270
           270           221           220
           271           221           270
            95           173            94
           273           274           223
           173            95           223
           224           173           223
           223           274           224
           223            95            96
           367           404           405
           405           368           367
            96           171           222
           171           221           222
           222           223            96
           435           483           436
           482           483           435
           434           481           435
           435           481           482
           436           394           435
           435           394           434
            64           438           397
            64            67           438
            64           355           354
            64           354           353
           159           210           160
           262           212           211
           211           212           161
           161           210           211
           124           107           106
           140           120           119
           144           143           164
           164           143           163
           127           146           147
           148           127           147
           168           148           147
           147           167           168
           127           108           126
           126           146           127
           108           107           126
           313           362           314
           314           362           315
           213           212           262
           163           212           213
           388            82           346
           346           345           388
           658           628           627
           627           657           658
            44            47           571
           658           657           681
           681           659           658
            43           659           681
           680            43           681
           681           657           680
           656           625           655
           626           625           656
           656           655           680
           680           657           656
           656           627           626
           657           627           656
           682           659            49
            49           659            43
            50           682            49
            79           520           519
           519           570            79
           571           572            79
            79           570           571
           519            40           569
           569           570           519
           569            40           599
            36           519            39
           519           470            39
            39           469            36
            39           426           469
            39           470           426
           480           481           433
           433           479           480
           432           479           433
           433           481           434
           433           392           432
           434           392           433
           303           352           304
           304           253           303
           351           352           303
           303           253           302
           303           350           351
           302           350           303
           301           348           349
           302           251           301
           301           350           302
           349           350           301
           266           216           215
           215           216           165
           152           131           151
           152           133           132
           132           131           152
           152           153           133
           151           202           152
           152           202           153
           252           251           302
           302           253           252
           252           253           203
           203           202           252
           137           117           136
           137           136           156
           156           157           137
           137           138           117
           299           348           300
           300           249           299
           300           250           249
           251           250           300
           348           301           300
           300           301           251
           382           336           335
           337           336           382
           288           289           239
           239           238           288
           288           336           289
           288           238           237
           521           576           522
            78           576           521
           522           472           521
            77            78           521
           521            76            77
           521           472            76
           469           426           425
           426            85           425
           425           424           469
           338            85           384
            81           385           384
           385           338           384
           384            80            81
           384            85           426
           426           427           384
           427            80           384
           242           292           293
           293           243           242
           341           294           293
           293           292           341
           293           244           243
           294           244           293
           330           282           281
           281           329           330
           379           331           330
           330           329           379
           280           231           230
           230           229           280
           280           229           279
           280           328           281
           279           328           280
           418           379           417
           464           416           463
           463           511           464
           418           417           464
           464           417           416
           379           329            89
           416           417            89
           461           508           509
           461           414           460
           506           556           557
           557           556           587
           412           460           413
           377           376           413
           376           375           413
           413           375           412
           413           414           377
           460           414           413
           333           421           381
           381           335           334
           334           333           381
           422           423            91
            91           421           422
           277           324           325
           376           326           325
           325           326           277
           325           375           376
           325           374           375
           324           374           325
           722           716           715
           715           714           722
           716           706           715
           713           712           721
           721           714           713
           692           642           691
           642           670           691
           691           707           692
           691           690           707
            24           690           691
           423           424           383
           424           425           383
           383            91           423
           337           382           383
           652           679           653
           653           679           654
           654           624           653
           653           624           623
            34           678           699
           679           678            34
            34            35           654
           654           679            34
           620           649           650
           650           651           620
           620           651           621
           620           619           649
           617           647           618
           509            29            27
           513           563           514
           514           515           513
           561           560           591
           564           563           593
           674           695           675
           694           695           674
           674            31           694
           647           673           648
           673            31           648
           618           647           648
           648           649           618
           675           649           648
           648           674           675
            31           674           648
           613           587           586
           613           643           614
           586           612           613
           613           612           643
           411           458           412
           375           374           411
           412           375           411
           411           374           373
           373           410           411
           411           410           458
           583           584           554
           611           586           585
           586           556           585
           585           584           611
           554           584           585
           324           275           323
           275           322           323
           323           374           324
           373           374           323
           323           372           373
           322           372           323
           369           370           320
           320           368           369
           409           372           371
           372           321           371
           371           408           409
           371           321             8
           371           370           407
           641           612           611
           611           610           641
           610           640           641
           642           612           641
           641           670           642
           641           640           670
           636           637           580
           636           635           665
           634           664           665
           665           635           634
           634            15           664
           634           635            15
           606           578            10
           606           579           578
           580           579           606
           608           582            12
            12            13           608
           706           690           705
           705           715           706
           501           500           551
           502           501           551
           551             7           502
           453           452           499
           499           500           453
           549           500           499
           499           452           451
           451           498           499
           498           549           499
           269           219             2
           269           270           219
           273           223             5
             5           223             4
             5           321           273
             9           367           368
           404           367             9
           451           404             9
           272           222           221
           272           221           271
             4           223           272
           223           222           272
           271           320           272
           272           320             4
           489           488           539
           209           258           259
           208           258           209
           209           159           208
           210           159           209
           310           259           309
           310           358           311
           309           358           310
           144           124           123
           123           143           144
           123           124           106
           139           159           160
           119           138           139
           139           140           119
           160           140           139
           141           140           160
           141           160           161
           161           162           141
           145           164           165
           144           164           145
           125           124           144
           146           126           125
           125           145           146
           144           145           125
           107           124           125
           125           126           107
           262           312           263
           263           312           313
           263           314           264
           313           314           263
           263           213           262
           264           213           263
            75           473            74
           523           473            75
            76           472            75
            75           472           523
           475            73           474
            73           473           474
           474           525           475
           474           473           523
           524           525           474
           474           523           524
           297           345           298
           345           346           298
           298           248           297
           630           603           602
           630            52           603
           660           631           630
           630           631           604
           604            52           630
           630           629           660
           602           629           630
           574           603            53
           603            52            53
            53            52           604
           628            44           601
           601           627           628
            45           626           601
           626           627           601
            48            44           602
           602           603            48
           603            47            48
           570           569           600
           600           569           599
           599           626           600
           600           626            45
           265           316           266
           315           316           265
           265           314           315
           264           314           265
           266           215           265
           265           215           264
           163           213           214
           165           164           214
           214           164           163
           214           213           264
           264           215           214
           214           215           165
           201           250           251
           151           200           201
           201           202           151
           200           250           201
           251           252           201
           201           252           202
           287           286           334
           237           286           287
           287           288           237
           336           288           287
           334           335           287
           335           336           287
           283           330           331
           283           284           233
           233           282           283
           282           330           283
           415           378           377
           377           414           415
           508           461           507
           460           459           507
           507           459           506
           507           461           460
           506           557           507
           507           557           508
            90           382           335
           335           381            90
            90           383           382
            91           383            90
           701           711           702
           702           711           712
           712           713           702
            86           425            85
            86           383           425
            86            85           337
           337           383            86
           622           651           652
           596           621           622
           622           623           596
           621           651           622
           622           653           623
           652           653           622
           560           561           510
           510           561           511
           510           511           463
           463            29           510
           463           416            28
           416            27            28
            28            29           463
           462           461           509
           509            27           462
           414           461           462
           462           415           414
           462            27           416
           416           415           462
           563           513           512
           511           561           512
           619           620           594
           594           621           595
           595           564           594
           594           620           621
           564           593           594
           594           593           619
           591           617           592
           618           619           592
           592           617           618
           619           593           592
           552             6           582
           582           583           552
           502             6           552
           609           582           608
           609           583           582
           584           583           609
           610           584           609
           608           639           609
           609           639           610
           506           505           555
           555           556           506
           555           504           554
           505           504           555
           554           585           555
           555           585           556
             4           320             3
             3           370             8
           580           637           607
             7           551           550
           550           579           580
           549           579           550
           550           500           549
           550           551           500
           270           269           319
           271           270           319
           319           269             2
           319           320           271
           368           320           319
           489           539           490
           443           489           490
           490           491           443
           490           539           540
           538           537           536
           540           539           538
           538           488           537
           538           539           488
           261           312           262
           311           312           261
           262           211           261
           261           310           311
           138           137           158
           208           159           158
           158           157           208
           158           137           157
           158           139           138
           159           139           158
           105           120           121
           120           140           121
           140           141           121
           165           216           166
           166           147           146
           166           216           167
           167           147           166
           166           145           165
           146           145           166
           575            78           574
           574            53           575
           575           576            78
           575            54           576
            46           600            45
           570           600            46
           571           570            46
           285           284           332
           284           283           332
           332           333           285
           332           283           331
           380           333           332
           332           331           380
            92            89           378
           378           415            92
           416            89            92
            92           415           416
           686           685           701
           701           702           686
           559           510           509
           559           589           560
           509           508           559
           614           645           615
            37           512           513
           511           512            37
           562           593           563
           563           512           562
           562           592           593
           591           592           562
           562           561           591
           562           512           561
           502           552           553
           554           504           553
           553           583           554
           553           552           583
            11            12           582
           582           607            11
           580           607           581
           581           550           580
             7           550           581
           582             7           581
           581           607           582
           492           491           541
           491           490           541
           541           540           542
           542           492           541
           541           490           540
           260           211           210
           210           209           260
           260           209           259
           259           310           260
           260           261           211
           310           261           260
           143           123           142
           162           143           142
           142           141           162
           142           121           141
           106           105           122
           122           123           106
           105           121           122
           122           142           123
           121           142           122
           665           685           666
           685           686           666
           666           636           665
           714           715           704
           715           705           704
           508           557           558
           558           557           587
           558           559           508
           589           559           558
           616           615           645
           646           647           616
           647           617           616
            38           466           418
           418           464            38
           502           553           503
           503           553           504
           503           504           457
           457           456           503
           503           455           502
           503           456           455
            14            11           637
           637           636           667
           636           666           667
           703           686           702
           703           702           713
           713           704           703
           588           615           589
           588           613           614
           587           613           588
           614           615           588
           588           558           587
           589           558           588
           590           617           591
           591           560           590
           589           615           590
           590           616           617
            37            38           465
           465           464           511
           511            37           465
           465            38           464
           687           666           686
           686           703           687
            24           669           689
           689           690            24
           689           705           690
            18           667           666
           666           687            18
           688           704           705
           705           689           688
           688           687           703
           667            18           638
           638           669           639
           637           667           638
           638           639           608
           608            13           638
            13            14           638
           638            14           637
            20           688           689
            20            18           687
            19           638            18
           668           689           669
           669           638           668
           638            19           668
           668            20           689
           668            19            20
           398           357           356
           356           440           398
           363           362           402
           402           362           446
           364           363           402
           402           448           364
           358           357           398
           398           442           358
            65           358            66
           239           289           240
           240           289           290
           467           466           513
           513           515           467
            10            15           606
           606           636           580
           635           636           606
            10           498             9
             9           498           451
           421            91            90
             2             9           319
            38            37           513
