        0.2500000000000000        0.2500000000000000
        7.7500000000000000        0.2500000000000000
        7.7500000000000000        7.7500000000000000
        6.0000000000000000        7.7500000000000000
        6.0000000000000000        8.2500000000000000
       18.0000000000000000        8.2500000000000000
       18.0000000000000000        7.7500000000000000
        8.2500000000000000        7.7500000000000000
        8.2500000000000000        0.2500000000000000
       21.7500000000000000        0.2500000000000000
       21.7500000000000000        7.7500000000000000
       21.7500000000000000        8.2500000000000000
       22.2500000000000000        8.2500000000000000
       22.2500000000000000        7.7500000000000000
       22.2500000000000000        0.2500000000000000
       33.7500000000000000        0.2500000000000000
       33.7500000000000000        7.7500000000000000
       26.0000000000000000        7.7500000000000000
       26.0000000000000000        8.2500000000000000
       26.2500000000000000        8.2500000000000000
       33.7500000000000000        8.2500000000000000
       33.7500000000000000       17.7500000000000000
       26.2500000000000000       17.7500000000000000
       26.2500000000000000       12.0000000000000000
       25.7500000000000000       12.0000000000000000
       25.7500000000000000       21.7500000000000000
       13.7500000000000000       21.7500000000000000
       13.7500000000000000       22.2500000000000000
       14.2500000000000000       22.2500000000000000
       25.7500000000000000       22.2500000000000000
       25.7500000000000000       25.2500000000000000
       28.7500000000000000       25.2500000000000000
       28.7500000000000000       34.7500000000000000
       25.7500000000000000       34.7500000000000000
       25.7500000000000000       37.7500000000000000
       14.2500000000000000       37.7500000000000000
       14.2500000000000000       26.0000000000000000
       13.7500000000000000       26.0000000000000000
       13.7500000000000000       38.2500000000000000
       18.7500000000000000       38.2500000000000000
       19.2500000000000000       38.2500000000000000
       25.7500000000000000       38.2500000000000000
       25.7500000000000000       45.7500000000000000
       19.2500000000000000       45.7500000000000000
       19.2500000000000000       41.7500000000000000
       18.7500000000000000       41.7500000000000000
       18.7500000000000000       46.2500000000000000
       19.2500000000000000       46.2500000000000000
       25.7500000000000000       46.2500000000000000
       25.7500000000000000       53.7500000000000000
       19.2500000000000000       53.7500000000000000
       19.2500000000000000       49.2500000000000000
       18.7500000000000000       49.2500000000000000
       18.7500000000000000       53.7500000000000000
       16.7500000000000000       53.7500000000000000
       16.7500000000000000       62.7500000000000000
       16.7500000000000000       97.7500000000000000
        9.2500000000000000       97.2500000000000000
        9.2500000000000000       88.0000000000000000
        8.7500000000000000       88.0000000000000000
        8.7500000000000000       97.2500000000000000
       -6.7500000000000000       97.2500000000000000
       -6.7500000000000000       75.2500000000000000
        8.7500000000000000       75.2500000000000000
        8.7500000000000000       85.0000000000000000
        9.2500000000000000       85.0000000000000000
        9.2500000000000000       74.7500000000000000
       -6.7500000000000000       74.7500000000000000
       -6.7500000000000000       63.2500000000000000
        9.2500000000000000       63.2500000000000000
        9.2500000000000000       62.7500000000000000
        9.2500000000000000       58.2500000000000000
       12.2500000000000000       58.2500000000000000
       12.2500000000000000       54.2500000000000000
       13.2500000000000000       54.2500000000000000
       13.2500000000000000       53.7500000000000000
       13.2500000000000000       50.7500000000000000
       16.2500000000000000       50.7500000000000000
       16.2500000000000000       41.7500000000000000
       10.2500000000000000       41.7500000000000000
        9.7500000000000000       41.7500000000000000
        9.7500000000000000       53.7500000000000000
        0.2500000000000000       53.7500000000000000
        0.2500000000000000       38.2500000000000000
       10.2500000000000000       38.2500000000000000
       10.2500000000000000       37.7500000000000000
        0.2500000000000000       37.7500000000000000
        0.2500000000000000       22.2500000000000000
        9.7500000000000000       22.2500000000000000
        9.7500000000000000       34.2500000000000000
       10.2500000000000000       34.2500000000000000
       10.2500000000000000       21.7500000000000000
        0.2500000000000000       21.7500000000000000
        0.2500000000000000        8.2500000000000000
        2.0000000000000000        8.2500000000000000
        2.0000000000000000        7.7500000000000000
        0.2500000000000000        7.7500000000000000
        0.2500000000000000        0.2500000000000000
        8.4997131981212171       81.0793325521472639
        6.5103689668464932       83.0981291100351598
        7.0022787011904546       90.1008090572633051
        8.0892371584756759       92.1261687429474847
        9.0400150647500332        0.2500000000000000
        8.8246916512161295        7.6794669508717472
        8.2041687826967582       75.8411862742985647
        9.4027110078412921       84.7367569102327565
        8.3059781846354390       88.7194745098362034
        8.5791632729333962       97.2500000000000000
        9.9057096646491605        5.6759789459840686
        8.3803500946227505       27.6471048669215271
        7.6724565158712066       34.3452236980751167
        8.2526947283664551       42.0562849965585812
        9.7500000000000000       45.1381054368887646
        9.3008786815016489       51.5373589111584209
        6.2207890993269359       65.0762770317964225
        7.2112565169339709       87.6923591688518798
        9.2499999945075171       58.2499999939450177
        9.2500000000000000       61.7638902058784964
        8.6954905469528327       63.3264614137736217
        9.0021323083829454       74.4394322570272067
        9.1490276589383939       85.0000000000000000
        9.5959531604254220       88.7168025860462421
        9.5427843543751170       97.2695189569911491
        8.8561175877300649       22.4623734404275979
        9.7249711755288786       34.0182162153425764
        9.7500000000000000       43.0638000220528241
        9.7499999857968511       53.7499999993018420
       10.2284958135020929        8.4038362993891820
        9.2500000000000000       61.2808459083882511
        9.9766038120317599       84.3275207950859027
       10.3380662288280352       89.2113408913762527
        8.9885944037926393       22.4313933365117606
       10.5879135299260696       32.9205566625965602
        9.1269516932872907       37.7500000000000000
        9.3168414065389822       39.1804816675532024
       10.4606010405889212       41.7500000000000000
        8.4853767662470307       14.5590886754131663
        9.6757079609554637       21.1579376803991437
        9.4146103136156079       24.7767622760173225
        9.5347517530820500       31.4380807915556524
       10.6751082717060726       38.4038708781668845
       11.2882180588643823       41.7500000000000000
       11.1001956541234854       58.6839168987545889
        9.3482726696646239       77.4176122314231634
        9.5609940797195438       82.6161442468664688
       11.8516535079419203       86.7174159908796582
        9.6841110180197827       93.3682869566836331
       10.9730730877935727       97.3648715396350468
       11.2451815153744654        0.7633933514927804
       11.8570772928272437        7.3445823155245451
       11.2603771005796478       29.3001700378282983
       14.2500000000000000       34.3698221410984814
       10.8502647447451377       90.9691347000422610
       12.7192672403297049       96.8051709769183049
       12.2500000000000000       54.2500000000000000
       12.2500000000000000       57.0866597815299741
       12.7458214570708801        8.6071573407377482
       12.3888754804747876       24.2329048414327879
       13.7485169336561412       27.9781649414297284
       14.4174492837696953       31.6316098833620210
       12.7713173983031396       37.4257253634724236
       12.5986797222514717       41.7500000000000000
       14.4767610507815956       58.8541539694994214
       13.2500000000000000       50.7500000000000000
       13.2500000000000000       53.2065800972797760
       13.1606214300637490       55.2845624602374812
       14.3343630388502365       21.0785646480991140
       14.2021948703866556       22.3407223640029287
       14.0056385574344731       26.0000000000000000
       13.9135574025202757       38.2500000000000000
       14.1286221645333914        0.2500000000000000
       13.6888536444524984        7.7500000000000000
       14.1739993874608246       22.2581417608885062
       14.2500000000000000       26.7567549116391632
       14.3258458761660386       40.6446440610316841
       14.8951635636516286       70.4763604368166341
       14.4003222812742049       80.2846593185754642
       15.2000314773588219       21.7500000000000000
       14.6244300319066838       27.1950386646023574
       15.3303845424730838       36.8366771664065880
       15.1561631396873686        8.6048585972644318
       13.3418556040601022       14.1114491376869058
       14.5557217292201138       28.4728455991482647
       14.3507760669814886       30.0178640449450604
       15.0904188250570002       41.7500000000000000
       16.7500000000000000       73.1148648375333465
       16.7500000000000000       83.2865911547999787
       16.7500000000000000       89.6401994660120778
       14.7264075682214290       96.8705028413942273
       15.9130188521034182        7.6030727328197347
       15.6727467875529882        9.8678605161578101
       16.4983578214458753       21.7500000000000000
       14.6663344201313883       33.4540790018807357
       14.9366751494264332       37.5927456894062217
       16.7500000000000000       60.6885259431048496
       16.7500000000000000       64.7839415611776275
       16.7500000000000000       67.5907365106987896
       16.7500000000000000       77.6150310782435469
       16.7500000000000000       80.8154427894305627
       16.7500000000000000       85.4238144262494643
       16.7500000000000000       92.2072255421380049
       16.2500000000000000       42.8914875569943419
       14.9358060541261075       50.7500000000000000
       18.4032473289712613       53.7500000000000000
       16.7500000000000000       62.4697885369080552
       16.7500000000000000       97.2873577396631077
       16.9672116088950062        0.9183621665723349
       18.1332919779222017       15.7124411343478272
       16.4870920682162527       41.5641819218942175
       16.2500000000000000       44.8695822929859460
       16.2500000000000000       47.9850935160672236
       16.8327331207113353       51.8008260663620916
       16.9982490904204511        8.6494198275548406
       17.5048368501728824        8.5916320556917896
       18.1482557335912631       21.0810189709906837
       17.4502618195966051       22.2951013773038298
       16.5838991548239001       32.4596803134815204
       17.2611863364722140       37.7500000000000000
       19.4319530358061670       50.4571494633274682
       18.2043885481188603       53.7500000000000000
       18.5757060195624462       38.2500000000000000
       19.2500000000000000       42.1177567820028997
       18.5562575207091776       46.0209836331716957
       19.7418953349276194       49.7054940650805861
       18.6261994850716626       53.6948279891029969
       19.5637778439643633        5.5557615682214294
       19.8281636291702021       21.6887358550443103
       19.8933232720916102       24.1477857273189116
       20.0993992464947162       42.3856973266546859
       19.2500000000000000       50.2348018534651928
       20.7926668530821139       37.4367254378266026
       20.2460660875075966       43.1364733365698498
       19.6948527878534776       44.3204555247624796
       19.6219604979664304       45.6521191377160633
       18.4397317502237286       50.5397798998239693
       20.0036281931476125       53.7500000000000000
       20.6254789187149292        9.5254253428674911
       20.3574055337140933       21.7500000000000000
       18.8731251247200191       34.0502224683883412
       21.1265557480578074       46.2500000000000000
       19.2500000000000000       53.7499999851156147
       21.3550214092157091        0.2500000000000000
       21.7500000000000000        6.4523878945232980
       21.1562437615539842        8.4673962560074223
       21.6738850619820909       21.5192117476805436
       22.2709395856488861       46.2500000000000000
       21.5725019450617239       53.7500000000000000
       23.2666685002207423        0.2500000000000000
       22.2500000000000000        7.0530338376886608
       22.2500000000000000        7.6930375067603070
       22.2500000000000000        3.3568037732021558
       21.7500000000000000        4.9874819767653058
       21.8186177466252857       12.4021243691643814
       24.6576147513479569       24.1373142226029103
       23.8171822698977245       48.0199796878790721
       23.2333272617761324       52.3312072047018901
       23.7013513418749113        8.4107629005264410
       25.2658815378940211       15.9418359612634113
       22.8634975171113091       21.7500000000000000
       23.8162359073176795       25.9598125245460238
       23.9122632844814227       33.7918432733134964
       24.7920004958828812       41.8256779378659331
       24.2950334057979696       53.7500000000000000
       24.7579894936497524       11.4116251499004413
       25.2960671841342517       14.2676371784354803
       25.3082248916025776       17.8021908209776498
       24.7557751920922549       20.2496887800786247
       26.0005937993314831       31.4033164698591136
       24.6813007754424767       35.5956649735664072
       24.0854764391436902       44.6292671559557377
       25.7500000000000000       48.5606289235642166
       25.7500000000000000       13.5523839740303540
       25.7499999984219876       22.2499999888316609
       25.7500000000000000       21.6481311707909221
       25.7500000000000000       24.2705991504891756
       25.7500000000000000       36.2141458780823555
       25.7499999857859017       38.2499999992769162
       25.7500000000000000       38.2500000000000000
       25.7500000000000000       45.5242424493427791
       25.7500000000000000       46.2762811985879168
       25.7500000000000000       53.2878073209047756
       26.6099977657419338        7.4262489255473421
       26.1759757801708020        7.4572740297234406
       26.0293373647421404        9.1700813828648151
       26.6956971754125192       25.2500000000000000
       27.1315028561918332        8.3254633433752634
       26.5463472722681573       12.6637298620071785
       25.6831238106749673       18.0481685890910946
       28.3345567877796043       11.2825629426866847
       27.7980622411702747       17.6708696465264445
       26.9592536603783302       34.7500000000000000
       26.8569959630103412        0.2854459623558001
       28.3020653321610212        7.5361897538752025
       26.3513671307815756       14.8055317350260616
       28.2047717775950382       27.1917722087326261
       28.7500000000000000       29.3741158008652192
       28.7500000000000000       32.1355707332272331
       28.7499999842958012       25.2500000000686278
       28.6285019565157803       34.4133820024172934
       28.6006698652102713        2.3955426577489956
       28.5184982172245753        8.2500000000000000
       29.2354068234983622       17.7500000000000000
       30.1821947950465272        0.2500000000000000
       29.5453791420275458        6.4049465221101194
       30.7831365062630411        8.2500000000000000
       30.5857066145301673        9.7741642981190875
       30.7526713423470603       17.7500000000000000
       32.4829285094116074        1.9050573540008475
       33.7500000000000000        5.1525817291417972
       33.3282956650007662       12.7333279639428767
       33.0119315566472693       14.5685797929236962
       32.6505678255601026        6.5399830693628562
       33.7500000000000000       10.2089866177479092
       32.5034885226990440       17.6079337350657710
       33.7387985613381574        0.2500000000000000
       33.7500000000000000        7.6633304451383450
       33.7500000000000000        8.7571621587612878
       33.7500000000000000       17.5520910740571381
