           100           101            62
            62            63           100
            84           112           113
            62           101           102
           102           108            62
            99           177           145
            99            63           105
            99           100            63
           120           176           186
            93           137           132
           305           317           306
           134           112            84
           217           254           239
           296           297           268
           154           123           147
           148           123           154
           130           100           145
           145           177           130
           188           146           200
           200           201           188
           101           100           116
           147           102           153
           153           146           188
           188           201           153
           153           154           147
           201           154           153
           197           186           176
           197            70           196
           186           197           198
           199           177           198
            88           124           139
           139           110            88
           138           132           137
            92           132           138
            27            92           138
            15           248           251
           251           248           292
           226           251           252
           207           251           226
           306           317           313
           313           310           306
            27           138           167
           263           256           281
           263           247           256
           299           297            33
           291           268           297
           297           299           291
           231           239           261
           261           239           254
           254           268           261
            40            46           209
           281           256           271
            50           281           271
           262           232           231
           231            42           262
           262           270           246
           279           270           262
           262            42           279
           147           123            58
           189           201           206
           189           154           201
           189           206            57
            57           148           189
           148           154           189
           187           177           199
           199           200           187
           187           130           177
           146           130           187
           187           200           146
           146           153           131
           131           102           101
           131           153           102
            66           130           146
           146           116            66
           114           127            83
            83           113           114
            84           113            83
           156            74           166
           196            70            56
           115           176           120
           120            64           115
           115           197           176
            70           197           115
           115            68            69
           115            64            68
           120           186           144
           186           198           144
           144           198           177
           144            67           120
           105            67           144
           144            99           105
           177            99           144
            89           139           124
            28            92            27
           110           139           158
            92            28           158
           158            89            92
           139            89           158
           228           254           217
           137             5             3
            95           137            93
            95             5           137
            93            94            95
           242           251           207
           207           226           213
           171           242           207
           103           242           171
             8             3           109
           137             3           128
           128           109           157
           310           313           318
           314           318            22
           316           309            16
            16           309           308
           308           315            16
           258           208           253
           215           167           182
           182           208           215
           182           138           137
           182           167           138
           182           191           208
           243           226           252
           252           249           243
           293           305           306
           306           289           293
           294           289           306
           126           113           112
           141           142            85
           185           162           175
           175            40           209
            88           110           140
           224           211            53
            55           165           203
           203           165            77
           231           261           269
           269           277           231
           276           277           269
           268           291            34
            34           261           268
            34           269           261
           276           269            34
           231           232           229
            46            40           229
           218           194           217
           217           239           218
            40           175           218
           218           239           231
           255           271           256
           246           280           255
           255           280           271
           235           255           256
            52           255           235
           232           262           233
           233           262           246
           147            58            61
           101           116           107
            59           116           146
           146           131            59
            65           116           100
           129           143           163
           163           204           195
           163           118           129
           166           204           163
           163           156           166
           195           205           163
           205           118           163
            71            56            70
            71           118           205
           205            56            71
            27           167           168
            96            97             1
             7           213           226
           103           171           149
           149           109           103
           149           171           157
           157           109           149
             8           109           104
           109           128           104
           260           268           254
           266           208           258
           215           208           266
           273           267            23
           245           266           267
           254           228           245
           245           260           254
           309           316           312
           300           308           309
           300           251           292
           252           251           300
           300           282           252
           315           308           303
           292           248           303
           303           300           292
           308           300           303
           258           253           265
           265           294           258
           191           182           150
           137           128           150
           150           182           137
           252           282            18
            20           293           289
           306           310           311
           311           294           306
           310           318           311
           318           314           311
           289           294           287
           170           175            39
           185           175            79
            79           175           209
            36           175           170
           180           175            36
           160           152           133
           133           140           160
           256           247           236
           236           235           256
           166            74            75
            75           204           166
           211           224            78
            78           224           219
            45           229           232
            46           229            45
           231           229            41
            41           229            40
           221           218           231
            44           233           240
           246           255           240
           202            79           209
            60           107           116
           116            59            60
           122            59           131
           101           107           122
           116            65           106
           106            65           100
            73           163           143
           156           163            73
            72           143           129
           129           117            72
            72           117           143
           119           115           118
            70           115           119
           228           174           192
           110           158            38
            38           169           110
           158           174            38
            37           228           179
            37           174           228
            37            38           174
           173           158            28
           173           174           158
           173           192           174
             4           109             3
             4             2           109
           103           109             9
           109             2             9
           285           298           295
           285           295           296
           296           268           285
           268           260           285
           296           295            32
           295           298            32
           267           266           288
           288           266           258
           238           245           228
           215           266           227
           266           245           227
           317           305            21
           304           300           309
           304           305           301
           301           282           304
           282           300           304
           304           312           305
           309           312           304
           272           265           253
           253           264           272
           272           264            25
           272           287           265
           257           264           253
           257           249           252
           252            18           257
           207           213           181
           181           171           207
           157           171           181
           208           191           237
           191           214           237
           237           253           208
           237           244           253
           237           214             6
             6             7           237
           237             7           226
           226           243           237
           243           244           237
            11           244           243
           289           264           284
           284            20           289
            19            20           284
           264           257           284
           286           282           301
           286            18           282
           294           311           302
           289           287            24
            25           264            24
            24           264           289
            81           126           112
           112           134            81
           134            85            81
            85            80            81
           136            85           142
           136            80            85
           141            85            86
            86           152           141
            86           135           152
           111           134            87
           111           135           134
           111            87            88
            88           140           111
           152            36           161
           161            36            39
           141           152           161
           161            39           175
           161           175           162
           161           142           141
           162           142           161
           217           194           193
           194           152           193
           183           228           217
           179           228           183
           151           140           110
           151           160           140
           219           236           241
            76           165            55
            55           204            76
           204            75            76
            55           203           212
           203            78           212
           212           220            55
           219           220           212
           212            78           219
            43           270           279
            43            49           270
           223           210           233
           223            47           211
           211           210           223
           222           210           202
           209            46           222
           222           202           209
           233           210           222
           232           233           222
           121            66           116
           116           106           121
           121           106           100
           130            66           121
           178           168           167
           178           167           215
           215           192           178
            31           260           275
            31           285           260
           259           245           267
           267           273           259
           259           274            30
            30           275           259
           275           260           259
           260           245           259
           216           238           228
           228           192           216
           216           192           215
           215           227           216
            17           312           316
            17            21           312
           249           257            14
            13           257           253
            13            14           257
           283           257            18
            19           284           283
           283           284           257
           190           214           191
           191           150           172
           172           190           191
           294           302           290
            23           288           290
           290           288           294
           307           311           314
           307           302           311
           307           314            22
           133           152            91
           152           135            91
           160           151           184
           184           183           217
           217           193           184
           184           193           160
           225           220           219
           219            54           225
           230           234           240
           230           255            52
           230           240           255
           230            48           234
           230            52            53
            47            48           230
            53           211           230
           211            47           230
           192           173            29
            29           173            28
           250            13           253
           125            91           135
           133            91           125
           159           184           151
           159           169           179
           110           169           159
           159           151           110
           253           244            12
            12           250           253
           244            11            12
           135           111            90
            90           125           135
            90           111           140
            95            96             4
             5            95             4
             1             2             4
             4            96             1
