           260           241           259
           259           278           260
           414           435           436
           436           435           456
           413           414           390
           435           414           413
           353           331           377
            10             1             9
           512           492           504
           502           490           489
           474           456           455
           487           486           501
           380           404           405
           406           382           405
           455           456           434
           434           456           435
           409           384           408
           385           384           409
            12             3             2
           437           438           415
           494           478           477
           353           377           378
           447           446           467
            38            19            18
           277           278           259
           277           296           278
           389           413           390
           389           390           366
           503           490           502
           473           489           490
           473           474           455
           491           504           492
           491           473           490
           474           473           491
           490           503           491
           491           503           504
           475           491           492
           474           491           475
           487           501           471
           405           404           427
           427           406           405
           448           406           427
           357           337           336
           315           335           336
           336           335           357
           358           337           357
           359           337           358
           404           380           379
           357           335           356
           356           379           380
           356           335           355
           355           379           356
           408           384           407
           407           429           408
           407           406           429
           382           406           407
           468           450           449
           429           406           428
           428           406           448
           428           448           449
           449           450           428
           428           450           429
           388           364           387
           413           389           388
           388           389           364
           385           409           386
           387           362           386
           386           362           385
           415           438           416
            75            55            54
           422           421           444
           444           421           443
           482           499           500
           494           493           507
           439           438           459
           438           437           459
           459           437           458
           458           477           459
           354           331           353
           354           332           331
           401           426           403
           425           447           426
           425           426           401
           401           424           425
           425           424           446
           446           447           425
             5            19            20
            19            38            20
             8             6             7
           364           389           365
           365           343           364
           365           389           366
           387           364           363
           363           362           387
           364           343           363
           363           343           342
           432           453           454
           455           434           454
           489           473           472
           472           471           489
           453           471           472
           472           473           455
           455           454           472
           472           454           453
           476           493           494
           494           477           476
           476           477           458
           456           474           457
           474           475           457
           436           456           457
           489           471           488
           488           471           501
           502           489           488
           382           358           381
           405           382           381
           381           380           405
           381           358           357
           357           356           381
           381           356           380
           385           362           361
           360           384           385
           385           361           360
           360           361           339
           360           339           359
           334           335           315
           296           277           295
           383           407           384
           359           358           383
           383           358           382
           382           407           383
           383           360           359
           384           360           383
           431           409           408
           452           453           432
           432           431           452
           469           486           487
           469           468           486
           450           468           469
           469           451           450
           432           454           433
           433           454           434
            24            25             9
            10             9            11
             9            25            11
             2            10            11
            11            12             2
           239           258           240
           222           181           202
           367           416           392
            54            34            53
            53            75            54
            16             4            15
            12            11            27
           443           421           442
           446           424           423
           422           444           423
           467           446           445
           446           423           445
           445           423           444
           478           496           479
           496           497           480
           480           479           496
           462           479           480
           495           478           494
           494           507           495
           495           496           478
           508           493           506
           508           507           493
           401           403           402
           402           403           378
           402           378           377
            21            20            40
            21             7             6
            21             6             5
             5            20            21
            40            22            21
            22             7            21
           338           337           359
           359           339           338
           315           297           314
           314           334           315
           314           297           296
           313           334           314
           296           295           314
           314           295           313
           355           335           333
           335           334           333
           333           334           313
           430           431           408
           408           429           430
           451           452           430
           430           452           431
           429           450           430
           450           451           430
           453           452           470
           487           471           470
           470           471           453
           470           452           451
           470           469           487
           451           469           470
           432           433           410
           410           431           432
           410           386           409
           409           431           410
           412           434           435
           412           433           434
           435           413           412
           413           388           412
            23             7            22
            23            24             9
             8             7            23
            23             1             8
            23             9             1
           276           258           257
           258           239           257
           222           202           221
           221           238           239
           221           220           238
           202           220           221
           221           240           222
           221           239           240
           352           377           331
           397           421           422
           415           416           391
           416           367           391
           369           368           393
           393           394           369
           393           368           392
           392           416           393
            34            33            52
            52            53            34
            30            15            29
            29             4            14
            29            15             4
            26            11            25
            26            27            11
           441           442           419
           441           419           440
           443           442           463
           463           441           462
           442           441           463
           467           445           485
           482           500           483
           460           459           477
           460           477           478
           478           479           460
           439           459           460
           498           480           497
           498           499           482
           507           508           516
           104            79            78
            40            20            39
            39            20            38
           242           223           241
           241           260           242
           319           338           339
           341           361           362
           362           363           341
           341           322           321
           341           363           342
           342           322           341
           411           410           433
           411           412           388
           433           412           411
           411           388           387
           387           386           411
           386           410           411
            42            23            22
            24            23            42
            43            24            42
           253           272           254
           250           233           232
           193           213           194
           377           352           351
           351           352           329
           328           308           307
           289           307           308
           398           397           422
           398           373           372
           372           397           398
           420           442           421
           421           397           420
           420           395           419
           419           442           420
           372           371           396
           395           420           396
           396           397           372
           396           420           397
           394           393           418
           440           419           418
           419           395           418
           395           394           418
            32            33            17
            32            52            33
            30            29            48
            12            27            13
            13            29            14
            14             3            13
             3            12            13
            44            26            25
            44            24            43
            25            24            44
           462           480           481
           481           463           462
           481           498           482
           480           498           481
           484           483           500
           466           485           445
           466           484           485
           483           484           466
           462           441           461
           461           479           462
           461           460           479
           439           460           461
           461           440           439
           461           441           440
           509           495           507
           507           516           509
           516           510           509
           509           510           497
           509           497           496
           496           495           509
            80           104           105
            56            79            80
            79           104            80
           158           129           157
           130           158           159
           130           103           129
           129           158           130
           105           104           131
           131           130           159
           103           130           131
            78           103           131
           131           104            78
           108           109            84
           316           297           315
           315           336           316
           261           260           278
           244           262           245
           338           319           318
           321           302           320
            41            42            22
            41            22            40
           255           237           254
           254           272           255
           256           238           237
           237           255           256
           256           255           274
           239           238           256
           256           257           239
           256           274           257
           331           332           311
           311           332           312
           156           155           180
            75            99            76
            77            55            76
            55            75            76
           178           154           153
           237           238           219
           238           220           219
           200           219           220
           218           219           200
           213           232           214
           214           194           213
           214           232           233
           172           147           146
           148           147           172
           124            99            98
            98           123           124
           149           123           122
           122           123            98
            98            97           122
           122            97            96
           376           402           377
           377           351           376
           401           402           376
           350           329           328
           350           351           329
           272           253           271
           253           270           271
           288           289           271
           271           270           288
           395           396           370
           370           396           371
           370           394           395
           369           394           370
           417           393           416
           417           418           393
           417           416           438
           440           418           417
           439           440           417
           417           438           439
            17            16            31
            31            32            17
            16            15            31
            31            50            32
            31            15            30
            30            50            31
            27            26            46
            28            48            29
            29            13            28
            28            13            27
            27            46            28
           463           481           464
           443           463           464
           482           483           464
           464           481           482
           465           445           444
           465           466           445
           465           444           443
           443           464           465
           483           466           465
           465           464           483
           497           510           511
           499           498           511
           511           498           497
           106            80           105
           105           133           106
           157           182           183
           183           158           157
           105           131           132
           132           131           159
           132           133           105
            18            36            37
            37            38            18
            82            58            81
            81           106            82
            80           106            81
            81            35            56
            56            80            81
            84            85            60
            63            64            43
            63            41            62
            43            42            63
            42            41            63
            87            63            62
            64            63            87
            61            85            62
            40            39            61
            39            60            61
            61            60            85
            61            41            40
            62            41            61
            84           109           110
           110            85            84
           190           212           191
           109           108           135
           134           163           135
           297           316           298
           243           262           244
           243           261           262
           243           242           260
           260           261           243
           263           245           262
           245           263           264
           245           264           246
           283           302           284
           284           302           285
           284           285           267
           267           266           284
           303           302           321
           285           302           303
           321           322           303
           337           338           317
           338           318           317
           317           336           337
           317           316           336
           321           320           340
           361           341           340
           340           341           321
           339           361           340
           340           319           339
           340           320           319
           301           318           319
           319           320           301
           301           300           318
           283           300           301
           301           302           283
           301           320           302
           308           291           290
           290           289           308
           272           271           290
           290           271           289
           274           255           273
           273           290           291
           273           255           272
           272           290           273
           274           273           292
           292           273           291
           329           352           330
           330           352           331
           331           311           330
           251           233           250
           250           268           251
           235           253           254
           306           289           288
           307           289           306
           369           370           345
           345           370           371
           201           181           156
           156           180           201
           201           202           181
           201           220           202
           201           200           220
           127           153           154
           127           155           128
           127           180           155
           154           180           127
           218           200           199
           199           198           218
           178           177           199
           177           198           199
           197           196           216
           197           177           176
           216           198           197
           197           198           177
           149           148           174
           196           214           215
           215           234           216
           216           196           215
           233           234           215
           215           214           233
           145           146           119
           119           146           147
           119           147           120
           120           147           121
           147           148           121
           121           148           149
           121            96           120
           149           122           121
           121           122            96
            75            53            74
            74            99            75
            98            99            74
            74            97            98
           100            76            99
            99           124           100
           178           153           152
           176           177           152
           152           177           178
           399           398           422
           422           423           399
           399           423           424
           328           307           327
           327           350           328
           375           376           351
           351           350           375
            30            48            49
            49            50            30
            96            97            72
            52            32            51
            32            50            51
            26            44            45
            45            46            26
            82           106           107
           107           106           133
           107           108            82
           107           133           134
           134           135           107
           107           135           108
            35            81            57
            57            81            58
            36            35            57
            57            37            36
            58            37            57
            84            60            83
            83           108            84
            83            58            82
            82           108            83
            64            87            88
            85           110            86
            62            85            86
            86            87            62
           211           230           231
           211           212           190
           211           231           212
           231           230           248
           248           230           229
           190           191           164
           160           132           159
           262           261           280
           280           263           262
           280           298           281
           281           263           280
           247           248           229
           266           248           247
           229           246           247
           247           246           264
           282           263           281
           282           264           263
           281           300           282
           282           300           283
           228           246           229
           245           246           227
           244           245           227
           227           228           207
           246           228           227
           170           146           145
           145           144           170
           141           168           142
           115           141           142
           142           169           115
           316           317           299
           281           298           299
           299           298           316
           299           317           318
           299           300           281
           318           300           299
           293           311           312
           312           294           293
           329           330           309
           309           291           308
           328           329           309
           309           308           328
           310           292           291
           291           309           310
           310           309           330
           310           293           292
           310           330           311
           311           293           310
           252           251           270
           252           270           253
           252           234           233
           233           251           252
           253           235           252
           252           235           234
           216           234           217
           234           235           217
           217           198           216
           218           198           217
           268           286           269
           269           251           268
           288           270           269
           270           251           269
           344           368           369
           369           345           344
           345           323           344
           179           199           200
           200           201           179
           179           154           178
           178           199           179
           179           180           154
           179           201           180
           149           174           150
           150           123           149
           196           197           175
           175           150           174
           175           197           176
           176           150           175
           194           214           195
           195           214           196
           196           175           195
           195           175           174
           173           174           148
           173           148           172
           194           195           173
           173           195           174
           193           194           173
           173           172           193
           153           127           126
           128           102           126
           126           127           128
           176           152           151
           151           150           176
           123           150           151
           151           124           123
           307           306           326
           326           327           307
           306           305           326
           400           399           424
           376           375           400
           400           424           401
           401           376           400
           349           375           350
           350           327           349
           120            96            95
            96            72            95
            73            72            97
            73            51            72
            97            74            73
            52            51            73
            53            52            73
            73            74            53
            65            45            44
            65            44            43
            43            64            65
           244           227           226
           226           227           207
           225           243           244
           244           226           225
           225           226           205
           242           243           225
           159           158           185
           185           160           159
           186           160           185
            59            83            60
            59            60            39
            59            37            58
            58            83            59
            59            39            38
            38            37            59
           113            88           112
           112            88            87
            87            86           112
           111            86           110
           111           112            86
           231           248           249
           249           266           267
           249           248           266
           165           164           191
           133           132           161
           132           160           161
           134           133           161
           210           211           190
           230           211           210
           279           280           261
           296           297           279
           297           298           279
           298           280           279
           278           296           279
           279           261           278
           265           247           264
           264           282           265
           265           282           283
           283           284           265
           265           284           266
           266           247           265
           207           228           208
           208           186           207
           172           146           171
           146           170           171
           193           172           171
           140           167           168
           140           141           113
           140           168           141
           275           293           294
           276           257           275
           275           294           276
           292           293           275
           257           274           275
           274           292           275
           218           217           236
           236           219           218
           236           235           254
           236           217           235
           254           237           236
           237           219           236
           324           305           304
           304           323           324
           287           269           286
           286           304           287
           287           304           305
           288           269           287
           287           306           288
           287           305           306
           101           126           102
           100           126           101
           101           102            77
            77            76           101
            76           100           101
           125           151           152
           125           152           153
           125           100           124
           124           151           125
           153           126           125
           125           126           100
           327           326           348
           373           349           348
           348           349           327
           399           400           374
           374           400           375
           398           399           374
           375           349           374
           373           398           374
           374           349           373
            46            45            67
            69            49            48
            71            95            72
            50            49            71
            71            51            50
            72            51            71
            64            88            89
            89            65            64
           205           226           206
           186           185           206
           207           186           206
           206           226           207
           242           225           224
           203           223           224
           223           242           224
           224           225           205
           113           112           139
           112           111           139
           139           140           113
           139           111           138
           138           140           139
           166           165           191
           138           165           166
           166           140           138
           167           140           166
           164           165           136
           163           164           136
           109           135           136
           136           135           163
           190           164           189
           189           210           190
           189           164           163
           188           210           189
           209           210           188
           209           228           229
           229           230           209
           230           210           209
           188           208           209
           209           208           228
           187           208           188
           186           208           187
           187           160           186
           187           161           160
           372           373           347
           373           348           347
           347           371           372
            47            67            68
            68            69            47
            46            67            47
            47            69            48
            48            28            47
            47            28            46
            94           119           120
           120            95            94
           115           169           143
           169           144           143
           143           144           145
           145           117           143
            95            71            70
            70            94            95
            49            69            70
            70            71            49
           114            89            88
           114            88           113
           113           141           114
           114           141           115
            65            89            66
            45            65            66
            66            67            45
           205           206           184
           184           206           185
           158           183           184
           184           185           158
           204           224           205
           204           184           183
           205           184           204
           204           183           182
           204           182           203
           203           224           204
           192           166           191
           167           166           192
           192           191           212
           137           165           138
           137           136           165
           138           111           137
           137           111           110
           137           110           109
           109           136           137
           162           187           188
           162           189           163
           188           189           162
           162           163           134
           134           161           162
           161           187           162
           371           347           346
           346           345           371
           324           323           346
           346           323           345
           325           348           326
           325           347           348
           325           326           305
           325           346           347
           325           305           324
           324           346           325
            94            70            93
            93            69            68
            93            70            69
            92            93            68
            90           114           115
            89           114            90
            90            66            89
            94            93           118
            93            92           118
           118            92           117
           119            94           118
           145           119           118
           118           117           145
            66            90            91
            91            92            68
            68            67            91
            67            66            91
           117            92           116
           116           143           117
            92            91           116
           116            91            90
           115           143           116
           116            90           115
