       -0.9847539504097421       -0.1739530312722722
       -0.9999264829479076       -0.0121255146912790
       -0.9972640343760616        0.0739218940637977
       -0.9740581043937522        0.2262980494305512
       -0.9144410237042425       -0.4047191766680436
       -0.9443263856730834       -0.3290101495577361
       -0.9005222947433968       -0.2692167400521558
       -0.9689503720062483       -0.2472552853022659
       -0.9264510988350894       -0.1275303088471575
       -0.9958803951207736       -0.0906765621952595
       -0.9236445314029486       -0.0412793473487933
       -0.9392915779311094        0.0306196547571992
       -0.9235448262814266        0.1085741204269107
       -0.9880835772866430        0.1539183013039589
       -0.9053971973604583        0.2483198503053168
       -0.9513854457773365        0.3080028129622942
       -0.9237151805033612        0.3830799724543921
       -0.8387400393018861       -0.5445320426437409
       -0.8792191452239955       -0.4764175631541779
       -0.8339551979701656       -0.4113139990942400
       -0.8673423808691721       -0.3423342040271199
       -0.8322306000030155       -0.2698209053021324
       -0.8954077099349910       -0.1987475760966588
       -0.8387119541138062       -0.1490257725821597
       -0.8668302777820102       -0.0845519534124436
       -0.8355828998552017       -0.0193498023542484
       -0.8731655565251661        0.0394715051885738
       -0.8436045703537625        0.1119779429733471
       -0.8969764748717599        0.1768994021226653
       -0.8345550236786702        0.2419700084764648
       -0.8723966506479076        0.3186197691239951
       -0.8417170570178212        0.3864546109484527
       -0.8904730156356314        0.4550360500613698
       -0.8516265636544029        0.5241490199954993
       -0.7397752418866470       -0.6728540654517937
       -0.7929811846115606       -0.6092461252133933
       -0.7572272025894309       -0.5411596905643549
       -0.7973860713895704       -0.4775121379286082
       -0.7533059721221611       -0.4128838756545449
       -0.7912503162789919       -0.3427163226277164
       -0.7535160234439245       -0.2763405609366147
       -0.8025875043442590       -0.2087525224352949
       -0.7525258068503259       -0.1470334782395080
       -0.7878085442354791       -0.0832679131973438
       -0.7505625862897510       -0.0166455592906225
       -0.7928168867946536        0.0483960401604405
       -0.7571017046696010        0.1127835326532470
       -0.8060678155828999        0.1752729749642842
       -0.7553904942600935        0.2406049234162584
       -0.7959092365990287        0.3119161176475859
       -0.7612177243057834        0.3792895533166840
       -0.8074075442032492        0.4522378881342718
       -0.7688305914493002        0.5158606150340405
       -0.8071767880454175        0.5903097760641141
       -0.7570516853253076        0.6533549924054581
       -0.6896647830794123       -0.7241287771151271
       -0.7164947689420336       -0.6070964644091562
       -0.6737386370064222       -0.5520630770874837
       -0.7134038130665381       -0.4812059851774687
       -0.6724680739960567       -0.4170790846696710
       -0.7120643270387690       -0.3468149357741320
       -0.6741637122077785       -0.2796607743284447
       -0.7169363412820671       -0.2110446059626213
       -0.6682422882630960       -0.1449117607462178
       -0.7058556396326987       -0.0808741304856602
       -0.6636973637633239       -0.0179816309072252
       -0.7087286862371455        0.0466334753451921
       -0.6715246928970647        0.1093057049925930
       -0.7169354673053828        0.1750116771148714
       -0.6721823008592326        0.2391046598530794
       -0.7153376355220826        0.3076965466767516
       -0.6784747426429456        0.3727437742006933
       -0.7244011591541623        0.4441274397270793
       -0.6844602786684281        0.5073149814078877
       -0.7258859469284149        0.5773163009284979
       -0.6789142402955908        0.6374754517771190
       -0.7007140786764700        0.7134422044989560
       -0.5668706346937725       -0.8238068238447221
       -0.6322070371106958       -0.7747994965777104
       -0.6115803979193060       -0.6968547688514942
       -0.6535000193473517       -0.6395843286902805
       -0.6029638065801515       -0.5673748129599669
       -0.6333058982282954       -0.4886434163687789
       -0.5933232439837255       -0.4227102991719467
       -0.6330046084879797       -0.3511918719305199
       -0.5967906633075301       -0.2840827995449643
       -0.6361610088756623       -0.2114414566932935
       -0.5841884758341193       -0.1443238427186103
       -0.6204047368931116       -0.0804676986968841
       -0.5733471664675296       -0.0216013091218998
       -0.6225349633098813        0.0418860468430802
       -0.5884014597295396        0.1050614246898169
       -0.6303439669943549        0.1727983905907113
       -0.5872003335670899        0.2365153429683490
       -0.6314517715073379        0.3033567324021513
       -0.5939338437069476        0.3653153653615070
       -0.6405803262665436        0.4360334321772370
       -0.6014654122045554        0.5005206499223906
       -0.6410543941134808        0.5709675276510467
       -0.5956487920460243        0.6391038235949494
       -0.6281110804959317        0.6996033023423134
       -0.6360140691546247        0.7716774614524134
       -0.5061394418435275       -0.8624516585008862
       -0.5599892487097333       -0.7518326748634305
       -0.5225423335271513       -0.6923875642997103
       -0.5676181434357370       -0.6314827181102444
       -0.5219600190660828       -0.5623453929028936
       -0.5575669926852078       -0.4954073417374859
       -0.5146357805868020       -0.4240640829948832
       -0.5544102068012972       -0.3561314256369209
       -0.5200126322282348       -0.2896055044281211
       -0.5604317070577152       -0.2160878472947026
       -0.5035410858658695       -0.1543166923945529
       -0.5316732803809132       -0.0813929373049708
       -0.4779778869485050       -0.0239461343673182
       -0.5359735593196159        0.0368361743700483
       -0.5106345191488995        0.1099145522612168
       -0.5449249860866696        0.1724255236699852
       -0.4978783370285599        0.2238702122269959
       -0.5445287852217355        0.2947056662403237
       -0.5115743793172113        0.3604954181095988
       -0.5573578337047089        0.4306154545299290
       -0.5199569871603666        0.4970978228310087
       -0.5610126315977303        0.5676436835403924
       -0.5257443427873626        0.6427220629813877
       -0.5609978623377312        0.7271057654013178
       -0.5091988156084267        0.7878700247553765
       -0.5748521460688661        0.8182573009867202
       -0.4340382233595215       -0.9008944550289970
       -0.4408296185905052       -0.8270897889021077
       -0.4905170467826719       -0.7736410700030876
       -0.4466635635025435       -0.7004814083779239
       -0.4825900965741562       -0.6269680077604900
       -0.4403160387512395       -0.5581196334557138
       -0.4779854708224506       -0.4915630022475577
       -0.4355023238483455       -0.4198184270914271
       -0.4732044392194041       -0.3527795444467173
       -0.4389749464837264       -0.2800318371389920
       -0.4857119413732683       -0.2230926687106762
       -0.4211461013112424       -0.1937234365332910
       -0.4515643322466379       -0.1067252451763404
       -0.3958096742535542       -0.0577468762760770
       -0.4590724316661080        0.0583838313943074
       -0.3895989120716328        0.0906238803550429
       -0.4516221437097102        0.1503944892858946
       -0.4175129198182079        0.2210222937801465
       -0.4610687532598217        0.2906806664337800
       -0.4301892392405336        0.3565174979859878
       -0.4749597745560819        0.4269242615627259
       -0.4406584448234719        0.4949923828337246
       -0.4843855366979600        0.5675702068899952
       -0.4460688221260087        0.6335468778024655
       -0.4877677669532233        0.7044666449397977
       -0.4419033042823747        0.7624804988232077
       -0.5014254717556353        0.8652008421566022
       -0.4241610347394070        0.9055867799332677
       -0.3675884572139524       -0.9299885621322761
       -0.3678725089548841       -0.8391543401596308
       -0.4043348289173017       -0.7625760280569416
       -0.3642307102765285       -0.6936142418123303
       -0.4039504544673040       -0.6280029967462196
       -0.3613859836284876       -0.5554904018325985
       -0.3982548644617942       -0.4870863412168517
       -0.3567067092440470       -0.4145158753519469
       -0.3935431147797226       -0.3476443418537641
       -0.3694347993738311       -0.2718235049007515
       -0.3422526089395344       -0.2070341793725658
       -0.3767844230439866       -0.1342888613509052
       -0.3998000417982893        0.0126462081287152
       -0.3672216363376206        0.1585820600006447
       -0.3320335517681219        0.2230554199628698
       -0.3759429398592277        0.2863390573135924
       -0.3514238795882395        0.3505674984155741
       -0.3933174451045425        0.4236805511513773
       -0.3612023828315681        0.4931011525516287
       -0.4046130123543104        0.5630217992291248
       -0.3646800815386080        0.6291423484086743
       -0.4041864483944329        0.6973583329177342
       -0.3688454347670654        0.7736068852454533
       -0.4304588576417148        0.8335687488608928
       -0.3533265419506069        0.9355000557932727
       -0.2891661970574295       -0.9572789088181316
       -0.3121775345451051       -0.8846675432837720
       -0.2797904388554285       -0.8223801888082185
       -0.3269224282523743       -0.7646827940919588
       -0.2849700448332995       -0.6922471526417798
       -0.3232472942736192       -0.6231082161170681
       -0.2826587639218692       -0.5509866594368519
       -0.3198836309938090       -0.4815889414123750
       -0.2791408523372267       -0.4048255189068740
       -0.3143382899181094       -0.3408899748804062
       -0.2905688226923914       -0.2748995436936646
       -0.2852755925451294        0.2803887236676009
       -0.2832459914984355        0.3596150920439347
       -0.3126719842898858        0.4259237294196638
       -0.2796712035601774        0.4884494791147790
       -0.3238306907736230        0.5594533201229764
       -0.2874245479857826        0.6313370529413692
       -0.3281757131540761        0.7020812185533534
       -0.2964399701619514        0.7752977060201646
       -0.3518893512180159        0.8483151749959730
       -0.2943834562022214        0.8928733674378859
       -0.2127445761891895       -0.9771078472506549
       -0.2366499973445289       -0.8978158720949259
       -0.2012075990889579       -0.8308583070909549
       -0.2422578987589102       -0.7568736049766268
       -0.2037474349309747       -0.6877127045406647
       -0.2439420042656683       -0.6192180307506649
       -0.2042726637693558       -0.5438904788254423
       -0.2438815601490966       -0.4769603985302945
       -0.2067629502626002       -0.4016757437706375
       -0.2263346608609244       -0.3298069453867541
       -0.2212189988940632        0.3332598905827168
       -0.2242581631530247        0.4166723154285140
       -0.2059501440306253        0.4872206572009130
       -0.2469214898685666        0.5602893215516455
       -0.2096120281074056        0.6270729278155052
       -0.2516941516364647        0.7015764566300898
       -0.2142929743665961        0.7678048153900859
       -0.2586550438284955        0.8342059356429812
       -0.2151837050582977        0.9057607301127175
       -0.2706601674361194        0.9626749571557531
       -0.1353719141706175       -0.9907948548907352
       -0.1637863456841528       -0.9112223029260217
       -0.1261675018967731       -0.8402492946063521
       -0.1639345349051280       -0.7618015265503264
       -0.1267130821417915       -0.6900445271493553
       -0.1656943966757026       -0.6151286370795580
       -0.1292582767030010       -0.5394251754205008
       -0.1667947363204381       -0.4646108134772877
       -0.1416242354186046       -0.3740889945517065
       -0.1562129975077735        0.3682356573293871
       -0.1415633599692727        0.4555535463612126
       -0.1697091521843490        0.5483952159952650
       -0.1349274549679181        0.6189196734715537
       -0.1734138108373752        0.6957906784118207
       -0.1369998925238144        0.7685925439365617
       -0.1774118440533291        0.8392356956594472
       -0.1395734892637681        0.9165344216113565
       -0.1907132371209236        0.9816457922104573
       -0.0570959815231446       -0.9983686930655573
       -0.0901350751050723       -0.9199766972110485
       -0.0516310012969857       -0.8454585216414775
       -0.0885906852729009       -0.7673764713630806
       -0.0514950066912958       -0.6927505045338751
       -0.0903088211248593       -0.6160901244096334
       -0.0559098455743075       -0.5410892663931798
       -0.0977976883942892       -0.4608994941930638
       -0.0675232787185292       -0.3942595676447057
       -0.0883105518643989        0.3901297815725071
       -0.0638039490580025        0.4679300018297610
       -0.1020099919481120        0.5362655781396936
       -0.0637123967671724        0.6154238876409955
       -0.0990683614321854        0.6934204064406212
       -0.0634215994458390        0.7703430055275921
       -0.1014705349487953        0.8451103329385775
       -0.0644385187560828        0.9231731490448056
       -0.1113454596877833        0.9937817604145508
        0.0217415289970157       -0.9997636250938270
       -0.0158352244839751       -0.9236553152223445
        0.0228128735511433       -0.8462856535843420
       -0.0137596513464188       -0.7693462014479868
        0.0237878072162667       -0.6921745699377094
       -0.0150657723522661       -0.6171539864719437
        0.0220281201964893       -0.5430058549108894
       -0.0209151833838900       -0.4710229844778824
        0.0080733381817070       -0.3999185181957949
       -0.0153878358822767        0.3997039086839246
        0.0147389127470321        0.4718575063611039
       -0.0262058955471656        0.5435133612547988
        0.0108278640788916        0.6184679028738291
       -0.0268613193216840        0.6934318686605507
        0.0087792724494861        0.7717910661829491
       -0.0277386028234295        0.8483903169425817
        0.0112074459653023        0.9251583768845077
       -0.0322510703517091        0.9994797985080749
        0.1006543513112467       -0.9949214546352430
        0.0587941258070397       -0.9220068137192697
        0.0978583997609571       -0.8424304608779983
        0.0608908069440411       -0.7683326230969187
        0.0989657735782278       -0.6913044921603388
        0.0617750897473381       -0.6150172544414771
        0.1001221893875061       -0.5368138225443154
        0.0592589072572455       -0.4684049477510484
        0.0823685979474972       -0.3914274056252691
        0.0586525558851897        0.3956764807606974
        0.0909280175691728        0.4630865737309212
        0.0502094767194942        0.5426013625080215
        0.0839023715480157        0.6198801354473650
        0.0460043472605530        0.6957558855523107
        0.0816473719311646        0.7721710122584957
        0.0455615089848579        0.8488792684922143
        0.0883770736117446        0.9223394329777255
        0.0463297494304598        0.9989262008342241
        0.1792086259428752       -0.9838110931219789
        0.1332572006584037       -0.9151002362404443
        0.1740949471582910       -0.8345204599942136
        0.1371013774814221       -0.7639698600840512
        0.1771971326469874       -0.6890644471687120
        0.1366253117892016       -0.6166155138773408
        0.1720686282296635       -0.5450953247691711
        0.1392676992626950       -0.4563795675271081
        0.1514430231441846       -0.3702229203930235
        0.1314871372925885        0.3777712702523626
        0.1583893054465253        0.4720491033432784
        0.1218383047667826        0.5444567484943207
        0.1575236241095941        0.6221855191138524
        0.1192679297066522        0.6961436748575440
        0.1555285934151192        0.7699465146126658
        0.1195848051485863        0.8463273657042959
        0.1684191077330304        0.9143487822992253
        0.1237710724225822        0.9923107987158123
        0.2573841023700873       -0.9663091764131845
        0.2073205577162497       -0.9036254514915086
        0.2541055650332061       -0.8280205712321125
        0.2163500965042906       -0.7596589227725139
        0.2586505964411082       -0.6909326406499314
        0.2164596919964718       -0.6175910959391837
        0.2548558851895544       -0.5453350794719228
        0.2090493805875689       -0.4818480684482507
        0.2211385334589609       -0.4094933309014738
        0.2204378589415418       -0.3337770965916743
        0.2136764413412182        0.3381454987772612
        0.1946587407277621        0.4102349273139933
        0.2340434245819941        0.4872613524939362
        0.1957025719735192        0.5527799334314480
        0.2348499703860897        0.6286333200138819
        0.1944955353889230        0.6959236255463176
        0.2314888545361373        0.7657948215082476
        0.1946502094588901        0.8406401449604259
        0.2529119541719585        0.9010044299020624
        0.1986300245019472        0.9800745443998665
        0.3386013627887782       -0.9409299216392032
        0.2842369111188388       -0.8934290639552211
        0.3418164210137580       -0.8460286697062065
        0.3002311863721763       -0.7661870851292135
        0.3368449299644801       -0.6879379858711131
        0.2962300817326874       -0.6157769253373094
        0.3298552604658930       -0.5354703731243426
        0.2850450179531401       -0.4627019869818578
        0.3015824609154053       -0.3794335683235018
        0.2740771331817344       -0.2913446843145964
        0.3228323158487711       -0.2361764082024701
        0.2771036419274087        0.2884676266558324
        0.3010272194865958        0.3559547577062065
        0.2661111508285707        0.4167618162432375
        0.3096507510440692        0.4943418852445326
        0.2735614052183463        0.5620786366415587
        0.3141382678781705        0.6340981551403915
        0.2746818066541804        0.7015539697749894
        0.3137490651682294        0.7744212325349477
        0.2704459058764200        0.8321859808395144
        0.3368381456906853        0.9415625653223473
        0.2678451535414695        0.9634619729278940
        0.4075310494336651       -0.9131913508103807
        0.4126939688555521       -0.8290039110721843
        0.3750243229791894       -0.7606261864204586
        0.4143504993323091       -0.6788815427102303
        0.3732013904815463       -0.6084894526992551
        0.4064771238822036       -0.5332458325501366
        0.3583853499978968       -0.4559704516381464
        0.3908693145743622       -0.3865655497315573
        0.3534374426136629       -0.3150222780919372
        0.4021783548375067       -0.2455856814662134
        0.3613065759641743       -0.1716320428529532
        0.3831641678513190       -0.1000000000134366
        0.3847075112603178        0.1000000000255311
        0.3309059627969737        0.2247248180087856
        0.3551204220271955        0.2909278493464237
        0.3816852912485217        0.3658286076382761
        0.3446613960146316        0.4295567955451239
        0.3891647266430328        0.5004310118555634
        0.3526100213702858        0.5677641200227987
        0.3946229982271518        0.6405484888880598
        0.3536510170872851        0.7051929850959240
        0.3848151597098639        0.7803078150272718
        0.3369700867519106        0.8611411725620104
        0.4066338589579423        0.9135912121512000
        0.4789852782465491       -0.8778229330686204
        0.4845871367263195       -0.8032093507845456
        0.4512552297068487       -0.7436603744101744
        0.5016275583325716       -0.6812687367139113
        0.4545796099001386       -0.6088830897959442
        0.4852625404065919       -0.5371215874987852
        0.4388391753129637       -0.4604575915908734
        0.4769114185530933       -0.3881242857470565
        0.4381131988811287       -0.3172983210456692
        0.4826861527666578       -0.2434302174779632
        0.4401435090493602       -0.1703806273861886
        0.4745897264231051       -0.1000000000133109
        0.4583891152322638        0.1000000000154043
        0.3660904837141845        0.1611761700623226
        0.4201052505817300        0.2264079772524132
        0.4252556125443406        0.2993192630983509
        0.4634152403942985        0.3674439951761233
        0.4262560602231376        0.4345930614080968
        0.4703202256513316        0.5042023446381301
        0.4318962265236981        0.5707596744628772
        0.4718696336956282        0.6410726441921597
        0.4325579670953572        0.7164320349555943
        0.4703517748818296        0.7897749447679840
        0.4126294274655301        0.8422511177082206
        0.4807118180295800        0.8768786377144887
        0.5528245578830733       -0.8332976702668752
        0.5421968909396424       -0.7506452548510696
        0.5905357765290313       -0.6935006305451026
        0.5372991228135438       -0.6146472518603728
        0.5607059921789825       -0.5353211278864249
        0.5188314112215060       -0.4606409242995034
        0.5610711862534812       -0.3860875241948674
        0.5214809121083590       -0.3152418031089415
        0.5654725271304876       -0.2415563335112753
        0.5232456180999479       -0.1703351898781294
        0.5629112519566316       -0.1000000000127723
        0.5313383893903957        0.1000000000139026
        0.4612833175822058        0.1643449393540259
        0.5123095023695076        0.2217499828537668
        0.4928446936833687        0.2887417928555250
        0.5387855370233258        0.3597068813116137
        0.5070476676516092        0.4357450117697342
        0.5501845958525540        0.5067894817537019
        0.5132083139192080        0.5751472155551984
        0.5563777022918773        0.6447849244154232
        0.5080954953047470        0.7068905420526661
        0.5413449727618146        0.7665171294249914
        0.5446391733888714        0.8386704795495106
        0.6182535115305949       -0.7859787501417470
        0.6608219644683094       -0.6637382030790869
        0.6129717104261655       -0.6064411650135447
        0.6370476544259538       -0.5321360779999710
        0.5982879084497255       -0.4581755473049416
        0.6446093429576386       -0.3792456672384141
        0.6052854518161621       -0.3115879786133730
        0.6509667155629972       -0.2411062169521297
        0.6088089505192591       -0.1702971264793635
        0.6506494920757726       -0.1000000000121462
        0.6137058679050900        0.1000000000154818
        0.5577136943618345        0.1635088332909735
        0.6040434319969492        0.2228407061699658
        0.5704620922444964        0.2877046282006384
        0.6173776364103141        0.3570865415141199
        0.5827345300642982        0.4296045757300271
        0.6246161252932760        0.4979650484390706
        0.5942925631033554        0.5793145003828301
        0.6420838555999908        0.6526657560637301
        0.5966914323237482        0.7113828338215845
        0.6130145608702696        0.7900716082415546
        0.6758370636460104       -0.7370510586538810
        0.7375026381886451       -0.6753442510699106
        0.7022053295778332       -0.5960352434878470
        0.7040404222542704       -0.5142542400839978
        0.6738505383155816       -0.4461134880111842
        0.7342148308025706       -0.3793360245393407
        0.6927435966381542       -0.3112128780675860
        0.7377544672547719       -0.2426047755480054
        0.6961125246466149       -0.1708743950147729
        0.7386201709890156       -0.1000000000116435
        0.7001487087133579        0.1000000000168821
        0.6507266255410467        0.1620474650418898
        0.6931038982130472        0.2224848522488161
        0.6532032283412176        0.2882796926651421
        0.6990119122315949        0.3560338634762035
        0.6619050244968928        0.4253742395010333
        0.7050361315999721        0.4916651379897306
        0.6649179951199409        0.5631739443935002
        0.7064671059187886        0.6188580696776989
        0.6736415397603127        0.7390582356363442
        0.7897647006082695       -0.6134099087541882
        0.7674928264163068       -0.5394056460018137
        0.7538295965146771       -0.4490183266127465
        0.8269505789549803       -0.3907240748287945
        0.7819690260955173       -0.3158988872141869
        0.8221491841524208       -0.2431223223288213
        0.7847122850164504       -0.1707512363427716
        0.8276824065030545       -0.1000000000111728
        0.7891207040157795        0.1000000000188891
        0.7430634633712764        0.1588440272062793
        0.7792158032112426        0.2165328708960620
        0.7370464165772547        0.2871727889525456
        0.7810332366268007        0.3565443579473569
        0.7443375920300200        0.4241005673352158
        0.7912101210016581        0.4869857781968402
        0.7494326415527788        0.5520813498367982
        0.7825636198834448        0.6225706219247680
        0.7265745703573490        0.6870876144496956
        0.8415533486865221       -0.5401740092056857
        0.8172104608731027       -0.4696561777480501
        0.9214925536665149       -0.3883960266434581
        0.8668494305426355       -0.3201517919365378
        0.9011933049453524       -0.2435930596630688
        0.8763742232241575       -0.1699052083697444
        0.9181879194631243       -0.1000000000099657
        0.9131873655498854        0.1000000000125434
        0.8396273707770314        0.1431881113737077
        0.8521909154239629        0.2165730997453138
        0.8174762336898104        0.2882004876031163
        0.8653109314190565        0.3478611664980328
        0.8295866778873758        0.4191906604548435
        0.8738731520025145        0.4861540040378471
        0.8309681692389906        0.5563199648356194
        0.8876714633804266       -0.4604773316274444
        0.9509414117278989       -0.3093710254375217
        0.9747711580542325       -0.2232066071302592
        0.9899307575445603       -0.1415524424099849
        0.9989273947577078       -0.0463039919953698
        0.9982783811187130        0.0586538517798262
        0.9183962122631233        0.1809013701151280
        0.9887894985217919        0.1493161970484516
        0.9000636020552062        0.2708790889786272
        0.9436816323238453        0.3308549139331276
        0.9114392742009197        0.4114346201450617
        0.9987957684085761       -0.0490613169728034
        0.9997403742476831       -0.0227856117925413
        0.9997829166586701        0.0208355363398129
        0.9997205514872787        0.0236393521082977
        0.9703887766330414        0.2415483827047919
