#  lcvt02.txt
#  created by LCVT_WRITE.M
#  at 22-Sep-2006 10:16:32
#
#  Spatial dimension DIM_NUM =              2
#  Number of points N =                 85
#  EPSILON (unit roundoff ) = 2.220446e-016
#
#  Initialization by RAND (MATLAB intrinsic).
#  Sampling by RAND (MATLAB intrinsic).
#  Number of sample points = 250000
#  Number of CVT iterations = 20
#  Energy of CVT dataset = 0.001987
#  Number of Latin iterations = 1
#  Energy of Latinized CVT dataset = 0.002103
#
    0.817647    0.476471
    0.300000    0.782353
    0.605882    0.441176
    0.405882    0.229412
    0.688235    0.758824
    0.805882    0.017647
    0.064706    0.358824
    0.252941    0.405882
    0.194118    0.076471
    0.852941    0.252941
    0.617647    0.123529
    0.523529    0.311765
    0.770588    0.923529
    0.041176    0.911765
    0.794118    0.805882
    0.029412    0.464706
    0.347059    0.888235
    0.147059    0.970588
    0.464706    0.852941
    0.652941    0.994118
    0.476471    0.723529
    0.935294    0.194118
    0.158824    0.170588
    0.982353    0.900000
    0.182353    0.335294
    0.288235    0.958824
    0.900000    0.700000
    0.570588    0.817647
    0.052941    0.135294
    0.676471    0.864706
    0.358824    0.111765
    0.723529    0.382353
    0.100000    0.547059
    0.335294    0.523529
    0.758824    0.582353
    0.382353    0.747059
    0.205882    0.264706
    0.735294    0.100000
    0.923529    0.088235
    0.829412    0.147059
    0.005882    0.794118
    0.841176    0.370588
    0.888235    0.829412
    0.241176    0.535294
    0.911765    0.394118
    0.264706    0.182353
    0.311765    0.064706
    0.782353    0.676471
    0.429412    0.041176
    0.700000    0.488235
    0.170588    0.605882
    0.417647    0.347059
    0.370588    0.429412
    0.547059    0.935294
    0.558824    0.217647
    0.111765    0.711765
    0.500000    0.417647
    0.970588    0.641176
    0.582353    0.688235
    0.629412    0.323529
    0.711765    0.205882
    0.488235    0.158824
    0.441176    0.982353
    0.017647    0.652941
    0.394118    0.617647
    0.076471    0.029412
    0.135294    0.452941
    0.452941    0.511765
    0.276471    0.664706
    0.535294    0.052941
    0.511765    0.594118
    0.323529    0.300000
    0.217647    0.735294
    0.594118    0.558824
    0.088235    0.241176
    0.123529    0.841176
    0.229412    0.876471
    0.958824    0.500000
    0.664706    0.629412
    0.864706    0.570588
    0.994118    0.770588
    0.747059    0.276471
    0.876471    0.947059
    0.641176    0.005882
    0.947059    0.288235
