#  lcvt01.txt
#  created by LCVT_WRITE.M
#  at 22-Sep-2006 09:45:22
#
#  Spatial dimension DIM_NUM =              2
#  Number of points N =                 85
#  EPSILON (unit roundoff ) = 2.220446e-016
#
#  Initial SEED = 123456789
#
#  Initialization by UNIFORM.
#  Sampling by UNIFORM.
#  Number of sample points = 10000
#  Number of CVT iterations = 40
#  Energy of CVT dataset = 0.001943
#  Number of Latin iterations = 5
#  Energy of Latinized CVT dataset = 0.002111
#
    0.217647    0.958824
    0.758824    0.558824
    0.500000    0.064706
    0.405882    0.076471
    0.158824    0.523529
    0.229412    0.358824
    0.476471    0.652941
    0.923529    0.100000
    0.935294    0.311765
    0.205882    0.017647
    0.817647    0.864706
    0.311765    0.088235
    0.323529    0.935294
    0.335294    0.382353
    0.911765    0.194118
    0.652941    0.500000
    0.876471    0.488235
    0.888235    0.605882
    0.288235    0.700000
    0.300000    0.264706
    0.511765    0.229412
    0.629412    0.276471
    0.276471    0.582353
    0.052941    0.252941
    0.794118    0.782353
    0.064706    0.688235
    0.135294    0.876471
    0.805882    0.135294
    0.958824    0.794118
    0.723529    0.323529
    0.982353    0.547059
    0.029412    0.464706
    0.088235    0.347059
    0.394118    0.747059
    0.005882    0.111765
    0.123529    0.170588
    0.370588    0.205882
    0.241176    0.182353
    0.676471    0.735294
    0.688235    0.123529
    0.782353    0.664706
    0.488235    0.805882
    0.994118    0.900000
    0.711765    0.052941
    0.417647    0.300000
    0.900000    0.723529
    0.464706    0.147059
    0.864706    0.982353
    0.735294    0.441176
    0.641176    0.394118
    0.594118    0.841176
    0.170588    0.641176
    0.841176    0.241176
    0.441176    0.405882
    0.358824    0.817647
    0.770588    0.947059
    0.182353    0.288235
    0.194118    0.758824
    0.429412    0.911765
    0.617647    0.970588
    0.852941    0.041176
    0.017647    0.888235
    0.558824    0.711765
    0.970588    0.676471
    0.147059    0.417647
    0.041176    0.570588
    0.664706    0.629412
    0.605882    0.029412
    0.252941    0.829412
    0.076471    0.770588
    0.111765    0.994118
    0.582353    0.158824
    0.947059    0.429412
    0.747059    0.217647
    0.452941    0.535294
    0.100000    0.005882
    0.523529    0.335294
    0.547059    0.452941
    0.382353    0.617647
    0.829412    0.370588
    0.570588    0.594118
    0.347059    0.511765
    0.700000    0.852941
    0.264706    0.476471
    0.535294    0.923529
