    0.0000000000000000e+00    0.0000000000000000e+00
    0.0000000000000000e+00    5.4408080000000003e-01
    0.0000000000000000e+00    1.0330240000000002e+00
    0.0000000000000000e+00    1.5094968000000000e+00
    0.0000000000000000e+00    2.0000000000000000e+00
    5.0000000000000000e-01    2.0000000000000000e+00
    5.0783620102948823e-01    1.5049011740030902e+00
    5.4713762069690020e-01    1.0104344085630028e+00
    5.5146839999999997e-01    0.0000000000000000e+00
    7.7642267853183833e-01    5.0422281857458373e-01
    9.6163419999999999e-01    0.0000000000000000e+00
    1.0000000000000000e+00    1.0000000000000000e+00
    1.0000000000000000e+00    1.4769440000000000e+00
    1.0000000000000000e+00    2.0000000000000000e+00
    1.1907283560642024e+00    6.7073333539771640e-01
    1.1860112025418836e+00    3.0790321533878573e-01
    1.2613429999999999e+00    0.0000000000000000e+00
    1.2939296000000000e+00    1.0000000000000000e+00
    1.4272275976556557e+00    4.7871266039966387e-01
    1.4648697736747076e+00    7.3859885731133268e-01
    1.4790848000000001e+00    0.0000000000000000e+00
    1.5029633226213563e+00    1.9851641586932128e-01
    1.5324840000000000e+00    1.0000000000000000e+00
    1.6214192497861866e+00    3.9770438363205357e-01
    1.6009289391932746e+00    5.6699723765123999e-01
    1.6393346000000000e+00    0.0000000000000000e+00
    1.6927188403418723e+00    2.7186424763088596e-01
    1.7176784686440050e+00    1.3825386585319996e-01
    1.7461783900708483e+00    5.0542234836568845e-01
    1.7593456000000001e+00    1.0000000000000000e+00
    1.7470706804110372e+00    7.2053213598658761e-01
    1.7642586000000000e+00    0.0000000000000000e+00
    1.7594488118325227e+00    3.7103117085153092e-01
    1.8446583480544803e+00    1.0398821803914707e-01
    1.8735261750530630e+00    5.5402245658321725e-01
    1.8613368853742145e+00    2.5744114079374691e-01
    1.8793792000000000e+00    0.0000000000000000e+00
    1.8736360196555288e+00    4.2687735822657197e-01
    2.0000000000000000e+00    0.0000000000000000e+00
    2.0000000000000000e+00    1.2500000000000000e-01
    2.0000000000000000e+00    2.5000000000000000e-01
    2.0000000000000000e+00    3.7500000000000000e-01
    2.0000000000000000e+00    5.0000000000000000e-01
    2.0000000000000000e+00    6.1922499999999991e-01
    2.0000000000000000e+00    7.8356539999999997e-01
    2.0000000000000000e+00    1.0000000000000000e+00
