            10            11             7
             7            11             5
             9             8             1
             1             8             2
             6             8            10
            10             7             6
             3             2             6
             6             2             8
             4             7             5
             3             6             4
             4             6             7
            13            14            10
            10             8            13
            13             9            12
             8             9            13
            19            14            16
            14            13            16
            18            16            17
            19            16            18
            17            16            15
            15            13            12
            15            16            13
