    0.0000000000000000e+00    1.0000000000000000e+00
    0.0000000000000000e+00    1.3750000000000000e+00
    0.0000000000000000e+00    1.7500000000000000e+00
    0.0000000000000000e+00    2.1250000000000000e+00
    0.0000000000000000e+00    2.5000000000000000e+00
    0.0000000000000000e+00    2.8750000000000000e+00
    0.0000000000000000e+00    3.2500000000000000e+00
    0.0000000000000000e+00    3.6250000000000000e+00
    0.0000000000000000e+00    4.0000000000000000e+00
    0.0000000000000000e+00    4.3750000000000000e+00
    0.0000000000000000e+00    4.7500000000000000e+00
    0.0000000000000000e+00    5.1250000000000000e+00
    0.0000000000000000e+00    5.5000000000000000e+00
    0.0000000000000000e+00    5.8750000000000000e+00
    0.0000000000000000e+00    6.2500000000000000e+00
    0.0000000000000000e+00    6.6250000000000000e+00
    0.0000000000000000e+00    7.0000000000000000e+00
    2.9067944760040859e-01    1.3849345113550846e+00
    2.9477503278660949e-01    5.1157525326891786e+00
    2.9807872462921914e-01    2.5088615944469641e+00
    3.0623634092199020e-01    3.2381835287686389e+00
    3.2043065493102685e-01    6.6500441634033871e+00
    3.3588539062427203e-01    3.9069583600043090e+00
    3.7500000000000000e-01    1.0000000000000000e+00
    3.7500000000000000e-01    7.0000000000000000e+00
    3.9075464765173018e-01    5.9541266668721899e+00
    3.9630590595554743e-01    5.5359043505248779e+00
    4.1060959807082947e-01    1.7664523434433999e+00
    4.1568231312051307e-01    4.2897301211491401e+00
    4.2384617887022463e-01    4.6958722620314770e+00
    4.2395927155691099e-01    6.3093135827554763e+00
    4.4449712307476713e-01    2.8847742121644409e+00
    4.4843885501176772e-01    2.1407022602263299e+00
    4.7810623528712298e-01    3.5931337578090363e+00
    6.4230225663304641e-01    5.1021547603104249e+00
    6.4821815103909186e-01    1.3949391342681734e+00
    6.6923871832742221e-01    2.5271045589381518e+00
    7.0968334933728716e-01    3.2553596797112525e+00
    7.1646797854657973e-01    3.9916583117937168e+00
    7.3349944863991290e-01    6.5854885139228658e+00
    7.5000000000000000e-01    1.0000000000000000e+00
    7.5000000000000000e-01    7.0000000000000000e+00
    7.6472222221912922e-01    5.7862789826901331e+00
    7.7501898628465038e-01    5.4142824346003291e+00
    8.0763913742215609e-01    6.1641523000011498e+00
    8.2575858071806951e-01    4.7921430854151552e+00
    8.2882403860010301e-01    2.1619760530788046e+00
    8.5225142575328416e-01    2.8944122566107424e+00
    8.5322756638340058e-01    1.7809672292938130e+00
    8.7266351698937428e-01    4.3934304470946053e+00
    9.1197033259616389e-01    3.6264394876060080e+00
    1.0369176467563939e+00    1.3843475291318945e+00
    1.0564077159111693e+00    2.4938412042458911e+00
    1.1017729510820486e+00    5.1388536993855292e+00
    1.1094132097262839e+00    5.5396689575008198e+00
    1.1213860144526255e+00    6.6781667464478751e+00
    1.1250000000000000e+00    1.0000000000000000e+00
    1.1250000000000000e+00    7.0000000000000000e+00
    1.1291404672788909e+00    4.0122061807347293e+00
    1.1457888486145924e+00    3.2482652014087385e+00
    1.1870090280990664e+00    5.8974775007401572e+00
    1.1998541497305211e+00    4.7294952081827866e+00
    1.2002609942715459e+00    6.2879377088427830e+00
    1.2120236081959999e+00    2.8366309596032329e+00
    1.2138680115433320e+00    2.1168227806716753e+00
    1.2972956632920682e+00    1.7242115294990332e+00
    1.3380691208383642e+00    3.6598074853282356e+00
    1.3381829461555856e+00    4.3401282462135216e+00
    1.4591984152205724e+00    1.3748600932574833e+00
    1.4688897103486926e+00    2.4993420475896060e+00
    1.4738802811981988e+00    5.4821832078246402e+00
    1.5000000000000000e+00    1.0000000000000000e+00
    1.5000000000000000e+00    7.0000000000000000e+00
    1.5086211723746548e+00    6.5551756868845192e+00
    1.5310049831953685e+00    5.0473160289315668e+00
    1.5527290449103901e+00    2.9603876820804422e+00
    1.5624509286112176e+00    3.3452018171808318e+00
    1.5885392053076650e+00    4.6530960566296562e+00
    1.6000000000000001e+00    2.0000000000000000e+00
    1.6000000000000001e+00    4.0000000000000000e+00
    1.6000000000000001e+00    6.0000000000000000e+00
    1.8000000000000000e+00    1.6799999999999999e+00
    1.8000000000000000e+00    2.3199999999999998e+00
    1.8000000000000000e+00    3.6800000000000002e+00
    1.8000000000000000e+00    4.3200000000000003e+00
    1.8000000000000000e+00    5.6799999999999997e+00
    1.8000000000000000e+00    6.3200000000000003e+00
    1.8731234629397751e+00    1.3430824376231412e+00
    1.8735128738095643e+00    2.7163958069153762e+00
    1.8750000000000000e+00    1.0000000000000000e+00
    1.8750000000000000e+00    7.0000000000000000e+00
    1.8945330491323285e+00    5.2809243107974497e+00
    1.9185884693360526e+00    6.6716725708339659e+00
    1.9508386922613854e+00    4.8237421371153157e+00
    1.9544797132596012e+00    3.1841076499734373e+00
    2.2000000000000002e+00    1.6799999999999999e+00
    2.2000000000000002e+00    2.3199999999999998e+00
    2.2000000000000002e+00    3.6800000000000002e+00
    2.2000000000000002e+00    4.3200000000000003e+00
    2.2000000000000002e+00    5.6799999999999997e+00
    2.2000000000000002e+00    6.3200000000000003e+00
    2.2500000000000000e+00    1.0000000000000000e+00
    2.2500000000000000e+00    7.0000000000000000e+00
    2.2627842919133752e+00    2.7996852379122079e+00
    2.2732536101561567e+00    1.3037479209187115e+00
    2.3140360579838628e+00    5.1700494763401164e+00
    2.3146703993542883e+00    6.6828835961620134e+00
    2.3520494629599322e+00    4.7269122012125315e+00
    2.3848636845359872e+00    3.2353782138693461e+00
    2.3999999999999999e+00    2.0000000000000000e+00
    2.3999999999999999e+00    4.0000000000000000e+00
    2.3999999999999999e+00    6.0000000000000000e+00
    2.5510767719357070e+00    2.4582954023282073e+00
    2.5755623471445941e+00    5.5725317864157491e+00
    2.5964401277405988e+00    1.5175212425036138e+00
    2.6066771605172563e+00    6.5164062108194294e+00
    2.6106677211661138e+00    3.6214289867232536e+00
    2.6116967781944971e+00    4.3795346242183726e+00
    2.6250000000000000e+00    1.0000000000000000e+00
    2.6250000000000000e+00    7.0000000000000000e+00
    2.6773738638914732e+00    2.8604744176730512e+00
    2.7292988756637335e+00    5.1957877245140036e+00
    2.7711641563732621e+00    4.7902047754542778e+00
    2.8071370132674245e+00    2.1571756435741154e+00
    2.8085873624057140e+00    6.2345369800489365e+00
    2.8145912491985947e+00    3.2460165009219777e+00
    2.8409765958346367e+00    4.0017253963093875e+00
    2.8717876694190259e+00    5.8843199550364140e+00
    2.8818026411618418e+00    1.8018985063627440e+00
    2.9759141836015433e+00    2.5144470141470139e+00
    3.0000000000000000e+00    1.0000000000000000e+00
    3.0000000000000000e+00    7.0000000000000000e+00
    3.0010583970943379e+00    1.3827526377382475e+00
    3.0119670617280208e+00    5.5135937558367329e+00
    3.0244714157178243e+00    4.3810731423108953e+00
    3.0268591016308810e+00    6.6256530263132483e+00
    3.0321258104685986e+00    3.6309428123470937e+00
    3.1111846922625666e+00    2.8885695078159919e+00
    3.1424983055359696e+00    5.1234427943470822e+00
    3.1924566459585701e+00    4.7709849194458513e+00
    3.2141061947952374e+00    6.2370947207444738e+00
    3.2150914812246643e+00    3.2268123366203305e+00
    3.2430442266281778e+00    2.1515741630997800e+00
    3.2777861049352253e+00    1.7550914523050671e+00
    3.3054870703494430e+00    4.0037128468262875e+00
    3.3134070559467945e+00    5.8421983722041819e+00
    3.3750000000000000e+00    1.0000000000000000e+00
    3.3750000000000000e+00    7.0000000000000000e+00
    3.3972733665535655e+00    2.5811588636282146e+00
    3.4010402849834032e+00    1.4196552582291724e+00
    3.4090254561526359e+00    3.5040295011238838e+00
    3.4205217727242658e+00    4.4897480353358334e+00
    3.4279417375204311e+00    5.4304830474857591e+00
    3.4651557526294896e+00    6.6011883003010707e+00
    3.6000000000000001e+00    3.0000000000000000e+00
    3.6000000000000001e+00    5.0000000000000000e+00
    3.6362140408052861e+00    6.1911721734833494e+00
    3.6553285896259347e+00    2.2466179418148835e+00
    3.6783375070969728e+00    3.6749251847215882e+00
    3.7078934715756517e+00    1.8008240929241170e+00
    3.7088901377483525e+00    3.9575592185193487e+00
    3.7118784379823042e+00    4.2897680276148131e+00
    3.7258636093877833e+00    1.3350056463993023e+00
    3.7289009255240355e+00    5.7702185884268280e+00
    3.7500000000000000e+00    1.0000000000000000e+00
    3.7500000000000000e+00    7.0000000000000000e+00
    3.7999999999999998e+00    2.6800000000000002e+00
    3.7999999999999998e+00    3.3199999999999998e+00
    3.7999999999999998e+00    4.6799999999999997e+00
    3.7999999999999998e+00    5.3200000000000003e+00
    3.8684080276310033e+00    6.5766814752525207e+00
    4.0225654804430828e+00    1.4607890302841056e+00
    4.0424361281042325e+00    4.0295456912912977e+00
    4.0527334495758751e+00    2.2764531580031391e+00
    4.0772002250227910e+00    6.1586853911484232e+00
    4.0848172417134760e+00    3.6694034604417274e+00
    4.1222838848892751e+00    4.3522179739922571e+00
    4.1242649976890533e+00    5.6965236710524287e+00
    4.1250000000000000e+00    1.0000000000000000e+00
    4.1250000000000000e+00    7.0000000000000000e+00
    4.1488312893545487e+00    1.8268017104080922e+00
    4.2000000000000002e+00    2.6800000000000002e+00
    4.2000000000000002e+00    3.3199999999999998e+00
    4.2000000000000002e+00    4.6799999999999997e+00
    4.2000000000000002e+00    5.3200000000000003e+00
    4.2404537255166890e+00    6.6011762259123525e+00
    4.3608876715726304e+00    1.3936658498149188e+00
    4.3936575556061248e+00    3.9739556075016225e+00
    4.4000000000000004e+00    3.0000000000000000e+00
    4.4000000000000004e+00    5.0000000000000000e+00
    4.4107437176699538e+00    2.1264921653271500e+00
    4.4583132698333205e+00    5.9162415447666792e+00
    4.5000000000000000e+00    1.0000000000000000e+00
    4.5000000000000000e+00    7.0000000000000000e+00
    4.5083811398865379e+00    6.3031786706478456e+00
    4.5324038672476599e+00    4.3596362964069364e+00
    4.5341363642835333e+00    3.5680005380021758e+00
    4.5456167953243298e+00    2.5043525227388428e+00
    4.5568513261794754e+00    5.4605804378082059e+00
    4.5666501951116834e+00    1.7563944121543349e+00
    4.6109331705476890e+00    6.6758671719002196e+00
    4.6935836410947669e+00    4.7167719576681222e+00
    4.7429048663264961e+00    1.3775257722119032e+00
    4.7732948958116408e+00    3.9837955804316008e+00
    4.7884846825807017e+00    2.8329088298260365e+00
    4.7924268138544504e+00    2.1319696847129799e+00
    4.7937652744914407e+00    3.2227248682654159e+00
    4.8061300680027417e+00    5.7763071091892009e+00
    4.8315473565553049e+00    5.1032234842140101e+00
    4.8750000000000000e+00    1.0000000000000000e+00
    4.8750000000000000e+00    7.0000000000000000e+00
    4.8791493869853335e+00    6.1464141034223916e+00
    4.9206477747551505e+00    6.5256942895196426e+00
    4.9606960613010571e+00    4.3722354847779767e+00
    4.9647831327561764e+00    1.7466841854718265e+00
    4.9674927484599758e+00    3.6225452695245481e+00
    4.9933112298883966e+00    2.4885078216065279e+00
    5.0134151137770449e+00    5.4717442388768038e+00
    5.1311048800137007e+00    1.3662945081838849e+00
    5.1339920835716590e+00    4.7596736321858959e+00
    5.1888165714578447e+00    4.0042929481253573e+00
    5.1936411810167034e+00    5.8895541738852479e+00
    5.1943263386163725e+00    2.0966131241584884e+00
    5.1962819516904215e+00    3.2740186858434335e+00
    5.2153444599532843e+00    2.8697336825793083e+00
    5.2392287176489791e+00    6.6971435401319672e+00
    5.2500000000000000e+00    1.0000000000000000e+00
    5.2500000000000000e+00    7.0000000000000000e+00
    5.2694065423837024e+00    5.1436262632095247e+00
    5.3110884483873075e+00    6.2982797917537434e+00
    5.3641862875790522e+00    1.7059862321360577e+00
    5.3892636517120209e+00    4.4007598723182770e+00
    5.3993765836929120e+00    3.6190405505120036e+00
    5.4017406417277307e+00    2.4353873757356750e+00
    5.4138884459761352e+00    5.5724085512848678e+00
    5.5414048616150726e+00    1.3534943457837252e+00
    5.5885002060259454e+00    4.8103623208288173e+00
    5.5999999999999996e+00    2.0000000000000000e+00
    5.5999999999999996e+00    4.0000000000000000e+00
    5.5999999999999996e+00    6.0000000000000000e+00
    5.6051108222432884e+00    6.6172870877726817e+00
    5.6056029646447696e+00    3.1996596229692047e+00
    5.6212322481495436e+00    2.7563422548118299e+00
    5.6250000000000000e+00    1.0000000000000000e+00
    5.6250000000000000e+00    7.0000000000000000e+00
    5.6485006695326856e+00    5.2547127047733371e+00
    5.7999999999999998e+00    1.6799999999999999e+00
    5.7999999999999998e+00    2.3199999999999998e+00
    5.7999999999999998e+00    3.6800000000000002e+00
    5.7999999999999998e+00    4.3200000000000003e+00
    5.7999999999999998e+00    5.6799999999999997e+00
    5.7999999999999998e+00    6.3200000000000003e+00
    5.9738012626866137e+00    1.3253838890559666e+00
    5.9915924848913926e+00    2.8538057200327094e+00
    6.0000000000000000e+00    1.0000000000000000e+00
    6.0000000000000000e+00    7.0000000000000000e+00
    6.0019629175840814e+00    4.7046122852247771e+00
    6.0021276166676127e+00    5.1419324809123879e+00
    6.0097125590365392e+00    3.2953152486687158e+00
    6.0241206336932853e+00    6.6746287938026931e+00
    6.2000000000000002e+00    1.6799999999999999e+00
    6.2000000000000002e+00    2.3199999999999998e+00
    6.2000000000000002e+00    3.6800000000000002e+00
    6.2000000000000002e+00    4.3200000000000003e+00
    6.2000000000000002e+00    5.6799999999999997e+00
    6.2000000000000002e+00    6.3200000000000003e+00
    6.3511332745066076e+00    2.7450453119312512e+00
    6.3565344370151244e+00    5.2583668519833191e+00
    6.3750000000000000e+00    1.0000000000000000e+00
    6.3750000000000000e+00    7.0000000000000000e+00
    6.3938842857392855e+00    1.3738984972758184e+00
    6.4000000000000004e+00    2.0000000000000000e+00
    6.4000000000000004e+00    4.0000000000000000e+00
    6.4000000000000004e+00    6.0000000000000000e+00
    6.4162266681702951e+00    4.8153096169564149e+00
    6.4172922522843834e+00    3.1866887393575309e+00
    6.4555553459031429e+00    6.6456342220066436e+00
    6.5892986569511054e+00    2.4252722057402085e+00
    6.5939605989440571e+00    5.5804178452001150e+00
    6.6122298462409761e+00    4.4017598177859671e+00
    6.6125326467206769e+00    3.5997317545592251e+00
    6.6407338781345295e+00    6.2914287267021152e+00
    6.6689703104163645e+00    1.6922672897592037e+00
    6.7360894955803339e+00    2.8475260005989651e+00
    6.7401541707240584e+00    5.1575321880756819e+00
    6.7500000000000000e+00    1.0000000000000000e+00
    6.7500000000000000e+00    7.0000000000000000e+00
    6.7771845858451600e+00    1.3126627875610439e+00
    6.8080601754321339e+00    4.0005382412228769e+00
    6.8084184831265171e+00    2.1049657966401183e+00
    6.8168975495267139e+00    5.9062308135856325e+00
    6.8604418669091523e+00    6.6319627551890701e+00
    6.8672513829086013e+00    3.2380336015587816e+00
    6.8673734396156219e+00    4.7656769915335753e+00
    7.0005259678683061e+00    2.5047165891613630e+00
    7.0067737246812642e+00    5.5073683296898093e+00
    7.0405934004663919e+00    4.3773882076463675e+00
    7.0416886940117589e+00    3.6242864189848127e+00
    7.0527368966969401e+00    6.2503869299155363e+00
    7.0650040329451764e+00    1.8047163846850471e+00
    7.1250000000000000e+00    1.0000000000000000e+00
    7.1250000000000000e+00    7.0000000000000000e+00
    7.1325649379386862e+00    1.4431398868037044e+00
    7.1667577241079927e+00    2.8937960043775468e+00
    7.1702270387529854e+00    5.1143202066127271e+00
    7.2183053717734653e+00    4.0004999699478168e+00
    7.2238646350413731e+00    2.1567250615413189e+00
    7.2267057971921229e+00    5.8727619632950692e+00
    7.2323795256248680e+00    6.6180843705019390e+00
    7.3054675280243817e+00    4.7213471751702443e+00
    7.3070719122929830e+00    3.2816455344836406e+00
    7.4379356216006025e+00    2.5436704624974529e+00
    7.4414442600400923e+00    5.4747436742239106e+00
    7.4802924157346213e+00    4.3704523186073532e+00
    7.4808869287709001e+00    6.2642378782258019e+00
    7.4813137299862031e+00    1.7492185991651295e+00
    7.4830458659522394e+00    3.6311490877912571e+00
    7.5000000000000000e+00    1.0000000000000000e+00
    7.5000000000000000e+00    7.0000000000000000e+00
    7.5062849188484808e+00    1.3257828752196061e+00
    7.5682824511476356e+00    6.6709138787584230e+00
    7.5885385357486825e+00    2.1395920675146116e+00
    7.5936498824305332e+00    4.0001861808365469e+00
    7.5999999999999996e+00    3.0000000000000000e+00
    7.5999999999999996e+00    5.0000000000000000e+00
    7.6049792334019584e+00    5.8726788357921818e+00
    7.7999999999999998e+00    2.6800000000000002e+00
    7.7999999999999998e+00    3.3199999999999998e+00
    7.7999999999999998e+00    4.6799999999999997e+00
    7.7999999999999998e+00    5.3200000000000003e+00
    7.8498295300268968e+00    1.5153040468131285e+00
    7.8501541180598222e+00    6.5488075713414515e+00
    7.8750000000000000e+00    1.0000000000000000e+00
    7.8750000000000000e+00    7.0000000000000000e+00
    7.8955038018736099e+00    3.9996091257299415e+00
    7.9075098931555114e+00    6.1605075328526251e+00
    7.9104498363060145e+00    2.3411339995645748e+00
    7.9220321007312196e+00    4.3348343164235326e+00
    7.9260212109854908e+00    1.9205715861500772e+00
    7.9288154243086089e+00    3.6667750225875140e+00
    7.9533071784504621e+00    5.7116160470530319e+00
    8.1618466632791087e+00    1.3588993169717449e+00
    8.1999999999999993e+00    2.6800000000000002e+00
    8.1999999999999993e+00    3.3199999999999998e+00
    8.1999999999999993e+00    4.6799999999999997e+00
    8.1999999999999993e+00    5.3200000000000003e+00
    8.2091652164664222e+00    6.5261732076577514e+00
    8.2290430322265209e+00    4.0041811998069088e+00
    8.2500000000000000e+00    1.0000000000000000e+00
    8.2500000000000000e+00    7.0000000000000000e+00
    8.2961339989918610e+00    2.2155438913433620e+00
    8.3042495092629665e+00    6.0912458497924460e+00
    8.3135589274642818e+00    1.7671883496282286e+00
    8.3451537957725765e+00    5.7163277200199758e+00
    8.3468822720278375e+00    4.3154029744422617e+00
    8.3626484487502335e+00    3.6994295522029663e+00
    8.4000000000000004e+00    3.0000000000000000e+00
    8.4000000000000004e+00    5.0000000000000000e+00
    8.5414528246093848e+00    1.3759709726398304e+00
    8.5536625075149182e+00    6.6664328030722997e+00
    8.5794633396370319e+00    2.5603403013415589e+00
    8.5914230559295870e+00    5.4365551089465658e+00
    8.5959096149239667e+00    3.4257130680388905e+00
    8.6025743080995998e+00    4.5677900473099191e+00
    8.6250000000000000e+00    1.0000000000000000e+00
    8.6250000000000000e+00    7.0000000000000000e+00
    8.6555768675710709e+00    6.3010612982436136e+00
    8.6768330775359193e+00    4.0293893039180828e+00
    8.7266924236132741e+00    1.7236600798114985e+00
    8.7310700506106294e+00    2.1284793461660074e+00
    8.7414260852382153e+00    5.8760286855959079e+00
    8.8219165262963983e+00    5.1476311355862236e+00
    8.8534165396473572e+00    2.8960417033282506e+00
    8.8967315564958493e+00    4.8085530682325865e+00
    8.9276776532152553e+00    3.6865670450096912e+00
    8.9466774359481249e+00    3.2840128323858915e+00
    8.9750148952019639e+00    6.6253319863787716e+00
    8.9758746640472840e+00    4.3795777292960070e+00
    8.9827647328092244e+00    1.3740164764022180e+00
    8.9877574103923710e+00    2.4880829813081053e+00
    9.0000000000000000e+00    1.0000000000000000e+00
    9.0000000000000000e+00    7.0000000000000000e+00
    9.0038769690465763e+00    5.5045262578768064e+00
    9.0702923844178347e+00    6.2098609797797604e+00
    9.1188988279420045e+00    1.7936744149723038e+00
    9.1633321133649819e+00    4.0069711096883758e+00
    9.1803355915866476e+00    2.1486789108613054e+00
    9.1844695689024398e+00    5.8617195797025721e+00
    9.2592912554204911e+00    5.1289078113684816e+00
    9.2621609222498407e+00    2.7815658557341627e+00
    9.2692270117266897e+00    4.7188898170405720e+00
    9.3114403488304660e+00    3.1476069635977453e+00
    9.3550244047885887e+00    3.5966905571818795e+00
    9.3750000000000000e+00    1.0000000000000000e+00
    9.3750000000000000e+00    7.0000000000000000e+00
    9.3911467751468276e+00    6.4760305010750878e+00
    9.3998311869493882e+00    1.5098533222648465e+00
    9.4075532892218199e+00    4.3692553308833073e+00
    9.4212734330092580e+00    5.5516492071499011e+00
    9.4427107849946470e+00    2.4413270887489951e+00
    9.5999999999999996e+00    2.0000000000000000e+00
    9.5999999999999996e+00    4.0000000000000000e+00
    9.5999999999999996e+00    6.0000000000000000e+00
    9.6718047878820474e+00    3.2852288747253020e+00
    9.6734297927357726e+00    4.7996061604315532e+00
    9.6817403485274820e+00    5.2382891248525372e+00
    9.6860844170694040e+00    2.8373732335733539e+00
    9.7257022138353264e+00    6.6934475725764040e+00
    9.7286756995949020e+00    1.3037695151833988e+00
    9.7500000000000000e+00    1.0000000000000000e+00
    9.7500000000000000e+00    7.0000000000000000e+00
    9.8000000000000007e+00    1.6799999999999999e+00
    9.8000000000000007e+00    2.3199999999999998e+00
    9.8000000000000007e+00    3.6800000000000002e+00
    9.8000000000000007e+00    4.3200000000000003e+00
    9.8000000000000007e+00    5.6799999999999997e+00
    9.8000000000000007e+00    6.3200000000000003e+00
    1.0054238005808587e+01    3.1852246244695488e+00
    1.0092354096494983e+01    4.7653775972712236e+00
    1.0094114406319695e+01    5.2396199627922444e+00
    1.0096683021893620e+01    2.7140573123511151e+00
    1.0125000000000000e+01    1.0000000000000000e+00
    1.0125000000000000e+01    7.0000000000000000e+00
    1.0129680048730673e+01    1.3431554206008147e+00
    1.0131953367452407e+01    6.6565133520742279e+00
    1.0199999999999999e+01    1.6799999999999999e+00
    1.0199999999999999e+01    2.3199999999999998e+00
    1.0199999999999999e+01    3.6800000000000002e+00
    1.0199999999999999e+01    4.3200000000000003e+00
    1.0199999999999999e+01    5.6799999999999997e+00
    1.0199999999999999e+01    6.3200000000000003e+00
    1.0400000000000000e+01    2.0000000000000000e+00
    1.0400000000000000e+01    4.0000000000000000e+00
    1.0400000000000000e+01    6.0000000000000000e+00
    1.0431817753283863e+01    2.9522398001534338e+00
    1.0439903983246891e+01    3.3370913183616082e+00
    1.0472423520547782e+01    5.0313040140711500e+00
    1.0473681512881491e+01    4.6242943374137555e+00
    1.0500000000000000e+01    1.0000000000000000e+00
    1.0500000000000000e+01    7.0000000000000000e+00
    1.0522843330704847e+01    2.5052202754719235e+00
    1.0523434703032159e+01    5.4799865148539029e+00
    1.0544346776650109e+01    1.3830243285315118e+00
    1.0546076413744581e+01    6.6274890109443056e+00
    1.0661419772852232e+01    3.6393835513110768e+00
    1.0707487403340290e+01    6.2798875744787699e+00
    1.0715087666414332e+01    1.7344889493726661e+00
    1.0738518083514881e+01    4.3263535102476736e+00
    1.0776747735530048e+01    2.8462649842422376e+00
    1.0782542220991813e+01    2.1302379686261421e+00
    1.0818752189171340e+01    5.9112498167673238e+00
    1.0837056621664612e+01    3.9599775888563316e+00
    1.0857985961310325e+01    4.7659737493387171e+00
    1.0863183549821386e+01    3.2516953896105245e+00
    1.0864705845993365e+01    5.1846500332470233e+00
    1.0874499999999999e+01    7.0000000000000000e+00
    1.0875000000000000e+01    1.0000000000000000e+00
    1.0915168673595669e+01    5.5589483626612823e+00
    1.0942985606631435e+01    2.5024815804043143e+00
    1.0964803487551286e+01    6.6119913910076988e+00
    1.0965467119766226e+01    1.3866397398902603e+00
    1.1124480328800880e+01    3.6385077678501139e+00
    1.1145671162875953e+01    2.8889447199785767e+00
    1.1156686959592323e+01    1.7823258088413581e+00
    1.1167829033008740e+01    2.1640655151232480e+00
    1.1169466140575974e+01    6.2191880344997417e+00
    1.1172253376251762e+01    4.4258272609790659e+00
    1.1215984516750467e+01    4.0553049457155002e+00
    1.1240238248042367e+01    5.8106373072844901e+00
    1.1241992247991018e+01    4.7365407614384019e+00
    1.1247000000000000e+01    7.0000000000000000e+00
    1.1250000000000000e+01    1.0000000000000000e+00
    1.1250136766467696e+01    5.0386897103996269e+00
    1.1273802637450961e+01    5.4013879463684349e+00
    1.1290602229374178e+01    3.2473670205082041e+00
    1.1335453136980298e+01    6.6248369465353658e+00
    1.1336386966692270e+01    2.5210890864009050e+00
    1.1353662136356377e+01    1.3931343470493773e+00
    1.1551924513708945e+01    3.5527424777163801e+00
    1.1552103424172500e+01    2.1347020871719753e+00
    1.1554223560828227e+01    2.8774649721537142e+00
    1.1594437950916936e+01    1.7628044254168591e+00
    1.1596049141104467e+01    4.2788578192608586e+00
    1.1600841532176430e+01    3.8867683531869943e+00
    1.1600943993460964e+01    5.9991007169645352e+00
    1.1603740625636842e+01    4.6998288495722562e+00
    1.1608186787204339e+01    6.3481647057800732e+00
    1.1619999999999999e+01    7.0000000000000000e+00
    1.1625000000000000e+01    1.0000000000000000e+00
    1.1626741310432143e+01    5.6000631880598029e+00
    1.1644731632879918e+01    5.1558013134337255e+00
    1.1693528520637615e+01    6.6932866244062437e+00
    1.1696430266728036e+01    3.2195726749304927e+00
    1.1706522341965851e+01    2.5034493330968970e+00
    1.1710531919110615e+01    1.3826370008181281e+00
    1.2000000000000000e+01    1.0000000000000000e+00
    1.2000000000000000e+01    1.3750000000000000e+00
    1.2000000000000000e+01    1.7500000000000000e+00
    1.2000000000000000e+01    2.1250000000000000e+00
    1.2000000000000000e+01    2.5000000000000000e+00
    1.2000000000000000e+01    2.8750000000000000e+00
    1.2000000000000000e+01    3.2500000000000000e+00
    1.2000000000000000e+01    3.6250000000000000e+00
    1.2000000000000000e+01    4.0000000000000000e+00
    1.2000000000000000e+01    4.3750000000000000e+00
    1.2000000000000000e+01    4.7500000000000000e+00
    1.2000000000000000e+01    5.1250000000000000e+00
    1.2000000000000000e+01    5.5000000000000000e+00
    1.2000000000000000e+01    5.8745000000000003e+00
    1.2000000000000000e+01    6.2469999999999999e+00
    1.2000000000000000e+01    6.6200000000000001e+00
    1.2000000000000000e+01    7.0000000000000000e+00
