            96            58            63
            96           104            67
            67            58            96
             6            32             7
            24            32             6
           154           127           150
           154           171           141
           964           975           963
            63            58            38
            29            38            58
           108            96            63
           155           190           139
           139           190           163
           139           108           155
            96           108           139
           424           390           306
             5            24             6
            13            34            14
            12            30            22
            22            13            12
            34            13            22
            11            30            12
           260           282           315
           120            95           127
           127           154           120
           120           154           141
           210           171           183
           171           154           183
           183           209           210
           199           171           210
            37            55            62
            55            37            28
            62            55            94
            94            55            66
           156           188           214
            15            31            16
            14            34            25
            25            15            14
            31            15            25
           308           425           427
           280           425           308
           308           214           280
           280           214           188
           651           427           650
           650           427           425
           500           647           493
           974           975           964
           976           963           975
           977           969           976
           976           969           963
           965           974           964
            38            29            21
            36            58            67
            36            29            58
             4             3            36
            36             3            29
           213           190           155
           278           390           334
           306           390           278
           278           213           306
           190           213           278
           163           190           203
           127            95           113
           150           127           113
           104            96           133
            96           139           133
           133           139           163
           163           152           133
           620           494           660
           660           494           390
           660           424           652
           390           424           660
             8            26             9
            23            11            10
            30            11            23
            10             9            23
            23             9            26
            27            26             8
             8             7            27
            27             7            32
            40            22            30
            40            30            49
           894           898           904
           288           260           315
           141           171           165
           196           179           165
           165           199           196
           171           199           165
           251           199           210
           211           179           196
           179           211           186
           186           211           219
           153           182           170
           981           971           980
            20            28            37
            16            31            35
            35            17            16
            28            17            35
            66            55            35
            55            28            35
            62            94           109
           138           188           156
           162           188           138
           156           109           138
           138           109            94
           144           131           118
            56            87            66
            66            35            56
            56            35            31
           124            87           114
            98           121            93
            49            76            61
            59            40            61
            61            40            49
           115           140           153
           105           130           115
           115           130           140
            45            25            34
            34            52            45
            45            70            68
            52            70            45
            34            22            41
            41            52            34
            41            40            59
            22            40            41
           135           164           144
           144           118           135
           646           647           500
           425           280           344
           649           650           425
           425           493           649
           158           131           144
           638           639           563
           197           170           182
           181           170           197
           967           969           977
           974           965           973
           964           963           951
           947           929           924
           950           929           947
           947           961           950
           950           961           965
           950           965           964
           964           951           950
            29             3             2
             1            21             2
             2            21            29
            33             5             4
             4            36            33
            24             5            33
            33            47            24
           231           287           281
           255           278           334
           334           287           255
           190           278           255
           255           203           190
           255           287           231
           231           203           255
           125           152           148
           104           133           125
           125           133           152
           148           152           167
           167           152           163
           150           113           137
           137           166           150
           148           166           137
            99            95            75
            99           113            95
           150           166           168
           168           154           150
           168           183           154
           209           183           168
           168           166           209
           209           166           198
           834           819           867
           334           390           394
           390           494           394
           756           660           652
           620           660           718
           945           939           956
           963           969           956
            49            30            51
            30            23            51
            51            76            49
            39            26            53
            39            23            26
            53            26            43
            26            27            43
            75            95            72
            72            47            75
            69            54            80
            42            54            69
            42            27            32
            32            54            42
           175           143           146
           161           142           134
           134           143           161
            74           100            78
            76            51            78
            78            51            74
           378           407           393
           413           393           440
           440           393           407
           423           407           378
           173           143           175
           161           143           173
           173           184           161
           173           192           184
           184           192           200
           858           862           849
           869           879           882
           556           634           635
           260           288           241
           210           209           241
           209           260           241
           241           251           210
           288           251           241
           233           251           276
           199           251           233
           196           199           233
           276           251           302
           302           251           288
           269           233           276
           175           186           201
           201           186           219
           157           170           181
           153           170           157
           172           142           161
           161           184           172
           159           130           142
           140           130           159
           142           172           159
           159           172           185
           966           971           962
           966           980           971
           979           980           966
           931           938           926
            18            17            28
            18            20            19
            28            20            18
            93           121           110
           121           135           110
           110           135           118
            87            56            77
            31            25            46
            46            56            31
            46            45            68
            25            45            46
            68            77            46
            46            77            56
           102            98            81
            59            61            81
            64            81            98
            59            81            64
            64            41            59
            52            41            64
           105           115            84
            84           115           102
            84            76           105
            84            61            76
           102            81            84
            84            81            61
           236           280           188
           162           151           174
           174           151           178
           401           493           425
           425           344           401
           500           493           401
           648           493           647
           648           649           493
           178           151           147
           124           114           147
           147           151           124
           147           114           131
           131           158           147
           132           138            94
           124           151           132
           162           138           132
           132           151           162
           247           202           244
           169           158           144
           144           164           169
           579           639           640
           579           563           639
           504           646           500
           645           646           504
           363           430           359
           359           430           408
           978           967           977
           965           961           970
           972           973           970
           970           973           965
           611           576           592
            57            36            67
            57            33            36
            47            33            57
            75            47            57
           177           166           148
           148           167           177
           177           198           166
           187           203           231
           163           203           187
           187           167           163
           117           137           113
           113            99           117
           117           125           148
           148           137           117
           104           125            86
           125           117            86
            86           117            99
            67           104            86
            86            57            67
            86            99            75
            75            57            86
           231           281           249
           249           281           314
           314           282           249
           881           867           899
           834           867           881
           932           911           929
           929           950           932
           932           950           951
           917           911           932
           932           936           917
           932           951           936
           906           911           895
           906           881           899
           895           881           906
           929           911           906
           899           924           906
           906           924           929
           499           494           620
           499           394           494
           394           499           412
           772           756           819
           772           819           834
           834           803           772
           660           756           772
           772           718           660
           767           718           772
           772           803           767
           620           718           714
           714           718           767
           949           956           939
           949           939           936
           936           951           949
           949           951           963
           963           956           949
           969           967           957
           957           956           969
           967           952           957
           945           956           957
           901           911           917
           895           911           901
           895           901           887
           887           901           891
           917           936           921
           934           939           945
            60            39            53
            53            82            60
            48            51            23
            23            39            48
            39            60            48
            74            51            48
            48            60            74
            47            72            44
            24            47            44
            32            24            44
            44            54            32
            65            80            54
            54            44            65
            65            44            72
            50            43            27
            27            42            50
            50            42            69
           141           165           136
           142           130           119
           119           134           142
           100           134           119
           143           134           112
           112           134           100
           445           435           415
           329           293           305
           413           440           459
           463           423           419
           305           293           270
           298           271           310
           215           208           185
           252           224           245
           572           634           556
           471           445           450
           450           489           471
           780           781           789
           789           809           807
           780           786           775
           748           742           736
           634           572           633
           792           786           804
           889           898           885
           898           894           885
           885           894           882
           882           879           885
           818           804           807
           825           832           838
           381           423           378
           378           351           381
           383           419           381
           381           419           423
           149           157           181
           181           164           149
           164           135           149
           149           135           121
           121            98           128
           128           149           121
           157           149           128
           153           157           128
           184           200           191
           191           172           184
           962           958           959
           959           966           962
           959           958           948
           979           966           968
           968           978           979
           967           978           968
           948           938           944
           938           931           944
           944           959           948
           905           898           889
           928           931           916
           916           914           928
           926           915           916
           916           931           926
           916           905           914
           898           905           916
           916           915           904
           904           898           916
           920           933           935
            83            70            93
            93           110            83
            68            70            83
           107           118           131
           131           114           107
           107           114            87
            87            77           107
            79            70            52
            52            64            79
            93            70            79
            79            98            93
            79            64            98
           195           188           162
           195           236           188
           162           174           195
           246           236           195
           291           236           246
           291           344           280
           280           236           291
           205           174           178
           205           248           246
           246           195           205
           205           195           174
           212           205           178
           248           205           212
           212           202           247
           247           248           212
           301           248           247
           103            94            66
           103           132            94
           124           132           103
            66            87           103
           103            87           124
           180           169           202
           158           169           180
           202           212           180
           180           212           178
           178           147           180
           180           147           158
           194           244           202
           202           169           194
           194           169           164
           194           254           244
           643           644           532
           408           430           532
           532           642           643
           408           532           502
           502           532           644
           502           644           645
           645           504           502
           244           254           303
           363           359           303
           185           208           176
           153           140           176
           176           182           153
           140           159           176
           176           159           185
           462           512           463
           463           419           462
           345           302           288
           345           377           352
           891           890           874
           676           692           682
           691           673           682
           763           781           780
           727           738           739
           486           506           477
           384           367           392
           413           428           392
           538           505           544
           544           561           538
           576           561           544
           501           505           538
           491           477           506
           659           611           592
           206           187           231
           231           249           206
           206           177           167
           167           187           206
           198           177           206
           206           249           198
           230           249           282
           198           249           230
           282           260           230
           230           260           209
           209           198           230
           834           881           847
           847           803           834
           314           281           339
           339           281           287
           394           412           339
           339           287           334
           334           394           339
           767           803           798
           618           499           620
           620           714           618
           616           618           711
           711           618           714
           880           885           879
           880           873           889
           889           885           880
           868           873           861
           900           886           892
           897           905           889
           897           886           900
           914           905           897
           946           943           935
           935           933           946
           936           939           925
           925           921           936
           913           921           925
           939           934           925
           907           890           891
           907           921           913
           891           901           907
           907           901           917
           917           921           907
           122           120           141
           122           101           120
           141           136           122
           122           136           111
            95           120            85
           120           101            85
            85            72            95
            85            65            72
            85           101            80
            80            65            85
            80           101            90
            69            80            90
            90            89            69
           111            89            90
            90           122           111
           101           122            90
            53            43            71
            71            82            53
            92           129           106
           106            82            92
            82            71            92
           145           165           179
           145           136           165
            97            78           100
           100           119            97
           105            76            97
            76            78            97
            97           130           105
            97           119           130
           106           129           126
           126           129           146
           126           146           143
           143           112           126
            88           112           100
            88           100            74
            88            82           106
            74            60            88
            88            60            82
           106           126            88
            88           126           112
           396           380           384
           406           380           396
           457           436           442
           447           436           457
           433           443           406
           406           396           433
           433           396           436
           433           447           443
           436           447           433
           369           380           388
           353           380           369
           336           353           369
           369           362           336
           386           369           388
           362           369           386
           492           483           521
           395           415           388
           388           380           395
           395           380           406
           406           443           434
           434           395           406
           415           395           434
           445           415           434
           450           445           434
           434           443           450
           245           224           221
           224           200           221
           221           200           192
           192           217           221
           175           201           189
           189           173           175
           201           222           189
           189           222           217
           192           173           189
           189           217           192
           361           367           384
           353           329           361
           384           380           361
           361           380           353
           293           329           324
           336           310           324
           310           293           324
           324           353           336
           324           329           353
           663           673           624
           378           393           366
           243           266           261
           335           340           367
           367           361           335
           335           361           329
           335           329           305
           250           270           235
           245           221           235
           235           221           217
           235           222           250
           217           222           235
           263           270           293
           245           235           263
           263           235           270
           305           270           275
           275           250           257
           275           270           250
           382           370           357
           357           386           382
           362           386           357
           391           370           382
           382           402           391
           445           471           454
           444           435           454
           454           435           445
           587           606           604
           604           625           626
           606           625           604
           830           809           810
           861           873           857
           791           786           780
           780           789           791
           804           786           791
           807           804           791
           791           789           807
           780           775           766
           766           775           769
           779           775           786
           786           792           779
           769           775           779
           779           784           771
           779           792           784
           779           765           769
           771           765           779
           752           765           771
           748           765           752
           752           742           748
           752           746           742
           728           736           742
           784           792           800
           804           818           817
           632           633           585
           585           633           572
           585           572           535
           811           792           804
           804           817           811
           808           800           811
           811           800           792
           811           817           832
           825           808           811
           811           832           825
           771           784           773
           807           809           822
           822           818           807
           809           830           822
           822           830           840
           835           822           840
           818           822           835
           383           381           356
           356           381           351
           326           356           351
           328           356           326
           294           326           290
           328           326           294
           232           266           243
           219           211           232
           232           243           219
           153           128           123
           123           115           153
           102           115           123
           123            98           102
           123           128            98
           218           200           224
           218           191           200
           185           172           193
           172           191           193
           193           215           185
           966           959           953
           959           944           953
           942           931           928
           942           944           931
           942           953           944
           928           914           923
           923           920           935
           851           878           864
           864           878           883
           118           107            91
            91           110           118
            91            83           110
            91           107            77
            91            77            68
            68            83            91
           408           502           417
           417           502           504
           254           194           207
           207           164           181
           207           194           164
           296           303           359
           296           301           247
           247           244           296
           244           303           296
           204           197           182
           182           176           204
           204           176           208
           463           512           517
           870           887           891
           891           874           870
           534           613           529
           724           711           764
           616           711           724
           787           770           760
           596           561           590
           590           561           576
           576           611           590
           590           622           596
           611           622           590
           531           508           489
           577           561           596
           596           622           615
           609           607           624
           624           625           609
           609           625           606
           521           508           543
           508           531           543
           521           543           551
           571           581           551
           551           543           571
           483           454           487
           487           454           471
           521           483           487
           487           508           521
           487           471           489
           489           508           487
           691           682           696
           696           682           692
           726           738           727
           748           736           743
           375           366           393
           340           366           375
           375           393           413
           413           392           375
           367           340           375
           375           392           367
           555           544           537
           576           544           555
           592           576           555
           537           544           513
           513           544           505
           513           506           537
           513           491           506
           505           501           476
           476           447           457
           653           687           669
           707           733           712
           712           687           707
           810           788           805
           745           753           768
           810           809           794
           794           788           810
           809           789           794
           794           789           781
           727           739           722
           611           659           665
           665           622           611
           674           680           689
           674           689           677
           677           665           674
           674           665           659
           827           847           853
           803           847           827
           853           824           827
           824           798           827
           827           798           803
           877           881           895
           877           847           881
           895           887           877
           853           847           877
           877           870           853
           887           870           877
           343           282           314
           315           282           343
           343           371           315
           795           798           824
           795           824           826
           826           801           795
           795           801           764
           826           850           823
           823           801           826
           850           854           823
           515           618           616
           616           527           515
           515           527           438
           499           618           515
           515           412           499
           515           438           412
           865           862           858
           865           869           862
           879           869           865
           886           868           872
           872           892           886
           860           843           859
           859           872           860
           860           872           868
           873           868           884
           884           868           886
           886           897           884
           889           873           884
           884           897           889
           910           897           900
           914           897           910
           910           923           914
           900           920           910
           920           923           910
           940           946           933
           952           946           940
           960           946           952
           960           952           967
           967           968           960
           902           907           913
           890           907           902
           888           890           902
           934           930           918
           913           925           918
           918           925           934
           918           902           913
            43            50            73
            73            71            43
            73            50            69
            69            89            73
            89            92            73
            73            92            71
           116            89           111
           116            92            89
           129            92           116
           116           145           129
           111           136           116
           136           145           116
           146           129           160
           129           145           160
           160           186           175
           175           146           160
           179           186           160
           160           145           179
           384           392           403
           403           396           384
           436           396           403
           403           392           428
           428           442           403
           403           442           436
           448           442           428
           448           428           413
           413           459           448
           448           459           486
           486           477           448
           477           491           468
           468           448           477
           442           448           468
           457           442           468
           450           443           470
           443           447           470
           447           476           470
           470           489           450
           397           386           388
           388           415           397
           397           415           435
           483           492           467
           444           454           467
           467           454           483
           530           492           521
           257           250           225
           250           222           225
           225           222           201
           671           663           664
           671           682           673
           673           663           671
           342           351           378
           378           366           342
           309           335           305
           305           275           309
           271           252           274
           310           271           274
           274           252           245
           245           263           274
           274           293           310
           274           263           293
           312           289           325
           325           289           298
           421           391           402
           535           481           498
           431           421           449
           587           604           583
           583           581           587
           583           551           581
           600           604           626
           626           627           600
           567           583           600
           600           583           604
           567           600           573
           628           629           591
           591           629           598
           566           591           598
           558           591           566
           716           728           723
           821           805           812
           821           830           810
           810           805           821
           855           868           861
           855           860           868
           873           880           863
           863           857           873
           762           763           780
           780           766           762
           832           817           836
           836           817           818
           818           835           836
           269           294           264
           266           232           264
           290           266           264
           264           294           290
           352           331           317
           317           345           352
           302           345           317
           276           302           317
           360           356           328
           328           331           360
           383           356           360
           360           331           352
           304           294           269
           304           269           276
           328           294           304
           304           331           328
           276           317           304
           304           317           331
           233           269           229
           196           233           229
           269           264           229
           229           264           232
           229           211           196
           229           232           211
           224           252           238
           238           218           224
           238           252           271
           954           968           966
           966           953           954
           953           942           954
           883           878           893
           875           854           850
           850           874           875
           875           890           888
           875           874           890
           876           878           851
           851           854           876
           854           875           876
           876           875           888
           888           893           876
           876           893           878
           828           851           816
           828           854           851
           828           823           854
           348           401           344
           344           291           348
           197           204           227
           363           303           311
           311           303           254
           254           207           256
           256           311           254
           640           641           552
           552           579           640
           405           478           422
           422           430           363
           565           637           638
           638           563           565
           509           565           563
           525           565           509
           528           525           461
           510           481           535
           535           572           510
           510           572           556
           354           296           359
           301           296           354
           354           359           408
           354           355           301
           408           417           354
           417           355           354
           337           332           312
           312           325           337
           337           357           370
           337           325           357
           316           332           347
           312           332           295
           295           332           316
           226           204           208
           226           227           204
           349           358           327
           562           517           512
           562           512           559
           559           610           562
           562           564           517
           656           562           610
           564           562           656
           420           464           462
           420           419           383
           420           462           419
           559           512           511
           512           462           511
           462           464           511
           377           345           399
           345           404           399
           371           404           346
           346           404           345
           346           345           288
           346           288           315
           315           371           346
           446           404           371
           534           529           446
           446           529           404
           706           679           710
           848           824           853
           853           870           848
           848           850           826
           826           824           848
           848           874           850
           848           870           874
           616           724           662
           534           527           662
           662           527           616
           662           613           534
           713           740           710
           519           501           538
           519           531           489
           607           609           594
           571           543           553
           553           543           531
           666           615           622
           664           615           666
           588           606           587
           588           609           606
           588           594           609
           587           581           588
           588           581           571
           571           594           588
           719           726           727
           727           722           719
           719           722           704
           748           743           751
           769           765           751
           751           765           748
           505           476           484
           484           513           505
           491           513           484
           484           476           457
           457           468           484
           484           468           491
           657           602           653
           653           669           657
           725           726           715
           715           709           725
           726           719           715
           720           733           741
           720           712           733
           741           725           720
           725           709           720
           687           712           699
           699           709           694
           699           720           709
           712           720           699
           812           805           793
           793           805           788
           704           698           693
           677           689           693
           677           693           685
           685           693           698
           685           692           676
           685           698           692
           692           698           702
           716           696           702
           702           696           692
           729           743           736
           739           743           729
           729           722           739
           667           681           680
           680           674           667
           667           674           659
           694           681           683
           683           699           694
           683           669           687
           687           699           683
           523           506           486
           486           459           495
           495           523           486
           539           523           495
           653           602           570
           368           343           314
           412           438           368
           314           339           368
           368           339           412
           798           795           758
           758           714           767
           767           798           758
           758           795           764
           764           711           758
           758           711           714
           883           892           871
           892           872           871
           871           864           883
           871           872           859
           927           940           933
           952           940           941
           945           957           941
           941           957           952
           941           934           945
           941           930           934
           941           927           930
           940           927           941
           900           892           909
           909           920           900
           933           920           922
           922           927           933
           912           927           922
           920           909           922
           922           909           912
           919           918           930
           930           927           919
           919           927           912
           414           435           444
           414           397           435
           386           397           414
           444           467           439
           439           414           444
           521           551           549
           549           530           521
           551           583           549
           549           583           567
           243           261           239
           219           243           239
           257           225           239
           239           201           219
           239           225           201
           672           671           664
           672           666           676
           664           666           672
           676           682           672
           682           671           672
           290           326           320
           320           326           351
           351           342           320
           362           357           330
           357           325           330
           336           362           330
           330           325           298
           330           310           336
           330           298           310
           441           421           402
           460           449           441
           441           449           421
           460           475           482
           482           449           460
           488           449           482
           475           497           482
           453           439           467
           488           498           465
           431           449           465
           465           449           488
           465           498           481
           567           573           542
           542           549           567
           530           549           542
           558           573           597
           597           591           558
           597           600           627
           597           573           600
           597           627           628
           628           591           597
           524           498           488
           716           723           703
           703           696           716
           691           696           703
           742           746           737
           737           728           742
           737           723           728
           598           629           630
           746           752           759
           759           752           771
           771           773           759
           829           821           812
           840           830           845
           845           855           861
           861           857           845
           845           857           840
           866           863           880
           866           880           879
           879           865           866
           749           762           766
           749           739           738
           744           725           741
           741           763           744
           763           762           744
           744           749           738
           762           749           744
           738           726           744
           744           726           725
           832           836           844
           844           838           832
           849           838           844
           858           849           844
           863           866           856
           858           844           856
           856           844           836
           856           865           858
           856           866           865
           267           238           271
           271           298           267
           298           289           267
           218           238           220
           191           218           220
           220           193           191
           955           954           943
           943           946           955
           946           960           955
           955           960           968
           968           954           955
           943           954           937
           937           954           942
           935           943           937
           937           923           935
           937           942           928
           928           923           937
           908           919           912
           918           919           908
           411           348           355
           411           355           417
           500           401           411
           401           348           411
           411           504           500
           411           417           504
           297           291           246
           297           348           291
           246           248           297
           355           348           297
           248           301           297
           301           355           297
           279           256           242
           197           227           242
           518           641           642
           518           552           641
           642           532           518
           478           552           518
           518           422           478
           518           532           430
           430           422           518
           636           637           580
           637           565           580
           580           565           525
           525           528           580
           580           528           556
           580           635           636
           556           635           580
           579           552           526
           526           552           478
           563           579           526
           526           509           563
           461           525           473
           525           509           473
           461           451           496
           496           528           461
           451           510           496
           556           528           496
           496           510           556
           410           451           461
           400           410           461
           376           410           400
           350           376           349
           363           311           364
           364           422           363
           405           422           364
           370           391           389
           389           421           431
           391           421           389
           228           234           265
           208           215           228
           215           234           228
           322           299           323
           316           347           323
           286           299           322
           272           286           259
           299           286           272
           745           768           754
           754           732           745
           678           656           686
           678           687           653
           707           687           678
           678           705           707
           686           705           678
           383           360           379
           379           420           383
           352           377           379
           379           360           352
           661           679           612
           516           511           464
           377           399           418
           464           420           418
           418           379           377
           420           379           418
           474           399           404
           474           529           554
           404           529           474
           438           527           426
           426           446           371
           426           527           534
           534           446           426
           371           343           426
           426           368           438
           343           368           426
           679           706           688
           735           706           710
           710           740           735
           731           713           690
           760           770           731
           770           740           731
           740           713           731
           701           731           690
           701           747           760
           760           731           701
           774           747           724
           764           801           774
           774           724           764
           613           662           697
           697           701           613
           747           701           697
           724           747           697
           697           662           724
           690           713           684
           661           623           684
           684           623           690
           684           713           710
           710           679           684
           684           679           661
           621           623           554
           554           529           621
           621           529           613
           690           623           621
           613           701           621
           621           701           690
           770           787           797
           501           519           490
           490           476           501
           490           470           476
           489           470           490
           490           519           489
           531           519           547
           547           553           531
           577           553           547
           547           519           538
           538           561           547
           561           577           547
           654           615           664
           654           608           615
           664           663           654
           700           719           704
           700           693           689
           704           693           700
           700           715           719
           750           766           769
           769           751           750
           750           749           766
           739           749           750
           750           743           739
           750           751           743
           655           657           668
           668           667           655
           681           667           668
           668           683           681
           668           657           669
           669           683           668
           622           665           670
           670           666           622
           670           665           677
           677           685           670
           676           666           670
           670           685           676
           717           702           698
           722           729           717
           717           698           704
           704           722           717
           655           667           617
           617           667           659
           617           659           592
           537           506           545
           506           523           545
           545           555           537
           480           459           440
           480           495           459
           653           570           568
           896           892           883
           896           909           892
           912           909           896
           896           908           912
           883           893           896
           893           908           896
           414           439           398
           398           402           382
           382           386           398
           386           414           398
           485           497           475
           455           475           460
           460           441           455
           455           485           475
           453           485           455
           546           542           573
           546           558           536
           546           573           558
           507           497           536
           507           482           497
           488           482           507
           507           524           488
           842           829           843
           843           860           842
           860           855           842
           821           829           842
           846           836           835
           846           856           836
           840           857           846
           846           835           840
           857           863           846
           863           856           846
           277           267           289
           277           295           265
           277           289           312
           312           295           277
           215           193           223
           193           220           223
           223           234           215
           903           893           888
           903           908           893
           888           902           903
           902           918           903
           918           908           903
           216           256           207
           216           242           256
           216           207           181
           181           197           216
           197           242           216
           373           358           387
           387           416           373
           373           416           405
           405           364           373
           405           416           469
           469           478           405
           469           526           478
           509           526           469
           374           410           376
           376           350           374
           461           473           432
           432           400           461
           387           400           432
           432           416           387
           372           400           387
           372           358           349
           387           358           372
           349           376           372
           376           400           372
           313           364           311
           313           256           279
           311           256           313
           370           389           365
           365           337           370
           332           337           365
           365           347           332
           259           226           240
           240           272           259
           240           226           208
           208           228           240
           321           286           322
           349           327           321
           321           350           349
           322           350           321
           279           242           268
           268           242           227
           258           228           265
           258           240           228
           272           240           258
           782           754           768
           768           785           782
           732           754           734
           734           733           707
           707           705           734
           734           705           732
           781           763           757
           741           733           757
           757           763           741
           614           678           653
           656           678           614
           653           568           614
           564           656           614
           614           568           564
           511           516           560
           559           511           560
           554           623           578
           578           623           661
           578           560           516
           661           612           578
           612           560           578
           466           516           464
           464           418           466
           466           418           399
           399           474           466
           675           656           610
           686           656           675
           658           610           559
           658           675           610
           688           675           658
           658           612           679
           679           688           658
           559           560           658
           658           560           612
           730           753           745
           730           735           753
           706           735           730
           801           823           790
           790           774           801
           823           828           790
           816           787           790
           790           828           816
           747           774           790
           790           787           760
           760           747           790
           770           797           783
           815           787           816
           815           797           787
           813           797           815
           815           833           813
           812           793           802
           793           782           802
           802           782           785
           852           871           859
           864           871           852
           813           833           820
           619           663           624
           619           654           663
           624           607           619
           586           594           571
           608           595           593
           596           615           593
           615           608           593
           593           577           596
           689           680           695
           695           700           689
           715           700           695
           695           681           694
           680           681           695
           694           709           695
           709           715           695
           702           717           721
           736           728           721
           721           729           736
           721           717           729
           721           728           716
           716           702           721
           452           440           407
           452           480           440
           407           423           452
           480           452           514
           517           564           514
           564           568           514
           257           239           273
           273           239           261
           285           266           290
           285           261           266
           290           320           285
           320           307           285
           285           273           261
           307           273           285
           340           335           318
           335           309           318
           479           485           453
           479           467           492
           479           453           467
           439           453           437
           453           455           437
           437           455           441
           437           441           402
           402           398           437
           437           398           439
           485           479           503
           530           542           503
           492           530           503
           503           479           492
           541           507           536
           536           558           541
           558           566           541
           524           507           541
           603           630           631
           598           630           603
           540           585           535
           540           557           585
           535           498           540
           498           524           540
           821           842           837
           830           821           837
           837           845           830
           855           845           837
           837           842           855
           234           223           253
           267           277           253
           265           234           253
           253           277           265
           509           469           458
           458           469           416
           458           473           509
           416           432           458
           458           432           473
           385           374           347
           347           365           385
           385           365           389
           341           374           350
           341           350           322
           322           323           341
           341           323           347
           347           374           341
           319           313           279
           319           327           358
           338           373           364
           364           313           338
           313           319           338
           358           373           338
           338           319           358
           262           268           227
           262           226           259
           227           226           262
           259           286           262
           265           295           284
           284           258           265
           284           295           316
           316           323           284
           284           323           299
           299           272           284
           272           258           284
           754           782           776
           776           793           788
           776           782           793
           522           474           554
           522           466           474
           554           578           522
           522           578           516
           516           466           522
           708           675           688
           708           688           706
           706           730           708
           686           675           708
           745           732           708
           708           730           745
           708           705           686
           732           705           708
           761           735           740
           761           740           770
           770           783           761
           753           735           761
           796           797           813
           796           783           797
           816           851           841
           841           815           816
           851           864           841
           833           815           841
           864           852           841
           841           852           833
           814           829           812
           812           802           814
           859           843           839
           839           852           859
           833           852           839
           839           820           833
           608           654           605
           654           619           605
           605           595           608
           605           619           607
           605           586           595
           607           594           605
           594           586           605
           571           553           584
           584           586           571
           595           586           584
           584           553           577
           577           593           584
           584           593           595
           655           617           599
           599           617           592
           569           570           602
           539           570           569
           548           545           523
           548           574           545
           548           523           539
           539           569           548
           548           569           574
           533           568           570
           533           514           568
           533           570           539
           480           514           533
           539           495           533
           495           480           533
           517           514           472
           472           514           452
           463           517           472
           472           423           463
           472           452           423
           257           273           283
           283           275           257
           283           309           275
           283           318           309
           283           273           307
           307           318           283
           333           366           340
           340           318           333
           333           342           366
           333           318           307
           333           320           342
           333           307           320
           542           546           520
           520           503           542
           536           497           520
           520           546           536
           497           485           520
           485           503           520
           550           541           566
           524           541           550
           550           540           524
           557           540           550
           589           631           632
           589           603           631
           632           585           589
           585           557           589
           238           267           237
           267           253           237
           237           253           223
           237           220           238
           237           223           220
           451           410           409
           410           374           409
           374           385           409
           327           319           300
           279           268           300
           300           319           279
           778           776           788
           778           794           781
           788           794           778
           781           757           778
           755           734           754
           754           776           755
           733           734           755
           755           757           733
           755           778           757
           776           778           755
           783           796           777
           777           768           753
           777           785           768
           753           761           777
           777           761           783
           799           802           785
           785           777           799
           799           777           796
           799           814           802
           829           814           831
           831           814           820
           820           839           831
           843           829           831
           831           839           843
           655           599           601
           601           599           574
           574           569           601
           601           569           602
           601           657           655
           602           657           601
           592           555           575
           575           599           592
           574           599           575
           555           545           575
           545           574           575
           582           550           566
           582           566           598
           598           603           582
           557           550           582
           582           589           557
           603           589           582
           429           409           385
           429           389           431
           429           385           389
           431           465           429
           429           465           481
           292           321           327
           327           300           292
           286           321           292
           292           262           286
           268           262           292
           292           300           268
           820           814           806
           814           799           806
           813           820           806
           806           796           813
           806           799           796
           456           429           481
           409           429           456
           451           409           456
           481           510           456
           456           510           451
