            78            87            74
            26            22             5
           147           128           131
            65            58            82
            95            87            78
            98            93           110
            82            93            98
             5            22             6
            22             7             6
            78            74            60
             4            26             5
            44            59            46
            46            59            58
           148           128           147
           112           131           128
           147           131           146
           200           192           201
           198           192           200
           111           122           135
           173           168           177
           110            93           106
           118            98           110
            24            30             1
            41            30            24
             1            30             2
            78            60            62
            62            60            41
            45            30            41
            41            60            45
            56            60            74
            56            59            44
            44            45            56
            56            45            60
            75            93            82
            82            58            75
            58            59            75
            29             4             3
            26             4            29
            44            46            29
            29            46            26
            22            26            40
            26            46            40
            58            65            40
            40            46            58
           125           135           143
           143           144           125
           125           111           135
           115           111           125
           156           163           154
           143           135           138
           135           122           138
           174           178           169
           196           197           204
           151           137           150
           150           137           149
           149           137           126
           126           148           149
           128           148           126
           217           224           215
            81            94            76
            76            64            81
            97            94            81
            97           112            94
            81            83            97
           131           112           117
           112            97           117
           145           146           133
           133           146           131
           133           117           116
           131           117           133
           223           224           217
           209           200           201
           209           223           217
            14            21            15
            16            31            17
            17            31            25
            25            31            42
            15            21            27
            27            16            15
            31            16            27
            27            21            38
             9            20            10
            10            20            11
            11            20            35
            37            66            52
            52            35            37
            37            35            20
            67            64            47
            67            83            81
            81            64            67
            85            66            70
            47            64            39
            38            21            39
            38            39            54
            54            39            64
            54            76            71
            64            76            54
            12            32            13
            13            32            23
            23            14            13
            21            14            23
            23            39            21
            23            32            47
            47            39            23
            47            32            48
            48            67            47
            48            35            52
            88            85            70
           111            88           101
           201           205           211
           211           209           201
           222           223           211
           223           209           211
           201           192           194
           194           205           201
           182           177           187
           173           177           182
           123           106           119
           129           121           113
           113           121           104
           104            95           113
            87            95           104
           104           121           119
           109           101            89
           122           111           109
           111           101           109
            89            98           105
            98           118           105
           105           109            89
             8            19             9
             7            19             8
            33            20             9
             9            19            33
            33            19            36
            33            37            20
            34             7            22
            34            19             7
            36            19            34
            70            57            84
            89           101            84
            84            88            70
            84           101            88
            82            98            80
            80            98            89
            80            65            82
            80            61            65
            99            74            87
           119           106            99
            87           104            99
            99           104           119
            28            29             3
             3             2            28
            28             2            30
            44            29            28
            28            45            44
            30            45            28
           155           160           143
           143           138           155
           159           156           142
           164           168           173
           163           156           164
           164           159           168
           156           159           164
           142           156           139
           139           129           142
           121           129           139
           139           156           154
           127           138           122
           127           105           118
           122           109           127
           109           105           127
           188           178           183
           178           174           183
           183           196           188
           197           196           183
           130           137           151
           108           112           128
           128           126           108
            94           112           108
           207           214           204
           207           215           214
           204           197           207
           226           214           225
           214           215           225
           225           215           224
            63            69            79
            42            31            49
            49            63            42
            69            63            49
            49            27            38
            31            27            49
           145           133           132
           132           144           145
           132           125           144
           132           133           116
           116           115           132
           115           125           132
            70            66            55
            55            57            70
            83            67            68
            52            66            68
            68            48            52
            67            48            68
            92           115           116
            71            69            53
            53            54            71
            38            54            53
            53            49            38
            69            49            53
            18            12            11
            11            35            18
            32            12            18
            18            48            32
            35            48            18
           202           212           206
           203           213           202
           202           213           212
           220           212           219
           219           213           218
           212           213           219
           206           212           210
           210           212           220
           210           205           206
           205           194           193
           192           184           186
           186           194           192
           186           184           176
           172           164           173
           163           164           172
           181           182           189
           175           172           181
           173           182           181
           181           172           173
           163           172           166
           166           172           175
           166           170           162
            36            34            51
            51            57            36
            51            61            57
            57            61            72
            72            84            57
            61            80            72
            89            84            72
            72            80            89
            74            99            77
            77            75            59
            77            56            74
            59            56            77
           169           160           165
           160           155           165
           165           174           169
           165           171           174
           165           155           161
           161           171           165
           119           121           136
           121           139           136
           136           123           119
           136           139           154
           154           141           136
           136           141           123
           138           127           152
           161           155           152
           152           155           138
           176           184           180
           180           171           176
           174           171           180
           180           183           174
           198           197           190
           197           183           190
           190           192           198
           190           184           192
           190           180           184
           183           180           190
            96           103           114
            79            69            86
            86            96            79
           103            96            86
            86            69            71
            91            76            94
            71            76            91
            94           108            91
            91            86            71
           103            86            91
           114           103           120
           120           130           114
           137           130           120
           120           126           137
           208           197           198
           208           207           197
           198           200           208
           217           215           208
           215           207           208
           208           209           217
           200           209           208
            37            33            50
            66            37            50
            50            55            66
            50            33            36
            36            57            50
            57            55            50
           100            92           116
           116           117           100
           100           117            97
           100            97            83
            83            92           100
            85            92            73
            66            85            73
            73            68            66
            83            68            73
            73            92            83
           115            92           102
           102           111           115
           102            88           111
            85            88           102
           102            92            85
           199           193           189
           206           205           199
           205           193           199
           203           202           195
           221           210           220
           189           193           185
           185           193           194
           194           186           185
           185           181           189
           175           181           185
           176           171           167
           167           170           176
           167           171           161
           162           170           167
           154           163           158
           158           141           154
           163           166           158
           158           166           162
            65            61            43
            61            51            43
            43            40            65
            22            40            43
            43            34            22
            43            51            34
            75            77            90
            90            77            99
            93            75            90
            90           106            93
            90            99           106
           161           152           157
           157           167           161
           162           167           157
           103            91           107
           107            91           108
           107           120           103
           107           108           126
           126           120           107
           187           195           191
           191           182           187
           189           182           191
           191           199           189
           191           195           202
           191           202           206
           206           199           191
           216           221           222
           222           211           216
           210           221           216
           216           211           205
           205           210           216
           175           185           179
           179           185           186
           179           166           175
           170           166           179
           179           186           176
           176           170           179
           162           157           153
           153           158           162
           141           158           153
           110           106           134
           106           123           134
           123           141           134
           141           153           134
           124           127           118
           124           118           110
           110           134           124
           140           157           152
           140           152           127
           127           124           140
           140           153           157
           140           134           153
           140           124           134
