    0.0000000000000000e+00    0.0000000000000000e+00
    0.0000000000000000e+00    1.2504285286506348e-01
    0.0000000000000000e+00    2.5031937197804954e-01
    0.0000000000000000e+00    3.7643507903326939e-01
    0.0000000000000000e+00    5.0285267282983614e-01
    0.0000000000000000e+00    6.2812691013354183e-01
    0.0000000000000000e+00    7.5233352084849536e-01
    0.0000000000000000e+00    8.7620975780376853e-01
    0.0000000000000000e+00    1.0000000000000000e+00
    0.0000000000000000e+00    1.1237902421962314e+00
    0.0000000000000000e+00    1.2476664791515046e+00
    0.0000000000000000e+00    1.3718730898664582e+00
    0.0000000000000000e+00    1.4971473271701639e+00
    0.0000000000000000e+00    1.6235649209667307e+00
    0.0000000000000000e+00    1.7496806280219503e+00
    0.0000000000000000e+00    1.8749571471349364e+00
    0.0000000000000000e+00    2.0000000000000000e+00
    9.4439880477970070e-02    1.0112727904910999e+00
    9.7587212349056901e-02    7.1932702885341426e-01
    9.8083472304704974e-02    1.1450218473106593e+00
    9.9593758239253663e-02    1.5267026042062108e+00
    1.0048036729498572e-01    1.3239621902852267e-01
    1.0349665615813396e-01    5.9727678736105982e-01
    1.0793850671769131e-01    8.5710021250416724e-01
    1.1202582824973505e-01    1.2669273329550139e+00
    1.1266151863665128e-01    1.4030434007293417e+00
    1.1450813749864608e-01    4.8114583522384730e-01
    1.2370967067145880e-01    1.7833178195282844e+00
    1.2504285286506348e-01    0.0000000000000000e+00
    1.2504285286506348e-01    2.0000000000000000e+00
    1.2643512570345877e-01    3.7051985764968998e-01
    1.2695771263711414e-01    1.6560668506876095e+00
    1.2898506356625139e-01    1.9037308776306832e+00
    1.5324960761679901e-01    2.5262230578361056e-01
    1.6965903967828452e-01    9.4838310563012673e-01
    1.7521521067087287e-01    7.8456528338817799e-01
    1.7657480217894481e-01    1.0717622505280846e+00
    1.8011542003353995e-01    1.3271472990407154e+00
    1.8071759845837171e-01    6.7359035396908407e-01
    1.8142760444412293e-01    1.1802216748415639e+00
    1.8641853445909140e-01    1.5593915050521741e+00
    1.8720817355648744e-01    5.5210147201832305e-01
    1.8894568459205466e-01    1.4655469338023259e+00
    2.0925256093037309e-01    8.6940303220341875e-01
    2.1894532980369297e-01    4.6163991000798299e-01
    2.1947274108805198e-01    1.2546232427164723e+00
    2.2232796803079868e-01    1.3898258970813704e+00
    2.2387517597489071e-01    1.2848351110455752e-01
    2.2609768744618708e-01    1.0048751490867256e+00
    2.3054058734520433e-01    6.1706775722501306e-01
    2.3219965934459838e-01    7.3934013129617204e-01
    2.3739665475753513e-01    1.1260233324395292e+00
    2.4135974492082857e-01    1.7197962622707166e+00
    2.4424481563591177e-01    3.5637663426619709e-01
    2.4631902859807334e-01    1.8491991155956327e+00
    2.5031937197804954e-01    0.0000000000000000e+00
    2.5031937197804954e-01    2.0000000000000000e+00
    2.5326987373659787e-01    9.3572744752383474e-01
    2.5479097503427067e-01    1.6177592760704436e+00
    2.5586725256911275e-01    1.5196363085950104e+00
    2.5601880169746360e-01    8.0832906318951980e-01
    2.5912000937883789e-01    1.3205760272237015e+00
    2.6072710442459168e-01    5.5272105469711574e-01
    2.6137221650141962e-01    1.1916403806743272e+00
    2.6316379834674120e-01    6.8121299855520989e-01
    2.6329761250636230e-01    1.0647128733199058e+00
    2.6481868517399987e-01    1.4464522965241184e+00
    2.8282302012086585e-01    2.4840846202966879e-01
    2.8788964751429780e-01    8.7242129711306837e-01
    2.9276840254415082e-01    4.9754517599641290e-01
    2.9394257672965218e-01    9.9717483745362190e-01
    2.9632093086961903e-01    6.1926297700649802e-01
    2.9720504287654048e-01    7.4773805272833671e-01
    3.0090314763959514e-01    1.2565195940105043e+00
    3.0270110225553926e-01    1.3827773206722569e+00
    3.0714479177546750e-01    4.2806878393502129e-01
    3.0722635211399257e-01    1.1272761272273042e+00
    3.1403612439290379e-01    1.4978898629585702e+00
    3.2094296717955006e-01    1.5635540739020624e+00
    3.2216144943405362e-01    1.1931188651346749e+00
    3.2254500211317405e-01    1.3187725241258814e+00
    3.2318966357151296e-01    9.3333689496228012e-01
    3.2493939185954335e-01    8.1086491006384520e-01
    3.2795244911185040e-01    6.8531423051955664e-01
    3.2815335104457333e-01    5.5735217186003105e-01
    3.2849364570882089e-01    1.4444756025411787e+00
    3.2853642696670921e-01    1.0572091246862996e+00
    3.4700002186452389e-01    1.7574780222309130e+00
    3.4757031752222389e-01    1.6527317734866209e+00
    3.5104511962441293e-01    3.4555988546110261e-01
    3.5489070841865539e-01    1.3457994372981280e-01
    3.5989908704090157e-01    8.7124631562172661e-01
    3.6015720998545464e-01    1.8815933530380649e+00
    3.6048045448145721e-01    6.2330903472615651e-01
    3.6171233224064481e-01    9.9345938470833217e-01
    3.6409053021718440e-01    7.4817603137224309e-01
    3.6585262442619226e-01    4.9203353924327869e-01
    3.7357531869260724e-01    1.1058339214415465e+00
    3.7393774597959101e-01    1.2308563397051635e+00
    3.7538453323961785e-01    1.3571676832895578e+00
    3.7581999056860554e-01    1.4201273198588458e+00
    3.7636841388449288e-01    1.1613931587162267e+00
    3.7643507903326939e-01    0.0000000000000000e+00
    3.7643507903326939e-01    2.0000000000000000e+00
    3.7665771166227452e-01    4.2137816760097652e-01
    3.7789658746394889e-01    1.5778120753230300e+00
    3.7995032071487772e-01    1.5011592607546946e+00
    3.8061995727646325e-01    1.2898826650874329e+00
    3.8507386294256779e-01    2.4916252149766169e-01
    3.9073484870416225e-01    9.3143509736968177e-01
    3.9197541262760854e-01    5.6236431883201177e-01
    3.9198422352802559e-01    8.0850560273701877e-01
    3.9297048927686457e-01    6.8649640807300449e-01
    3.9607339119378032e-01    1.0508230215268721e+00
    4.2624977301604799e-01    1.6200560233000738e+00
    4.2649719106042838e-01    6.2611178058829831e-01
    4.2906698650018676e-01    1.4492450405740958e+00
    4.2917294796443656e-01    1.1919476122630990e+00
    4.2986289617741702e-01    3.8229275102179033e-01
    4.3054096669179531e-01    1.5522516985997064e+00
    4.3288194168061489e-01    9.9169593783323029e-01
    4.3293367501406543e-01    1.6957306058101695e+00
    4.3297830384661407e-01    8.6926104470748800e-01
    4.3443901311282607e-01    4.5186269957944913e-01
    4.3474613101425974e-01    3.1291601015709419e-01
    4.3621684674418482e-01    7.4282461642221598e-01
    4.3689983071140148e-01    5.1489470618480726e-01
    4.3916892093438620e-01    1.3875565240713310e+00
    4.4082365034330290e-01    1.3227856541221765e+00
    4.4177491245672618e-01    1.7955180898239811e+00
    4.4342034739742037e-01    1.1227617789015345e+00
    4.4582608028138504e-01    1.2536782572680796e+00
    4.5100466129232958e-01    8.0543203349289971e-01
    4.5112166038786211e-01    9.3009744602249911e-01
    4.5225557636659791e-01    1.0592799881579886e+00
    4.5551815826942504e-01    1.4977405489116169e+00
    4.5723873286505362e-01    6.7800621631396341e-01
    4.5807755872379724e-01    5.7879374001061501e-01
    4.7096527784900127e-01    2.1782065751417454e-01
    4.7346507335607407e-01    1.1456642535701768e-01
    4.8121729216607534e-01    1.8939371517818600e+00
    4.8822959901010832e-01    1.1803572703095475e+00
    4.8980189173226041e-01    1.6258608955370293e+00
    4.9387972808582181e-01    4.1694703331508010e-01
    4.9536830464604920e-01    1.5586273428237201e+00
    4.9587053275664589e-01    1.0150602797970998e+00
    4.9749959385978487e-01    3.5389579151438455e-01
    4.9787130185549294e-01    1.7443377837904075e+00
    4.9788600028727664e-01    1.4291230827815939e+00
    4.9855742818928728e-01    4.8347916511933092e-01
    5.0047043880304187e-01    2.8808793439900787e-01
    5.0098266391066248e-01    8.3998629278667947e-01
    5.0225473506321017e-01    9.6214633216196821e-01
    5.0285267282983614e-01    0.0000000000000000e+00
    5.0285267282983614e-01    2.0000000000000000e+00
    5.0298846281552301e-01    1.3596953628877262e+00
    5.0321653635677277e-01    7.7053380480999278e-01
    5.0339595576879215e-01    8.9738961792300109e-01
    5.0443505353406004e-01    5.4552830930097018e-01
    5.0544055455101511e-01    1.2931807482982396e+00
    5.0656580175426191e-01    7.0891159312200880e-01
    5.0861561667334143e-01    6.3116074761362229e-01
    5.1007440104968982e-01    1.0700396574980162e+00
    5.1208953368785592e-01    1.6873993435747952e+00
    5.1396330133814105e-01    1.4920297282733153e+00
    5.1438355440846939e-01    1.2323864943930514e+00
    5.1686706701075880e-01    1.1258012515951021e+00
    5.3973920565554556e-01    1.8119300792199748e+00
    5.5215662086534312e-01    9.3438687091647810e-01
    5.5297893058578051e-01    1.6370094915226570e+00
    5.5359749376526979e-01    4.5096935228875040e-01
    5.5363641093603300e-01    8.1020956073383710e-01
    5.5446070751969601e-01    5.7724811354550654e-01
    5.5452674785890210e-01    2.5983622404706758e-01
    5.5457269620029137e-01    1.8469045342849480e-01
    5.5535853619663000e-01    1.0007520101035383e+00
    5.5874474579809696e-01    1.5862240952480222e+00
    5.5946135217927950e-01    1.1785415359181999e+00
    5.5975970313613554e-01    3.8901307248488687e-01
    5.6167545948485953e-01    3.2550727126645296e-01
    5.6209349921510310e-01    1.0631377969010747e+00
    5.6316718505484076e-01    6.8690654459881029e-01
    5.6331672495244733e-01    8.6935162731950055e-01
    5.6332577691067065e-01    1.5263584866119575e+00
    5.6431203093340987e-01    1.3904846645498510e+00
    5.6505860617968140e-01    1.7400019041312118e+00
    5.6573273310123484e-01    1.3207478178400902e+00
    5.6707222277645375e-01    1.4548350218074224e+00
    5.6822984075093308e-01    7.5132563940660846e-01
    5.6884905470497582e-01    5.1205909222539592e-01
    5.7277313520710016e-01    1.2496050470384799e+00
    5.7385707348396398e-01    1.1148534122147034e+00
    5.8002607540268636e-01    1.6832022151778960e+00
    5.8454176309326311e-01    6.2820578040501596e-01
    5.9312791702575807e-01    9.5975935748412833e-01
    5.9403504697260223e-01    1.0340669851923079e+00
    5.9419587267577323e-01    9.9922424239313024e-02
    5.9453769982758820e-01    9.1160923405081873e-01
    6.0659400488001280e-01    1.8875567976204812e+00
    6.0774728589953286e-01    9.9823338423691332e-01
    6.0844532325950273e-01    8.0778216375055989e-01
    6.1334314506878784e-01    1.0753507791714130e+00
    6.1539128159181511e-01    2.3708499110857187e-01
    6.1586458536916389e-01    4.3459654526523062e-01
    6.1706240808104706e-01    1.1927353397995606e+00
    6.1926780146701477e-01    1.1312070644345524e+00
    6.1949535730979310e-01    1.4980075100148742e+00
    6.2227706809948136e-01    1.7860577346418307e+00
    6.2237192892011328e-01    5.6729055176420040e-01
    6.2274114663298119e-01    8.7015197984814463e-01
    6.2276017007353557e-01    2.9955370195173942e-01
    6.2370583729822171e-01    1.5664868002877166e+00
    6.2399731173560169e-01    1.6337906224365948e+00
    6.2448082373586622e-01    3.6503183894335212e-01
    6.2459505334377285e-01    6.8202573760793983e-01
    6.2504329199320119e-01    1.2936993905139322e+00
    6.2549098309301088e-01    1.3563232125371498e+00
    6.2632315355230506e-01    9.3041273805688296e-01
    6.2726785990753564e-01    1.2445136656144822e+00
    6.2777449634592497e-01    7.3897094618002213e-01
    6.2812691013354183e-01    0.0000000000000000e+00
    6.2812691013354183e-01    2.0000000000000000e+00
    6.2948349396358205e-01    1.0337896186336220e+00
    6.3100866251738730e-01    9.6732721719099135e-01
    6.3139492604541481e-01    1.4237515766002509e+00
    6.3207795482992302e-01    1.7091233571726441e+00
    6.3392205534362744e-01    5.0452363780955967e-01
    6.4352741824297455e-01    1.0010291437622099e+00
    6.5151525702846058e-01    1.0921156073669152e+00
    6.5238545517766433e-01    6.2631102316227794e-01
    6.5247525333944978e-01    1.1609197373455804e+00
    6.5330626729139452e-01    7.8213461986569244e-01
    6.5405306389950857e-01    8.3003349852491604e-01
    6.5467247622496261e-01    1.0569471023301491e+00
    6.5562296567872935e-01    9.0706477520280659e-01
    6.5639615572905796e-01    1.8038519649532309e-01
    6.5799514422533023e-01    9.4423331629587559e-01
    6.5918845855201091e-01    1.2228083458868373e+00
    6.6258605468328713e-01    9.7790802753712291e-01
    6.6270069058661374e-01    1.0244781768817484e+00
    6.6870066330790900e-01    1.1270320373552056e+00
    6.7049332831025321e-01    8.6979979662428220e-01
    6.7143290174959258e-01    1.4781727901441040e+00
    6.7252269418230826e-01    1.1902363615630980e+00
    6.7522553854688394e-01    4.5217347972743521e-01
    6.7563096441260595e-01    1.2645557299776278e+00
    6.7817029897159098e-01    1.3166233448347622e+00
    6.7878730722223635e-01    7.3843014838826615e-01
    6.8105682502495901e-01    6.8903416897153569e-01
    6.8155553402763092e-01    2.6190384300865072e-01
    6.8356122535849539e-01    1.5397588108725953e+00
    6.8632964048647804e-01    8.0732948809609106e-01
    6.8712864097510806e-01    3.9547555029519960e-01
    6.8734177680442610e-01    9.6168806956425168e-01
    6.8742835602980124e-01    1.7410252158362929e+00
    6.8745345977827388e-01    1.0714292437842980e+00
    6.8755851303138393e-01    1.6691844789552850e+00
    6.8758360880695069e-01    1.1005398170134231e+00
    6.8761843138942769e-01    7.7177051751871328e-01
    6.8763651153950955e-01    1.3759138543483778e+00
    6.8823530167565261e-01    1.0007810639839114e+00
    6.8850088981492596e-01    3.3093534793365953e-01
    6.8888258780553069e-01    1.6020906242884909e+00
    6.8894624816986083e-01    9.2833438098002541e-01
    6.8941901988526810e-01    1.0398093455537973e+00
    6.9075852504854918e-01    8.9908665407343114e-01
    6.9143378009026235e-01    1.1577429584659471e+00
    6.9249961768814994e-01    1.2226639984071674e+00
    6.9291558471724679e-01    8.4091918346436101e-01
    6.9435428521888065e-01    5.0734907588152034e-01
    6.9581175202382983e-01    1.8249853123599726e+00
    6.9839126949299768e-01    5.7288851378856820e-01
    7.0481709070526632e-01    1.4304798753735648e+00
    7.0591158371947382e-01    6.3908257986722905e-01
    7.0666028482910970e-01    1.1278348238726921e+00
    7.0831622936807626e-01    1.1879382762938655e+00
    7.0908551859012703e-01    8.7486221694152433e-01
    7.1229943030138143e-01    1.2487752932873524e+00
    7.1244535741597359e-01    7.8774726384625471e-01
    7.1277061433619782e-01    9.7355355323789694e-01
    7.1620639626645866e-01    7.5368718619135100e-01
    7.1634990785244235e-01    1.0246327668444091e+00
    7.1773129149708781e-01    9.4256216929799752e-01
    7.1833798221531164e-01    7.1776832124960033e-01
    7.1855080602068688e-01    1.0944816705333564e+00
    7.1889453897958311e-01    1.2879739490359341e+00
    7.2146606917651823e-01    1.0890664855472859e-01
    7.2186818270133901e-01    8.1688230610790402e-01
    7.2195272075372208e-01    1.0609277242480259e+00
    7.2226405308248265e-01    1.2157759446146936e+00
    7.2241342261104491e-01    8.4939099712134003e-01
    7.2420567428197913e-01    9.0657070824611641e-01
    7.2484528622193456e-01    9.9689080934837471e-01
    7.2537953993884485e-01    1.1582098733314705e+00
    7.2792913455576302e-01    1.3374687785186283e+00
    7.3249163405706408e-01    1.4964103662191790e+00
    7.3569777243266354e-01    2.1600636242535892e-01
    7.3897015171427272e-01    1.1252581649065272e+00
    7.4035710559706880e-01    6.7483980085783368e-01
    7.4040267140825489e-01    7.7996626948959780e-01
    7.4092510972171033e-01    4.4713231789272295e-01
    7.4204005276558738e-01    1.2558957726557434e+00
    7.4412622670876860e-01    1.0354592579942250e+00
    7.4477976377483479e-01    1.1893856086234094e+00
    7.4508729327879208e-01    2.9402006176813222e-01
    7.4583747325546523e-01    9.3282213387538138e-01
    7.4601774155986134e-01    9.6655790281902909e-01
    7.4622980142437456e-01    8.7398030551080608e-01
    7.4629821220778692e-01    5.1581241305830228e-01
    7.4845598556318604e-01    1.9066295792755159e+00
    7.4860994684658544e-01    1.6998719226725796e+00
    7.4871295439212615e-01    1.7655937940155453e+00
    7.4919574467044503e-01    8.4030668634923145e-01
    7.4942456221159737e-01    1.2248603219619958e+00
    7.5076951277505966e-01    6.1898690359579178e-01
    7.5079560548995672e-01    1.6327024629873947e+00
    7.5162177831873300e-01    7.4634980048932242e-01
    7.5184544182683999e-01    1.0943024510477102e+00
    7.5200092361684767e-01    7.1117254057758283e-01
    7.5233352084849536e-01    0.0000000000000000e+00
    7.5233352084849536e-01    2.0000000000000000e+00
    7.5279593901769715e-01    1.3093693460245124e+00
    7.5390764397061760e-01    1.5617122215328936e+00
    7.5410562357842714e-01    1.3860293622275452e+00
    7.5433791596200928e-01    3.7125210015348303e-01
    7.5502723835525487e-01    1.0015800643496531e+00
    7.5586823343154852e-01    8.0997081484431976e-01
    7.5757440417801281e-01    1.1542612761352051e+00
    7.5886565394447481e-01    1.0645140066444128e+00
    7.5895910384765386e-01    1.2795485614126310e+00
    7.6039683273963987e-01    9.0368648188844192e-01
    7.6605065131066497e-01    1.4400507189094396e+00
    7.7177043166986437e-01    5.6536012128928614e-01
    7.7207806509750132e-01    7.7930147407371331e-01
    7.7314388523157052e-01    1.1225534196191311e+00
    7.7386284144076023e-01    1.0307807077048396e+00
    7.7534085562464461e-01    9.3694038443875660e-01
    7.7574650640923093e-01    1.3418570319069132e+00
    7.7578802978056804e-01    1.1803029615635132e+00
    7.7591840491120778e-01    1.2446565253720920e+00
    7.7842568179107630e-01    6.9286990794049375e-01
    7.7846738523936843e-01    9.6950688806879382e-01
    7.7924336693076801e-01    8.3985881117839334e-01
    7.7981532772019702e-01    1.2105270981679863e+00
    7.8221095954386721e-01    7.2631272519571100e-01
    7.8266555619141553e-01    8.7560133713110466e-01
    7.8362558890829193e-01    6.5522090242575926e-01
    7.8599726393135239e-01    1.3042307379736267e+00
    7.8691676839606250e-01    7.5660318460478626e-01
    7.8757417544116692e-01    8.0633737577964304e-01
    7.8811406047935351e-01    1.0901288829090447e+00
    7.8853433834556075e-01    1.0009580644115921e+00
    7.8865639361769424e-01    1.2744862138684556e+00
    7.8924813365772273e-01    1.0582160403411334e+00
    7.9197734424622457e-01    1.1522944059186140e+00
    7.9331879226436208e-01    9.0829068146293335e-01
    7.9591583609807370e-01    1.4945153259759822e+00
    7.9739445139454557e-01    1.8237126903171927e+00
    8.0026845818903003e-01    1.7668325426056802e-01
    8.0257678975806857e-01    4.2901542717851637e-01
    8.0421179685133981e-01    4.9555617213678049e-01
    8.0422996793200241e-01    3.2085501469676714e-01
    8.0589221455468796e-01    1.0294915226842862e+00
    8.0692378935332243e-01    2.5585156851286600e-01
    8.0715232296716499e-01    9.4475638194318023e-01
    8.0721122757080610e-01    1.1215322834961277e+00
    8.0762251259192908e-01    1.2518591620062245e+00
    8.0764657916932381e-01    1.1855143950681122e+00
    8.0872050270881701e-01    8.5374421292948388e-01
    8.0883686916953079e-01    9.7556885171984675e-01
    8.0974582792344929e-01    6.1240158907762776e-01
    8.1037273897014961e-01    1.7376000425270046e+00
    8.1088281570770770e-01    6.8161467119127228e-01
    8.1205587464602136e-01    1.3762281086927455e+00
    8.1207012370474163e-01    1.6716625985771474e+00
    8.1250338510120979e-01    7.1207989183658293e-01
    8.1266463989449622e-01    8.2178334328601399e-01
    8.1306638785797980e-01    7.8280074365162855e-01
    8.1312655145487212e-01    1.3249674217555425e+00
    8.1348114786988479e-01    1.2195669447321087e+00
    8.1388960788737119e-01    1.6043910395622185e+00
    8.1489377212376946e-01    7.4501989904504795e-01
    8.1760136763354774e-01    1.0598031522476798e+00
    8.1899347321581517e-01    1.2858735846485803e+00
    8.1982417156603904e-01    8.8315094134470506e-01
    8.2061760798401895e-01    9.1607630772868487e-01
    8.2087661317185601e-01    1.0026670252792698e+00
    8.2310313234290489e-01    1.5460317776459234e+00
    8.2328933911151081e-01    1.0914443940708072e+00
    8.2455406714433999e-01    1.1541920263634331e+00
    8.2865550006972499e-01    1.4321992004790212e+00
    8.2986829949693797e-01    3.7526355135644190e-01
    8.3450086091093778e-01    6.5335422459312198e-01
    8.3505376953462218e-01    5.6099593341316101e-01
    8.3549222605326678e-01    1.0320854965471407e+00
    8.3596273438797364e-01    9.6928976054477078e-01
    8.3670984425352624e-01    1.2496153376687347e+00
    8.3786272032856579e-01    9.3901552654261589e-01
    8.4044227781196190e-01    1.1220661628799207e+00
    8.4132873808577757e-01    8.4660519270316603e-01
    8.4199097678153623e-01    8.1523152712297942e-01
    8.4202850508489857e-01    1.1869044527732162e+00
    8.4376731013231510e-01    7.5932009293045333e-01
    8.4413439966652293e-01    6.9281016588283506e-01
    8.4427800024966360e-01    1.0656837871967613e+00
    8.4506993918695805e-01    7.2595451526355892e-01
    8.4523956258728694e-01    1.3440848916786550e+00
    8.4555339574919153e-01    9.9927544156410431e-01
    8.4605344624436352e-01    1.3070417039873652e+00
    8.4622546006312871e-01    9.0635643427122004e-01
    8.4697190354134588e-01    1.2213086146482217e+00
    8.4749974087205326e-01    7.8963982019604340e-01
    8.5139596429942066e-01    1.2740583053331691e+00
    8.5242534755930954e-01    8.7709720389677071e-01
    8.5417668548831582e-01    1.0934408002792757e+00
    8.5629930764911566e-01    1.1516347654303121e+00
    8.5776713135920424e-01    1.0207941023190372e+00
    8.5821164363360603e-01    1.0457279711219734e+00
    8.5882403453869238e-01    9.7891405238106044e-01
    8.5898982915645783e-01    9.5334419852168151e-01
    8.5972586402175633e-01    9.2833231896276247e-01
    8.6062693837555015e-01    1.0876175477247280e-01
    8.6357188865579060e-01    1.7806455383968842e+00
    8.6492918982023470e-01    5.0647174286542807e-01
    8.6542736218180039e-01    1.4936658791560296e+00
    8.6798483492260037e-01    1.0003218559549494e+00
    8.6940952115781756e-01    1.0695132496996287e+00
    8.7028069638670791e-01    2.9812733925307200e-01
    8.7034139295872581e-01    6.1653132894412999e-01
    8.7061214881435400e-01    1.6371944886541332e+00
    8.7169137925361029e-01    1.3806611026198174e+00
    8.7241709187292882e-01    2.1702003700803435e-01
    8.7313789077499393e-01    1.0328988146063747e+00
    8.7330145686681293e-01    1.2077425803870498e+00
    8.7340391804679351e-01    9.6788830630789224e-01
    8.7341984069177370e-01    1.1208599254235438e+00
    8.7393252555995882e-01    6.6914416927612852e-01
    8.7397571361872839e-01    4.3843446630195326e-01
    8.7453748975579326e-01    1.2463300011010618e+00
    8.7458134641673957e-01    7.7652151325964558e-01
    8.7470808732971883e-01    8.5070992037305870e-01
    8.7550977485425796e-01    9.0686245455123049e-01
    8.7571747201603256e-01    7.4255356147166873e-01
    8.7585457633931707e-01    1.2913016047387811e+00
    8.7588783311202767e-01    1.1779108888077536e+00
    8.7620975780376853e-01    0.0000000000000000e+00
    8.7620975780376853e-01    2.0000000000000000e+00
    8.7634217729525388e-01    7.0800955281797473e-01
    8.7640576117926861e-01    9.3444300809633352e-01
    8.7642394225283193e-01    8.1615694323503629e-01
    8.7659089449549454e-01    1.0164891852955502e+00
    8.7674352666171251e-01    1.7066180470490453e+00
    8.7750693640019672e-01    1.0488853993033662e+00
    8.7756614623634477e-01    9.8539880313316908e-01
    8.7815515347232920e-01    1.3282761568314378e+00
    8.7870818613560531e-01    9.5268594445398180e-01
    8.7887517880190902e-01    8.7938022026747686e-01
    8.7905431093938080e-01    1.0938598085675382e+00
    8.8394271370010002e-01    1.5673393242431852e+00
    8.8645683667562691e-01    1.0614860450786703e+00
    8.8745242593405804e-01    1.0019169977206595e+00
    8.8758543865773110e-01    3.6672945547407676e-01
    8.8781284632818280e-01    1.1500547204434632e+00
    8.8948250203237322e-01    9.7217162266598511e-01
    8.8975983481967891e-01    1.0310392899623222e+00
    8.8977211676332457e-01    1.8712184964674969e+00
    8.9090524561979567e-01    1.0162718806177975e+00
    8.9116957091818971e-01    1.0781505872484023e+00
    8.9145447051254001e-01    9.4193010260534260e-01
    8.9194430539564229e-01    9.2293277854623879e-01
    8.9288189644504024e-01    9.8840154539074832e-01
    8.9288383465297416e-01    1.4349271197985629e+00
    8.9418160642092404e-01    9.5723680688104396e-01
    8.9459378891479435e-01    1.0464297802600462e+00
    8.9542694582693028e-01    5.6470621390240316e-01
    8.9732325362381626e-01    8.9263367483248868e-01
    8.9844962815915663e-01    1.2726277099687564e+00
    8.9943530800915272e-01    1.2187060630512638e+00
    8.9948039792620815e-01    7.9166115706711115e-01
    9.0139331230172082e-01    1.0989164945913579e+00
    9.0274198489130053e-01    1.0632507021963888e+00
    9.0348187783449574e-01    1.1246107728545196e+00
    9.0363867293402889e-01    8.6896054534835721e-01
    9.0380079691431336e-01    9.0792162315255109e-01
    9.0383406286983736e-01    8.4185867736696840e-01
    9.0433832601014230e-01    1.0156701604341909e+00
    9.0452157897582519e-01    9.3591729953459768e-01
    9.0546684092920027e-01    9.8246344035984245e-01
    9.0616701422125556e-01    7.5956596637736884e-01
    9.0635313444981525e-01    9.6811586890561119e-01
    9.0675213074021299e-01    1.3063524664947388e+00
    9.0684017132541939e-01    6.9075876448703111e-01
    9.0696989222629976e-01    9.9907953444347020e-01
    9.0748513981796963e-01    6.5011405584369297e-01
    9.0784162655069789e-01    7.2662423140474364e-01
    9.0798715345742542e-01    1.0320058935257228e+00
    9.0859990762033616e-01    1.0795283664183419e+00
    9.0931819800243863e-01    1.0482969952341283e+00
    9.0941014080765192e-01    9.5153243879714267e-01
    9.0978488287249271e-01    1.3453398449069558e+00
    9.0997023745414607e-01    1.1842039291396698e+00
    9.1102879699366401e-01    9.2232548937691716e-01
    9.1304211272202995e-01    1.2469428967760876e+00
    9.1453916866029294e-01    1.1517906945720058e+00
    9.1530676151053780e-01    8.1580813161643484e-01
    9.1871614412577662e-01    8.9007041399732445e-01
    9.1987859246418280e-01    1.0603461865096429e+00
    9.2016305334798010e-01    9.3837176376638731e-01
    9.2038646896463783e-01    1.1096541546865755e+00
    9.2083343001808837e-01    1.0916501862734027e+00
    9.2104430290679939e-01    1.0127050444535322e+00
    9.2108717957417552e-01    9.6543982343394130e-01
    9.2113504168805538e-01    9.8116774986053468e-01
    9.2122276994422192e-01    1.3872611614310628e+00
    9.2219082166995270e-01    9.0946005750010273e-01
    9.2220380801253521e-01    5.0747497232780747e-01
    9.2342379667767727e-01    9.9680937448638529e-01
    9.2362299847195606e-01    1.0429322766530629e+00
    9.2386105163737797e-01    1.0763569417530752e+00
    9.2431231235511790e-01    6.0807551693943118e-01
    9.2463094863207784e-01    1.0277836437898251e+00
    9.2679131890921174e-01    9.2527952559448823e-01
    9.2723070597602042e-01    9.5236837566924937e-01
    9.2793572154481518e-01    8.6682426579930028e-01
    9.2978684119718003e-01    1.7752901109147032e+00
    9.2998231562538558e-01    1.1315182886765700e+00
    9.3066455145027671e-01    7.8402254098675539e-01
    9.3084281131821545e-01    1.2157677990220930e+00
    9.3108326891329907e-01    1.2801452674170160e+00
    9.3331445606063645e-01    1.4890786118990946e+00
    9.3399854884483002e-01    2.5998353793320683e-01
    9.3402737320722673e-01    8.4124341929948854e-01
    9.3406111419711535e-01    1.6341124076709708e+00
    9.3460618030134068e-01    1.0661260669391628e+00
    9.3601225606479277e-01    9.0122952724600192e-01
    9.3650218707299882e-01    1.1143885656058372e+00
    9.3651714119076845e-01    1.0977808227165418e+00
    9.3651872773530032e-01    8.8439114827094312e-01
    9.3698070472558048e-01    9.7088799814119520e-01
    9.3760255094207612e-01    1.0513640624203771e+00
    9.3769586781015191e-01    6.7699387712095926e-01
    9.3777545058873524e-01    9.8763267819367340e-01
    9.3790193750849304e-01    1.3155878757164112e+00
    9.3796203805462142e-01    7.1223689524304312e-01
    9.3803952693430970e-01    1.0043435560979630e+00
    9.3843000003263588e-01    9.3845806196117598e-01
    9.3861368432197112e-01    1.1596422095959020e+00
    9.3913204684376161e-01    1.0198138486829311e+00
    9.3976792821982480e-01    7.4909747849573494e-01
    9.3978820287909948e-01    3.2673712227630997e-01
    9.4020561693431637e-01    1.0814733403071792e+00
    9.4027744550239478e-01    9.1973991541280731e-01
    9.4031051733595983e-01    1.0359252799099217e+00
    9.4062723851896068e-01    6.4302212312861029e-01
    9.4068618103633950e-01    1.7041973255042426e+00
    9.4158955614606299e-01    9.5544116174140015e-01
    9.4168898158431391e-01    4.5565871382034945e-01
    9.4177105568077235e-01    3.9603169558966356e-01
    9.4317113501057182e-01    1.3517375712852919e+00
    9.4536926683325195e-01    1.2490355939294528e+00
    9.4553499898210080e-01    1.7474857079868733e-01
    9.4561911488243933e-01    1.1867591476366233e+00
    9.4643659240463152e-01    1.5594279273859057e+00
    9.4740096077146752e-01    8.1485987699107609e-01
    9.4837502034143628e-01    8.5938581004134118e-01
    9.4931517369594187e-01    1.0637350247257062e+00
    9.4952703853474940e-01    1.4284792740285563e+00
    9.5064455828177885e-01    9.0702490478132414e-01
    9.5065980507903902e-01    1.1226960495533969e+00
    9.5074408681363742e-01    1.1076939575828548e+00
    9.5090976045169817e-01    1.1401726293490007e+00
    9.5117133381686891e-01    8.7702169763933302e-01
    9.5210516970197046e-01    5.5431827495216357e-01
    9.5239848674205141e-01    8.9263391022766259e-01
    9.5275220853671694e-01    9.8014871287249539e-01
    9.5299893744168607e-01    9.9589321402323661e-01
    9.5378671851696473e-01    1.0937927759621893e+00
    9.5386966888914537e-01    1.0114691308636921e+00
    9.5447878907284145e-01    9.3282123563112673e-01
    9.5467100491793233e-01    9.6518931973236888e-01
    9.5515961489640011e-01    9.4847194527012901e-01
    9.5539355642849633e-01    1.0460273409582217e+00
    9.5561681486382377e-01    1.0282881261999610e+00
    9.5701355900483576e-01    1.0783218278032092e+00
    9.5722893646114149e-01    9.1881772106642134e-01
    9.6152914806063261e-01    7.8583976540020184e-01
    9.6274668543404274e-01    1.3858948183164230e+00
    9.6464885186994342e-01    1.2178087374725430e+00
    9.6487389674915702e-01    1.0618918989750956e+00
    9.6502580006746486e-01    8.4133859799264810e-01
    9.6521166760598931e-01    1.2881223500123067e+00
    9.6620719248571685e-01    5.9438654079301867e-01
    9.6633991278662978e-01    9.8773700981288670e-01
    9.6687272621109510e-01    8.6764194056366728e-01
    9.6698579713778920e-01    9.0369363354094046e-01
    9.6699675321309864e-01    1.1095737500625176e+00
    9.6728108340661623e-01    1.0022488025663592e+00
    9.6736619637689147e-01    1.0178169964779742e+00
    9.6750069531843208e-01    1.1287743316901837e+00
    9.6824597722377470e-01    6.2895845530333239e-01
    9.6825691218046972e-01    8.8585081310167102e-01
    9.6857386938956302e-01    1.1568429504471829e+00
    9.6859082834772037e-01    6.9545742043329772e-01
    9.6865707417138158e-01    9.7404866600672746e-01
    9.6889424484157427e-01    1.3236953709439514e+00
    9.6937027169088430e-01    6.6236602466627725e-01
    9.6986502275820607e-01    7.2848686792944450e-01
    9.6988877310439858e-01    1.0918581317044020e+00
    9.7010023218295749e-01    9.5812962827713433e-01
    9.7033396478558442e-01    9.4150766064994784e-01
    9.7120169342810103e-01    9.2344203462386876e-01
    9.7226168414004599e-01    1.0755729592683729e+00
    9.7238720781652166e-01    1.0486530505574145e+00
    9.7256188383884024e-01    1.0326274400232387e+00
    9.7264604536731158e-01    1.3551739527645068e+00
    9.7343731164053937e-01    7.5892119845457473e-01
    9.7457623779910540e-01    1.2529298992120106e+00
    9.7544760415627263e-01    1.1856030075181769e+00
    9.7628033698645122e-01    1.0097137309243009e+00
    9.7655391359362098e-01    9.9272599164648867e-01
    9.7871513595132553e-01    8.1528366964211441e-01
    9.7998297114146748e-01    9.8222153002513046e-01
    9.8015599871828574e-01    1.0199392319899341e+00
    9.8110621047572033e-01    9.0865510670070793e-01
    9.8129771485486805e-01    1.0012884430836566e+00
    9.8217600935176597e-01    9.6841946840900084e-01
    9.8269200668151191e-01    8.5807185619405213e-01
    9.8319531739923538e-01    1.1178722024714836e+00
    9.8340544288084408e-01    1.1373442452360936e+00
    9.8351756742306706e-01    1.0634533314342745e+00
    9.8391735963630156e-01    1.1009695196186347e+00
    9.8436520600891841e-01    8.9415862188235296e-01
    9.8454577634802165e-01    8.7765042697911344e-01
    9.8467605735952479e-01    9.3530457673416423e-01
    9.8539291461826561e-01    1.0100862205524062e+00
    9.8540827539921161e-01    1.0832020881796667e+00
    9.8583776794838851e-01    9.9285989814828535e-01
    9.8627220899198298e-01    9.5297743274980207e-01
    9.8664141308849618e-01    1.0442091767219230e+00
    9.8762747125020789e-01    1.0291314023968192e+00
    9.8773040818807878e-01    9.2043237929300281e-01
    9.8986090366732227e-01    9.7762012891949734e-01
    9.9072386589983663e-01    1.0181383916570179e+00
    9.9080406402277721e-01    1.0020068691883657e+00
    9.9128490114701062e-01    5.0137644131871162e-01
    9.9151450968872212e-01    9.8653785545907680e-01
    9.9299337836671409e-01    1.0099797575521663e+00
    9.9406790456931460e-01    9.9427661914919541e-01
    9.9559163571852727e-01    7.8576277418452611e-01
    9.9652529705989956e-01    9.2068300731221894e-02
    9.9686347928914054e-01    9.6771778180767909e-01
    9.9839490469498604e-01    2.3191986150498589e-01
    9.9865262746422478e-01    8.4157731005146064e-01
    9.9872860987947676e-01    9.4124354188370385e-01
    9.9874001097086984e-01    9.0682909530095579e-01
    9.9928155955607212e-01    9.8181764425582396e-01
    9.9959333483240520e-01    6.7951694515156502e-01
    9.9972627054339980e-01    6.4567166471791959e-01
    1.0000000000000000e+00    0.0000000000000000e+00
    1.0000000000000000e+00    1.0000000000000000e+00
    1.0000000000000000e+00    1.0076169412500000e+00
    1.0000000000000000e+00    1.0148869662500000e+00
    1.0000000000000000e+00    1.0228426349999999e+00
    1.0000000000000000e+00    1.0333253725000000e+00
    1.0000000000000000e+00    1.0467872500000002e+00
    1.0000000000000000e+00    1.0621805212500000e+00
    1.0000000000000000e+00    1.0780289462499999e+00
    1.0000000000000000e+00    1.0936777025000000e+00
    1.0000000000000000e+00    1.1089800075000000e+00
    1.0000000000000000e+00    1.1235325050000000e+00
    1.0000000000000000e+00    1.1394841300000000e+00
    1.0000000000000000e+00    1.1605416300000000e+00
    1.0000000000000000e+00    1.1873188749999999e+00
    1.0000000000000000e+00    1.2179689199999999e+00
    1.0000000000000000e+00    1.2497720449999998e+00
    1.0000000000000000e+00    1.2812083200000000e+00
    1.0000000000000000e+00    1.3123801700000000e+00
    1.0000000000000000e+00    1.3429589900000001e+00
    1.0000000000000000e+00    1.3720309399999999e+00
    1.0000000000000000e+00    1.4037738399999999e+00
    1.0000000000000000e+00    1.4455199399999998e+00
    1.0000000000000000e+00    1.4996602499999998e+00
    1.0000000000000000e+00    1.5614921100000001e+00
    1.0000000000000000e+00    1.6244963799999999e+00
    1.0000000000000000e+00    1.6859940800000000e+00
    1.0000000000000000e+00    1.7446361600000000e+00
    1.0000000000000000e+00    1.8091002000000000e+00
    1.0000000000000000e+00    1.8939541200000001e+00
    1.0000000000000000e+00    2.0000000000000000e+00
    1.0002143051075330e+00    7.1289188459032027e-01
    1.0004504413603938e+00    8.6685852961978371e-01
    1.0011751106589697e+00    8.8751491827419859e-01
    1.0012708607413305e+00    9.2567647279553789e-01
    1.0015390210856991e+00    2.9649840701267577e-01
    1.0015983728833837e+00    6.1017538547404981e-01
    1.0017603580196544e+00    9.9105294991957260e-01
    1.0024584292999663e+00    4.3125899110374699e-01
    1.0028097145957966e+00    3.6272182228156291e-01
    1.0031893207827896e+00    7.4770826193225293e-01
    1.0036788823646436e+00    9.5450013692625113e-01
    1.0066561088980377e+00    9.7655076387227657e-01
    1.0074314053167395e+00    8.1660215036403938e-01
    1.0076169412500000e+00    1.0000000000000000e+00
    1.0086299165421238e+00    5.6217628605490266e-01
    1.0089559689214682e+00    9.8542457139384243e-01
    1.0102458943557022e+00    9.9289484389319926e-01
    1.0117953857354016e+00    9.6724757772281711e-01
    1.0146433901678231e+00    9.0168586613545032e-01
    1.0148356425901648e+00    8.7421313233379361e-01
    1.0148869662500000e+00    1.0000000000000000e+00
    1.0151186511185264e+00    9.1847693954096665e-01
    1.0151583597315275e+00    9.3727432290774115e-01
    1.0174142331690115e+00    9.8010826359832770e-01
    1.0185878215288118e+00    9.9036234857023031e-01
    1.0187580717676676e+00    8.8687253999575721e-01
    1.0190342529234422e+00    9.5436626859572515e-01
    1.0211861058554372e+00    8.5645656749674937e-01
    1.0228426349999999e+00    1.0000000000000000e+00
    1.0233178329976469e+00    7.7583108923911381e-01
    1.0251384575606015e+00    9.7087846018186885e-01
    1.0299552242325831e+00    6.6305269453066851e-01
    1.0301512649510931e+00    9.8540319497370255e-01
    1.0305045684998855e+00    8.0196776802299674e-01
    1.0305216282422349e+00    9.2702558444023253e-01
    1.0307960477071885e+00    9.1053436522136622e-01
    1.0312995044451969e+00    6.9471354461752788e-01
    1.0313243052636767e+00    8.9432534990145462e-01
    1.0320190021028195e+00    9.4347156193114146e-01
    1.0320673990512632e+00    7.2551336065910454e-01
    1.0322041605656851e+00    6.3081766746792423e-01
    1.0330495929952264e+00    8.7472205945926651e-01
    1.0330645378429941e+00    8.3336827050866458e-01
    1.0333253725000000e+00    1.0000000000000000e+00
    1.0335211798333723e+00    9.5877394458075826e-01
    1.0373501271774159e+00    7.5374758789062746e-01
    1.0399034441825392e+00    5.9765746316295221e-01
    1.0406294149506086e+00    9.7215291316628394e-01
    1.0444570427523074e+00    8.8689847580009185e-01
    1.0456172918583904e+00    8.5655996752339547e-01
    1.0461358984448850e+00    9.3527001340014670e-01
    1.0467872500000002e+00    1.0000000000000000e+00
    1.0470498694916839e+00    9.1854814185759337e-01
    1.0470873094644133e+00    9.0289780138659004e-01
    1.0481629536273678e+00    9.5396885331872383e-01
    1.0482577348013713e+00    9.8609493916716040e-01
    1.0500577898202244e+00    1.7321340754605208e-01
    1.0501972043638312e+00    5.2324706290276224e-01
    1.0533194215610431e+00    8.7423231300662296e-01
    1.0562170983259245e+00    4.6753635271692540e-01
    1.0569856678767922e+00    9.7031059180602541e-01
    1.0573757493892157e+00    8.1133909911873847e-01
    1.0588643623605345e+00    7.7888241435152428e-01
    1.0595311981332871e+00    6.4519570780857816e-01
    1.0603355741448490e+00    9.4183215264046161e-01
    1.0604294159113756e+00    8.9178333889185568e-01
    1.0621805212500000e+00    1.0000000000000000e+00
    1.0622056925517789e+00    9.2642063592601598e-01
    1.0622690383203337e+00    6.7776602363577876e-01
    1.0636671786969674e+00    3.9714726442395093e-01
    1.0637387450893889e+00    7.1006873925453395e-01
    1.0641683971637841e+00    2.5797390158556954e-01
    1.0644557785212008e+00    9.0895061156690826e-01
    1.0645865299395827e+00    7.4248227591960736e-01
    1.0647006381856026e+00    8.3689559532061297e-01
    1.0658420324950761e+00    9.5582375712092948e-01
    1.0660139593588749e+00    3.2806905371070610e-01
    1.0665411790999513e+00    9.8497053508615029e-01
    1.0709647976015619e+00    8.7831493466535693e-01
    1.0717994533314430e+00    8.5988970956443833e-01
    1.0727738137424794e+00    5.6648562049053863e-01
    1.0750702364672433e+00    9.7056228849930548e-01
    1.0768649000577855e+00    9.3997864176922830e-01
    1.0777806815777469e+00    9.2277309947769270e-01
    1.0780289462499999e+00    1.0000000000000000e+00
    1.0801788957395371e+00    8.9215894763492931e-01
    1.0812378032542824e+00    6.1336562284027674e-01
    1.0815424983527919e+00    9.5625412794362119e-01
    1.0818333361218506e+00    9.0717768027518098e-01
    1.0845066772513612e+00    9.8413917551965402e-01
    1.0863062889869384e+00    7.8508341802122372e-01
    1.0892440853503165e+00    8.1290885095923049e-01
    1.0920267283931488e+00    7.5783814629170565e-01
    1.0928911307358944e+00    6.5507360141218562e-01
    1.0931755506839218e+00    9.3239304814635593e-01
    1.0935450345686464e+00    9.1642345304205453e-01
    1.0936777025000000e+00    1.0000000000000000e+00
    1.0939520373105875e+00    9.6779758602752575e-01
    1.0939850031287821e+00    9.4823627797526588e-01
    1.0946529124021491e+00    6.9239351048662778e-01
    1.0955226225468193e+00    7.2618318618689326e-01
    1.0959903548272305e+00    8.4259713004332026e-01
    1.0964911731782807e+00    8.7335703062337910e-01
    1.1009451101768359e+00    9.8363669773386830e-01
    1.1017817291782439e+00    8.9928028130434956e-01
    1.1069522979607955e+00    9.5634606404556077e-01
    1.1089800075000000e+00    1.0000000000000000e+00
    1.1094005877981767e+00    9.2192103737885789e-01
    1.1101563195135253e+00    9.3939792624394047e-01
    1.1139692490645730e+00    9.7014346529640716e-01
    1.1140313897120953e+00    4.4225808050043069e-01
    1.1144026380897978e+00    5.1387204297660072e-01
    1.1144589489805481e+00    7.8548251935422764e-01
    1.1164700964493921e+00    9.8558221164778514e-01
    1.1223503499067329e+00    9.5080721778445054e-01
    1.1234945710928268e+00    8.5493294005125697e-01
    1.1235325050000000e+00    1.0000000000000000e+00
    1.1237902421962314e+00    0.0000000000000000e+00
    1.1244538548877445e+00    8.1962465604391443e-01
    1.1248924441050867e+00    7.4955676330503374e-01
    1.1250237610027738e+00    8.8431027992465605e-01
    1.1253088956871551e+00    7.1179863487550021e-01
    1.1253508351844539e+00    9.0920713736752279e-01
    1.1257191204921997e+00    2.1284336231104281e-01
    1.1269802456181095e+00    6.7371231742869486e-01
    1.1276022749561614e+00    2.9119872789416801e-01
    1.1280352179743947e+00    3.6521092815851314e-01
    1.1282604343859792e+00    5.7549108131767868e-01
    1.1297678230987038e+00    6.2660979925765681e-01
    1.1301803387452667e+00    9.3135536099392369e-01
    1.1317023483311990e+00    9.6582569749347169e-01
    1.1330737686270340e+00    9.8224501012067789e-01
    1.1362688466670838e+00    1.0789556059400846e-01
    1.1394841300000000e+00    1.0000000000000000e+00
    1.1418066066307873e+00    9.5020772921571761e-01
    1.1425785886651294e+00    7.8607221191547294e-01
    1.1524816747590330e+00    8.4138536237533235e-01
    1.1525710046558573e+00    9.0351421626668826e-01
    1.1543221671847339e+00    8.7115462984361680e-01
    1.1553030081244435e+00    7.2813979320298483e-01
    1.1558264762879695e+00    6.9411497723272786e-01
    1.1561558000337564e+00    9.7089063460394720e-01
    1.1566779988478324e+00    9.3356534837737948e-01
    1.1567677041943074e+00    7.5763374084349111e-01
    1.1604827438104621e+00    8.1338187074809642e-01
    1.1605416300000000e+00    1.0000000000000000e+00
    1.1661991081796570e+00    6.5416800594715796e-01
    1.1666967128900281e+00    4.2235086169855451e-01
    1.1752581822282042e+00    4.8270815720815097e-01
    1.1760617698601066e+00    7.8186398281874447e-01
    1.1807978714598728e+00    9.4992544682564750e-01
    1.1830847509162032e+00    9.1652077015755595e-01
    1.1833942354285107e+00    8.8426187955425728e-01
    1.1841700418022385e+00    5.4533226105649057e-01
    1.1848387444878379e+00    7.1374910623186305e-01
    1.1870346451783149e+00    6.0554275187451279e-01
    1.1873188749999999e+00    1.0000000000000000e+00
    1.1876818114699623e+00    8.4499656086450181e-01
    1.1881126313694153e+00    9.7646573290055749e-01
    1.1885482180527440e+00    6.8379917916604527e-01
    1.1888513404182690e+00    7.4800735937586105e-01
    1.1902907029352174e+00    3.2093296674906296e-01
    1.1910272582208834e+00    8.1093569410835675e-01
    1.1924299325124101e+00    2.5401088264771282e-01
    1.1975818237399853e+00    3.7706626224653744e-01
    1.1997159783065687e+00    1.7418158059575853e-01
    1.2073691214201201e+00    7.7874353629693771e-01
    1.2083843720176848e+00    9.3614875362293115e-01
    1.2110199820901226e+00    8.7018716557570641e-01
    1.2118662068089514e+00    6.5497359832072766e-01
    1.2130856591714323e+00    7.2317551099238397e-01
    1.2177711023907181e+00    9.0367784643485394e-01
    1.2179689199999999e+00    1.0000000000000000e+00
    1.2198530542755159e+00    8.1110908265772519e-01
    1.2211356368049435e+00    6.9243247250917994e-01
    1.2213633826768910e+00    9.6743353440488844e-01
    1.2256724658980840e+00    7.5008567538092352e-01
    1.2270324285422041e+00    8.4237182506779718e-01
    1.2306218181727671e+00    4.3489542911068169e-01
    1.2397523845100542e+00    5.0166225454744595e-01
    1.2397716420043587e+00    9.3710064044215424e-01
    1.2400375165321813e+00    7.8144905071934878e-01
    1.2425633631470303e+00    6.2537032116808400e-01
    1.2432154840889151e+00    8.7550122155779508e-01
    1.2450261970009682e+00    7.1651620734745691e-01
    1.2476664791515046e+00    0.0000000000000000e+00
    1.2497720449999998e+00    1.0000000000000000e+00
    1.2518342863877547e+00    8.1389447637736501e-01
    1.2520587161080845e+00    5.6852850358895368e-01
    1.2537850683295508e+00    9.0724812170438951e-01
    1.2540248657898228e+00    2.9294677221029292e-01
    1.2565432629587596e+00    6.7529515286596165e-01
    1.2577056720055182e+00    9.6901284872937843e-01
    1.2578310184222059e+00    7.5043038778359927e-01
    1.2584355984213278e+00    3.6728547964534025e-01
    1.2615116953845191e+00    8.4640515990409360e-01
    1.2641439134662618e+00    2.1494561820391672e-01
    1.2725805567067192e+00    7.8351521897620313e-01
    1.2739098589629390e+00    9.3960776442051797e-01
    1.2790009707653354e+00    8.8014290179919219e-01
    1.2793292844424982e+00    1.0832869324782052e-01
    1.2793624093508646e+00    7.1872096548341369e-01
    1.2812083200000000e+00    1.0000000000000000e+00
    1.2847186624379361e+00    8.1653727828700728e-01
    1.2852218899713872e+00    9.1244969660256214e-01
    1.2896795668961627e+00    7.5161102979425110e-01
    1.2919865595202571e+00    8.5271294362573069e-01
    1.2926111589718607e+00    4.4600786702523709e-01
    1.2927183894454990e+00    9.6766017646744928e-01
    1.2961782052748152e+00    6.3278477678433653e-01
    1.3024655342707947e+00    5.0918170602112001e-01
    1.3031184505179103e+00    6.8675400173336298e-01
    1.3050507222882000e+00    7.7639200677114151e-01
    1.3104997483491552e+00    8.9790543671516809e-01
    1.3116594570255682e+00    9.3445705209317720e-01
    1.3123801700000000e+00    1.0000000000000000e+00
    1.3132970870744711e+00    8.3561049747973715e-01
    1.3156591877040957e+00    3.2761935045626972e-01
    1.3162283218320399e+00    8.0514000253610829e-01
    1.3187077173920749e+00    2.6066266868888877e-01
    1.3206311285400802e+00    3.9250150768237524e-01
    1.3218065699902848e+00    5.7098897036480190e-01
    1.3237331399496857e+00    7.3371476015344150e-01
    1.3239803533043746e+00    9.6811695481617632e-01
    1.3275335927109839e+00    8.6750758368139391e-01
    1.3419072533863416e+00    7.7795816646131333e-01
    1.3429589900000001e+00    1.0000000000000000e+00
    1.3442908505060647e+00    1.8062150564463728e-01
    1.3451297649595251e+00    9.0469793577951774e-01
    1.3463682903804561e+00    9.4196201341827068e-01
    1.3483591674303581e+00    8.2737604348798854e-01
    1.3544721357821139e+00    9.7192021867496814e-01
    1.3554175140330380e+00    6.8458833727468693e-01
    1.3588761049689879e+00    6.2544678102391049e-01
    1.3635531931721965e+00    5.1153325576659403e-01
    1.3680827130729012e+00    4.4331771886074894e-01
    1.3718730898664582e+00    0.0000000000000000e+00
    1.3720309399999999e+00    1.0000000000000000e+00
    1.3751716196565298e+00    7.4371439586283705e-01
    1.3772396697571054e+00    9.2727646383396367e-01
    1.3775778298843746e+00    3.6764063849135786e-01
    1.3783573773934903e+00    8.6598771028031474e-01
    1.3788088201812632e+00    3.0008538255666173e-01
    1.3834404915515390e+00    9.6366002538189433e-01
    1.3854908853971162e+00    7.9879836043429742e-01
    1.3857164295956905e+00    2.3853946479541413e-01
    1.3926440983610422e+00    5.7164241930207693e-01
    1.4037738399999999e+00    1.0000000000000000e+00
    1.4050088630688042e+00    1.0010139233488667e-01
    1.4076746396924147e+00    9.0490063323967740e-01
    1.4125735701187079e+00    7.0155710409208483e-01
    1.4234146342952290e+00    9.5039048227025524e-01
    1.4242183284455563e+00    8.3080728597195630e-01
    1.4251463438731524e+00    6.3678022976810500e-01
    1.4269669828498508e+00    5.1151785739109401e-01
    1.4340826053843603e+00    4.5549504305711525e-01
    1.4369589351828793e+00    3.9249852695950127e-01
    1.4380531733673767e+00    7.6373981689899428e-01
    1.4390005493232032e+00    3.2930237443217308e-01
    1.4449149830309156e+00    1.8640229296068780e-01
    1.4455199399999998e+00    1.0000000000000000e+00
    1.4481901496800191e+00    2.6137829067952517e-01
    1.4511874725024472e+00    8.8364512625332725e-01
    1.4577012149335606e+00    5.7042835855619878e-01
    1.4712026192998333e+00    6.9681849753343184e-01
    1.4793795094811448e+00    9.4098615623202930e-01
    1.4805222646779290e+00    8.2010419983214666e-01
    1.4883222530093707e+00    4.3354330873446811e-01
    1.4951411635788991e+00    6.3292512567906556e-01
    1.4971473271701639e+00    0.0000000000000000e+00
    1.4973770448742951e+00    2.9851349190294785e-01
    1.4981973153346704e+00    5.0233724461208018e-01
    1.4996602499999998e+00    1.0000000000000000e+00
    1.5056823488367674e+00    3.6664085691116038e-01
    1.5062093867065465e+00    7.5554676676335397e-01
    1.5142110336688324e+00    8.8029286315055155e-01
    1.5170961189644963e+00    5.7217444906075876e-01
    1.5224764279427943e+00    1.1646833446749673e-01
    1.5300083861076461e+00    2.2455554371840800e-01
    1.5375810178225813e+00    6.8908472801871790e-01
    1.5437376194637074e+00    4.2978791741763783e-01
    1.5448598669757605e+00    8.1649302269089108e-01
    1.5471257561207485e+00    9.3944230280197238e-01
    1.5614921100000001e+00    1.0000000000000000e+00
    1.5630027041048902e+00    3.1148820221752987e-01
    1.5638845582076286e+00    5.4156779916479969e-01
    1.5667249764188602e+00    6.2191776727913839e-01
    1.5670578346593302e+00    4.8292921833498142e-01
    1.5728213877201735e+00    7.5135036441345138e-01
    1.5778252319519328e+00    3.7651541811961614e-01
    1.5822886554408819e+00    8.7851177126005831e-01
    1.6037842164360661e+00    6.8695117481261148e-01
    1.6105091293355396e+00    8.1399420911840026e-01
    1.6125516140358469e+00    5.7175201665455411e-01
    1.6133877585685652e+00    4.3086161777546100e-01
    1.6215913123693020e+00    9.3994412870408373e-01
    1.6235649209667307e+00    0.0000000000000000e+00
    1.6244963799999999e+00    1.0000000000000000e+00
    1.6254371212479406e+00    2.5745166454973251e-01
    1.6290448063880676e+00    5.0347070783252956e-01
    1.6321337674343765e+00    1.4802787952509236e-01
    1.6387729183175588e+00    7.4927984779953904e-01
    1.6393862203926302e+00    6.2986834988821105e-01
    1.6496619674225430e+00    3.5211903860820842e-01
    1.6502329750517566e+00    8.7667517053468702e-01
    1.6722355603904857e+00    5.6797230274666344e-01
    1.6738986077223850e+00    6.8696996604491489e-01
    1.6761606423745856e+00    8.1175276542598995e-01
    1.6786177059172109e+00    4.3789840149664849e-01
    1.6859940800000000e+00    1.0000000000000000e+00
    1.6906211560017821e+00    5.0905548175130899e-01
    1.6964246428908640e+00    9.3639542450145408e-01
    1.7041116713583995e+00    7.4720672217248818e-01
    1.7099846013371702e+00    6.2424397588987868e-01
    1.7170564780021662e+00    8.7268568600007979e-01
    1.7381909094900858e+00    2.5832462479741675e-01
    1.7388517738695370e+00    5.5762356965440740e-01
    1.7421396825189523e+00    8.0766546055635347e-01
    1.7431990920480382e+00    6.8302482760340344e-01
    1.7433607520765808e+00    3.7350414227076256e-01
    1.7444663365684081e+00    4.7957442657348792e-01
    1.7446361600000000e+00    1.0000000000000000e+00
    1.7496806280219503e+00    0.0000000000000000e+00
    1.7568442210672921e+00    1.2216454520815627e-01
    1.7687967370035445e+00    7.4528145320752215e-01
    1.7722695785480829e+00    9.3011833864578730e-01
    1.7866975258574864e+00    8.6298682557233941e-01
    1.7867780591091562e+00    6.1715238446422160e-01
    1.8091002000000000e+00    1.0000000000000000e+00
    1.8112577409254524e+00    4.3869707884341536e-01
    1.8123622445590926e+00    5.3501369207688410e-01
    1.8266325646812847e+00    7.9524515451558853e-01
    1.8274770557213744e+00    6.9172777508592587e-01
    1.8672170788664124e+00    2.1603821053151517e-01
    1.8677604479977279e+00    3.3983529908303195e-01
    1.8732615262961572e+00    8.8986977653335553e-01
    1.8749571471349364e+00    0.0000000000000000e+00
    1.8873184503602789e+00    1.0195963094096094e-01
    1.8888066155840311e+00    6.0070262308310507e-01
    1.8939541200000001e+00    1.0000000000000000e+00
    1.8992114994595375e+00    4.7231786795025216e-01
    1.9078374647137353e+00    7.4687625961450610e-01
    2.0000000000000000e+00    0.0000000000000000e+00
    2.0000000000000000e+00    1.2504285286506348e-01
    2.0000000000000000e+00    2.5031937197804954e-01
    2.0000000000000000e+00    3.7643507903326939e-01
    2.0000000000000000e+00    5.0285267282983614e-01
    2.0000000000000000e+00    6.2812691013354183e-01
    2.0000000000000000e+00    7.5233352084849536e-01
    2.0000000000000000e+00    8.7620975780376853e-01
    2.0000000000000000e+00    1.0000000000000000e+00
