    0.0000000000000000e+00    0.0000000000000000e+00
    0.0000000000000000e+00    1.2500000000000000e-01
    0.0000000000000000e+00    2.5000000000000000e-01
    0.0000000000000000e+00    3.7500000000000000e-01
    0.0000000000000000e+00    5.0000000000000000e-01
    0.0000000000000000e+00    6.2500000000000000e-01
    0.0000000000000000e+00    7.5000000000000000e-01
    0.0000000000000000e+00    8.7500000000000000e-01
    0.0000000000000000e+00    1.0000000000000000e+00
    0.0000000000000000e+00    1.1250000000000000e+00
    0.0000000000000000e+00    1.2500000000000000e+00
    0.0000000000000000e+00    1.3750000000000000e+00
    0.0000000000000000e+00    1.5000000000000000e+00
    0.0000000000000000e+00    1.6250000000000000e+00
    0.0000000000000000e+00    1.7500000000000000e+00
    0.0000000000000000e+00    1.8750000000000000e+00
    0.0000000000000000e+00    2.0000000000000000e+00
    8.7700014238118615e-02    1.3098307173369217e+00
    1.0107809395028328e-01    8.7484296209021972e-01
    1.0180392630340336e-01    1.1258075696380656e+00
    1.2140240345958130e-01    1.6658715487960305e+00
    1.2168377118136732e-01    6.1121411896909150e-01
    1.2431381301228693e-01    1.5379934324696909e+00
    1.2500000000000000e-01    0.0000000000000000e+00
    1.2500000000000000e-01    2.0000000000000000e+00
    1.2591735008961513e-01    4.7193587141499316e-01
    1.2614467960101675e-01    1.7932185698394003e+00
    1.2708083819901564e-01    2.1671048238290497e-01
    1.2750230642421750e-01    3.4225649115322687e-01
    1.2876230285689583e-01    9.8851155275485825e-02
    1.3207990872958311e-01    1.9056108922086608e+00
    1.3362420006106285e-01    1.4096375676236417e+00
    1.4134893728517231e-01    1.0007394148540363e+00
    1.4406414081758664e-01    7.5111972235446378e-01
    1.6036301483953691e-01    1.2412948992813497e+00
    2.2447576936508518e-01    8.8545732286224299e-01
    2.2889128986630317e-01    1.1144134373578425e+00
    2.3979438460635510e-01    1.7265020849002837e+00
    2.4593670625090491e-01    1.5974128801028884e+00
    2.4744224892761255e-01    5.3635911803443959e-01
    2.5000000000000000e-01    0.0000000000000000e+00
    2.5000000000000000e-01    2.0000000000000000e+00
    2.5038739089131812e-01    6.6061104623185840e-01
    2.5068908962000114e-01    2.7803711138016102e-01
    2.5119115774337586e-01    1.4450743274582192e-01
    2.5124013670451878e-01    4.0793545386641306e-01
    2.5336719836536803e-01    1.4710803838608131e+00
    2.5688305843044723e-01    1.3434078113519978e+00
    2.6139615276225081e-01    1.8681290240807149e+00
    2.7199485315826988e-01    9.9941537047977769e-01
    2.7261287980099930e-01    7.8279369887358319e-01
    2.8251667083284354e-01    1.2194682383653646e+00
    3.4977530153161884e-01    1.7801937144091191e+00
    3.6601071790510642e-01    1.6629055066734959e+00
    3.7194761178222169e-01    1.0036792801760099e+00
    3.7223423786456689e-01    2.1837340258451651e-01
    3.7304844877489907e-01    8.7592711983085136e-01
    3.7401164772385109e-01    4.7315353612299105e-01
    3.7410471822527469e-01    3.4400870530494393e-01
    3.7438410999817884e-01    9.7233665010668185e-02
    3.7451409339279451e-01    7.2433956107914343e-01
    3.7500000000000000e-01    0.0000000000000000e+00
    3.7500000000000000e-01    2.0000000000000000e+00
    3.7505208898390474e-01    1.5405516845267062e+00
    3.7546628646234370e-01    5.9798887754886687e-01
    3.7933345941476021e-01    1.1300250672431795e+00
    3.8219802358420069e-01    1.4125573074707078e+00
    3.8398548218928835e-01    1.2841311415744430e+00
    4.0996425530271935e-01    1.8849277519421144e+00
    4.7188606181663595e-01    1.0003405573382380e+00
    4.7324914738906665e-01    1.7590205192729809e+00
    4.7398054388886207e-01    7.8406944288980118e-01
    4.8619629684815940e-01    1.2269680724489156e+00
    4.9154283736764109e-01    1.4944667815100260e-01
    4.9319659129474724e-01    4.1123754104478949e-01
    4.9475369691822901e-01    1.6297595062864292e+00
    4.9641972640088244e-01    2.7753068809001413e-01
    5.0000000000000000e-01    0.0000000000000000e+00
    5.0000000000000000e-01    2.0000000000000000e+00
    5.0131731691258397e-01    6.6405609183779224e-01
    5.0140020474062064e-01    1.4959555453637048e+00
    5.0221290750749747e-01    5.3975544495799788e-01
    5.1227983125998799e-01    1.3574562834887496e+00
    5.2098680097044714e-01    8.8607570459586238e-01
    5.2345062439518275e-01    1.1143596311837096e+00
    5.4351081264363155e-01    1.8728830649999069e+00
    5.9268462253710463e-01    1.0795746854025479e-01
    5.9956300766141424e-01    9.9787957620531997e-01
    6.0285000926089782e-01    7.6439776881097654e-01
    6.0484319574771428e-01    3.5230905631088422e-01
    6.0712745171956495e-01    1.7365800379939171e+00
    6.1932848518117045e-01    1.2224306681435901e+00
    6.2006411527762550e-01    4.7910749433083200e-01
    6.2057657475210515e-01    1.5933710729879165e+00
    6.2500000000000000e-01    0.0000000000000000e+00
    6.2500000000000000e-01    2.0000000000000000e+00
    6.2745651297378147e-01    1.4625760123600278e+00
    6.3041426688964353e-01    6.1798817174246456e-01
    6.3053189725184067e-01    2.3327510302912985e-01
    6.4141638737342410e-01    1.3429497686876637e+00
    6.4760345166260902e-01    8.9232180568801012e-01
    6.5156731449306615e-01    1.0980359268843001e+00
    6.6604971554898429e-01    1.8764189483409126e+00
    7.0939937876309822e-01    1.2283007491553623e-01
    7.2122003530507173e-01    7.3437848682135842e-01
    7.2654201595234691e-01    3.8422074752640811e-01
    7.3581307615717795e-01    1.7726386967177290e+00
    7.4268221622575414e-01    1.6562041984416733e+00
    7.4544128391339448e-01    8.4344572357655612e-01
    7.4623503859238627e-01    5.1912172791007338e-01
    7.4769051728442715e-01    9.9590306044761856e-01
    7.4951221041318206e-01    1.5303108734086643e+00
    7.5000000000000000e-01    0.0000000000000000e+00
    7.5000000000000000e-01    2.0000000000000000e+00
    7.5041630545804938e-01    1.1504097647279434e+00
    7.5345247442466234e-01    1.2749372572792861e+00
    7.5696553452812254e-01    1.4045222351454740e+00
    7.5946732761442937e-01    6.4229244165598942e-01
    7.6673547693719002e-01    2.4859221890298783e-01
    7.9522894768612629e-01    1.8803108894954470e+00
    8.3069559613727872e-01    1.2446062163057525e-01
    8.4057986687987529e-01    8.8510602382562509e-01
    8.4516203829915038e-01    3.5846176795166174e-01
    8.5720733108229630e-01    6.0458893075302056e-01
    8.5912979674989731e-01    1.0927585737033159e+00
    8.6537804787605799e-01    1.7317244067098574e+00
    8.6628040651406224e-01    7.4554343184353933e-01
    8.7223826512222979e-01    1.5935195263208712e+00
    8.7500000000000000e-01    0.0000000000000000e+00
    8.7500000000000000e-01    2.0000000000000000e+00
    8.7706461441182715e-01    1.4616234638275276e+00
    8.7712771246862908e-01    1.2088216840539221e+00
    8.7715172337882086e-01    1.3327741687132759e+00
    8.8300620871559299e-01    4.8249564542682383e-01
    8.8941817095475162e-01    9.9003076575131543e-01
    9.0168921362428367e-01    2.4454332085229014e-01
    9.0474340770355399e-01    1.8629845110525771e+00
    9.5498523754160758e-01    8.6499659311372890e-01
    9.5634428927042969e-01    1.2377997777219789e-01
    9.6635090143599867e-01    6.2322105552052887e-01
    9.6929891567813886e-01    3.7239738397997230e-01
    1.0000000000000000e+00    0.0000000000000000e+00
    1.0000000000000000e+00    1.0000000000000000e+00
    1.0000000000000000e+00    1.1250000000000000e+00
    1.0000000000000000e+00    1.2500000000000000e+00
    1.0000000000000000e+00    1.3750000000000000e+00
    1.0000000000000000e+00    1.5000000000000000e+00
    1.0000000000000000e+00    1.6250000000000000e+00
    1.0000000000000000e+00    1.7500000000000000e+00
    1.0000000000000000e+00    1.8750000000000000e+00
    1.0000000000000000e+00    2.0000000000000000e+00
    1.0137738876148366e+00    7.4630016793764242e-01
    1.0227887134165528e+00    5.0028952731000420e-01
    1.0291084226639595e+00    2.5091482218364902e-01
    1.0778601607668510e+00    8.7422823580484965e-01
    1.0809574377204232e+00    1.2645012928267627e-01
    1.0966382846581455e+00    6.2717459949226928e-01
    1.0982319219257832e+00    3.7881241813771371e-01
    1.1250000000000000e+00    0.0000000000000000e+00
    1.1250000000000000e+00    1.0000000000000000e+00
    1.1473437815879988e+00    7.5305924025019433e-01
    1.1543454112368272e+00    5.0582109466568936e-01
    1.1556121219999866e+00    2.5464178620337141e-01
    1.2052009796810357e+00    1.2470436739553938e-01
    1.2064998957706707e+00    8.7976767283111235e-01
    1.2329243511352632e+00    3.8245657067916394e-01
    1.2366617926589509e+00    6.4045455090885450e-01
    1.2500000000000000e+00    0.0000000000000000e+00
    1.2500000000000000e+00    1.0000000000000000e+00
    1.2718802570581000e+00    5.1388875946254553e-01
    1.2739176808124142e+00    7.6586989707209963e-01
    1.2787994554312765e+00    2.4476801200351886e-01
    1.3341619134376206e+00    1.2209681670844869e-01
    1.3442359230604750e+00    8.7716540794958575e-01
    1.3565400913340411e+00    3.4796166849248245e-01
    1.3710108313771427e+00    6.0127894040385632e-01
    1.3750000000000000e+00    0.0000000000000000e+00
    1.3750000000000000e+00    1.0000000000000000e+00
    1.3788622517657860e+00    4.6379661580913017e-01
    1.3970520626797589e+00    7.4443381781970785e-01
    1.4114220228857848e+00    2.4039481660018108e-01
    1.4676703991874505e+00    1.2119644255101496e-01
    1.4866350608544960e+00    8.8020591433940876e-01
    1.4868775166098565e+00    6.4737052980716725e-01
    1.4871772862519046e+00    3.7916438902749994e-01
    1.4946601785815337e+00    5.2035671499470815e-01
    1.5000000000000000e+00    0.0000000000000000e+00
    1.5000000000000000e+00    1.0000000000000000e+00
    1.5334472121365845e+00    2.4689057828222469e-01
    1.5354415997287150e+00    7.6100645953757939e-01
    1.6073979273373287e+00    1.3157695979775513e-01
    1.6084495530612699e+00    6.0600102251225008e-01
    1.6132257095751750e+00    3.5898098733473205e-01
    1.6185058254453495e+00    4.7192684814375718e-01
    1.6250000000000000e+00    0.0000000000000000e+00
    1.6250000000000000e+00    1.0000000000000000e+00
    1.6386760247834680e+00    8.6604929119125418e-01
    1.6496309654479342e+00    7.3511480812362551e-01
    1.6580715281659091e+00    2.5747332330295614e-01
    1.7308328324290472e+00    6.4349691529889830e-01
    1.7396445247962689e+00    5.1823459940052885e-01
    1.7401269063767748e+00    1.0161906911614933e-01
    1.7500000000000000e+00    0.0000000000000000e+00
    1.7500000000000000e+00    1.0000000000000000e+00
    1.7524272571758854e+00    3.7274102895855721e-01
    1.7581504247996831e+00    2.2223915376841025e-01
    1.7719047190249395e+00    8.9189631459295626e-01
    1.7726934893758151e+00    7.6615086240587338e-01
    1.8498317663218040e+00    6.1780597715190966e-01
    1.8652219641126579e+00    2.7416331180985920e-01
    1.8699167335795599e+00    5.0106080253413632e-01
    1.8729160434004120e+00    1.4340956881975317e-01
    1.8750000000000000e+00    0.0000000000000000e+00
    1.8750000000000000e+00    1.0000000000000000e+00
    1.8861515802733804e+00    8.5032423620416886e-01
    1.8913654567761891e+00    3.8637792339010330e-01
    1.8919698829535385e+00    7.2198047251652298e-01
    2.0000000000000000e+00    0.0000000000000000e+00
    2.0000000000000000e+00    1.2500000000000000e-01
    2.0000000000000000e+00    2.5000000000000000e-01
    2.0000000000000000e+00    3.7500000000000000e-01
    2.0000000000000000e+00    5.0000000000000000e-01
    2.0000000000000000e+00    6.2500000000000000e-01
    2.0000000000000000e+00    7.5000000000000000e-01
    2.0000000000000000e+00    8.7500000000000000e-01
    2.0000000000000000e+00    1.0000000000000000e+00
