    0.0000000000000000e+00    0.0000000000000000e+00
    0.0000000000000000e+00    5.5274163200000004e-01
    0.0000000000000000e+00    1.0442680960000001e+00
    0.0000000000000000e+00    1.5162913920000001e+00
    0.0000000000000000e+00    2.0000000000000000e+00
    4.8506478468120517e-01    1.4402332748603148e+00
    4.9965419670588235e-01    2.0000000000000000e+00
    5.2129687281281178e-01    9.2440917482271201e-01
    5.5201527439999998e-01    0.0000000000000000e+00
    7.2694449417480855e-01    4.8012688615553983e-01
    9.6070309359999995e-01    0.0000000000000000e+00
    1.0000000000000000e+00    1.0000000000000000e+00
    1.0000000000000000e+00    1.2719675397647059e+00
    1.0000000000000000e+00    1.6123509967058824e+00
    1.0000000000000000e+00    2.0000000000000000e+00
    1.1875286611620457e+00    4.8770753292496433e-01
    1.2582270287999999e+00    0.0000000000000000e+00
    1.3024033040000000e+00    1.0000000000000000e+00
    1.4776196816000000e+00    0.0000000000000000e+00
    1.4804827756666217e+00    7.1201580424120536e-01
    1.4927696924005276e+00    4.5319706957472017e-01
    1.5210852939218524e+00    2.2509425943626801e-01
    1.5447356560000001e+00    1.0000000000000000e+00
    1.6413904079999999e+00    0.0000000000000000e+00
    1.6725463708460984e+00    5.6344080706846977e-01
    1.7046510835659789e+00    4.0566134053744568e-01
    1.7149068665657874e+00    2.7150997894222401e-01
    1.7357001851479790e+00    1.3740790273276160e-01
    1.7623351637942419e+00    7.4014568097768874e-01
    1.7665129360000000e+00    1.0000000000000000e+00
    1.7682572248000001e+00    0.0000000000000000e+00
    1.8437060331185366e+00    5.3136086208966560e-01
    1.8531496802978220e+00    2.4049500141089686e-01
    1.8722939746917189e+00    3.7799149574929936e-01
    1.8822981048000000e+00    0.0000000000000000e+00
    1.8954907518912618e+00    1.1922398368330306e-01
    2.0000000000000000e+00    0.0000000000000000e+00
    2.0000000000000000e+00    2.5000000000000000e-01
    2.0000000000000000e+00    5.0000000000000000e-01
    2.0000000000000000e+00    6.2261558559999997e-01
    2.0000000000000000e+00    7.8760124960000000e-01
    2.0000000000000000e+00    1.0000000000000000e+00
